A4GALT,0.23451347337819842
A4GNT,0.21321462884586356
AACS,1.3966436419405335
AADAC,0.1928827681946058
AADAT,0.4339152310188585
AAK1,0.7787589225573176
AANAT,0.0847905839237731
AARS,17.02175823990295
AARS2,0.35935768401614976
AASDH,0.4464443613696116
AASDHPPT,0.6598640994711656
AASS,0.006001859862190139
AATK,32.30717794312669
ABAT,2.3809744509632127
ABCA1,0.5055830137061977
ABCA3,0.6108963516615932
ABCA4,0.0035201072532715988
ABCA8,0.018062103642897395
ABCB1,0.44788692731482344
ABCB11,0.009427415873393973
ABCB4,0.018625848623881287
ABCB6,5.644711207763554
ABCC1,0.06869060929014999
ABCC11,0.07317882328745352
ABCC2,0.7211667351774557
ABCC3,3.1611990152646907
ABCC4,0.6437716366842325
ABCC5,1.1813029721662371
ABCC8,0.015092856184359309
ABCC9,0.01276709138420872
ABCD1,5.66044525514471
ABCD2,0.020586703540906623
ABCD3,2.044627223851994
ABCG2,0.45395940340308394
ABCG5,1.2713802635918894
ABCG8,0.026673876708283938
ABHD12,1.1808247131068204
ABHD5,63.041037419991916
ABHD6,0.7789377466301872
ABL1,0.7946097507052133
ABL2,0.7462123998814771
ABO,0.18994671399206675
ACAA1,67.43898903917857
ACAA2,5.115213103897416
ACACA,0.4302436735066395
ACACB,0.4751829198683016
ACAD10,1.2799692378326404
ACAD11,2.0225554864751234
ACAD8,2.9406364816747694
ACAD9,13.748995313566011
ACADL,2.0884998888909356
ACADM,0.8449297180832652
ACADS,1.883023063157803
ACADSB,2.4521309812439314
ACADVL,111.32865826719495
ACAT1,0.7991673640145864
ACAT2,1.4325867694697474
ACE,0.05903018226852776
ACE2,0.02713749591444048
ACER1,0.061624962073558096
ACER2,0.04028940478382531
ACER3,6.080124891604416
ACHE,1.468205970056024
ACLY,5.477243285407408
ACMSD,0.10436447862188088
ACO1,0.38501852145522175
ACO2,4.299412051127063
ACOT1,1.547678599380125
ACOT11,0.015047829046176409
ACOT12,0.09846384054416166
ACOT13,2.095527175545636
ACOT2,0.19532237998176347
ACOT4,0.0487356667802995
ACOT6,0.009586111032012986
ACOT7,0.6803402915775414
ACOT8,8.305258255637275
ACOX1,7.160541573733829
ACOX2,0.04800056840909209
ACOX3,0.968537891095145
ACP1,600.5144357145361
ACP2,0.4745803768544491
ACP4,0.0036202735317779565
ACP5,4.529120899099813
ACP6,1.1278677789703992
ACP7,0.44999467512671487
ACPP,1.9689196285775483
ACSBG1,0.04800056840909209
ACSBG2,0.3354345050980549
ACSF2,0.44316174937524544
ACSF3,0.8874248019274951
ACSL1,1188.663246866619
ACSL3,0.8945347056734562
ACSL4,5.762645839899093
ACSL5,1.1569141285172144
ACSL6,0.5564625838386084
ACSM1,0.015456719436828427
ACSM2A,0.0585122933778039
ACSM2B,0.004559421791717807
ACSM3,0.08110743031294707
ACSM4,0.0110445973738013
ACSM5,0.017801037203287177
ACSS1,0.7991673640145864
ACSS2,3.9647631297661188
ACSS3,0.028419458401535223
ACVR1,0.7497277373335937
ACVR1B,4.9505787405630475
ACVR1C,0.019399631647385965
ACVR2A,0.13780840875167516
ACVR2B,0.01333555477978225
ACVRL1,0.4591355388311272
ACY1,5.543718479851827
ACY3,0.6340217698676932
ACYP1,0.15330921038773032
ACYP2,0.13004228889526787
ADA,0.8828036804537814
ADCY1,0.006871192141064071
ADCY10,0.009435881911713883
ADCY2,0.021128740445104204
ADCY3,4.300044421821793
ADCY4,1.9239173694743552
ADCY5,0.05441891654071232
ADCY6,0.11449840772379384
ADCY7,3.579425162512256
ADCY8,0.10844658669179806
ADCY9,0.22330018947857444
ADH1A,15.260920881477592
ADH1B,0.11630414678606633
ADH1C,0.03733119117210008
ADH4,3.1026068878428408
ADH5,35.05045576656467
ADH6,0.0022120943248384924
ADH7,0.11332845673771044
ADHFE1,0.292887638768153
ADI1,4.739691592906677
ADK,0.42679706498753756
ADO,1.2003708167356515
ADPGK,44.71055597322944
ADPRH,2.2861315662456474
ADSL,53.66054463537923
ADSS,12.947426742771206
ADSSL1,0.0753270791336807
AFMID,0.2901376678024932
AGA,4.995502982352943
AGK,0.481811621811037
AGL,0.026617395156697053
AGMAT,0.12067663955302627
AGPAT1,5.835265279020922
AGPAT2,56.324637804940714
AGPAT3,3.3385502766915827
AGPAT4,0.0841026614382208
AGPAT5,0.30530433617707586
AGPS,2.150174902693181
AGT,0.2412497888070797
AGXT,1.1981950333722313
AGXT2,0.07273189725255508
AHCY,563.5398788056713
AHCYL1,3.6384301146225813
AHCYL2,0.3063885762153272
AICDA,0.045456855870435214
AK1,61.48546628938287
AK2,61.515155364272104
AK3,1.543099569852709
AK4,0.7449159072771998
AK5,0.10374421016935856
AK7,0.006933481931328729
AKR1A1,17.123277800183985
AKR1B1,6.020591056704302
AKR1B10,0.013996374216139475
AKR1B15,2.0793115605776
AKR1C1,0.1323577929551431
AKR1C2,0.04514452195810631
AKR1C3,2.2046106645098673
AKR1C4,0.008019901479805807
AKR1C8P,0.3354345050980549
AKR1D1,3.5763124860476507
AKR7A2,41.05995118700074
AKR7A3,0.07067073657380246
AKT1,0.7494381632947754
AKT2,0.4769953070949608
AKT3,0.2544480046054985
ALAD,40.114845745769514
ALAS1,19.013926228682603
ALAS2,1550.751257788522
ALB,70.0017793015632
ALDH18A1,4.7521491935582105
ALDH1A1,3.1788156548600304
ALDH1A2,0.2930651734990109
ALDH1A3,0.005049968066531428
ALDH1B1,0.15273881413611282
ALDH1L1,0.03470496152126686
ALDH1L2,0.6571376667460037
ALDH2,241.26539016281384
ALDH3A1,1.3971211009564548
ALDH3A2,5.78700692508426
ALDH3B1,10.47036550792449
ALDH3B2,2.5826738314391022
ALDH4A1,0.6221562487064674
ALDH5A1,0.7236662137657731
ALDH6A1,0.18317183277563265
ALDH7A1,0.32114255974957057
ALDH9A1,142.16475351643962
ALDOA,2279.494298936154
ALDOB,0.033534873364479516
ALDOC,2.8547502836742837
ALG1,0.6679563020801362
ALG10,0.12407879196530029
ALG11,0.0934786963076017
ALG12,1.2788912254020481
ALG13,0.8166844289655517
ALG14,0.06876065140308484
ALG1L,0.5320291266410132
ALG1L2,0.08841914268605557
ALG2,6.287924156722582
ALG3,0.23071912569539893
ALG5,2.2376031392410627
ALG6,1.2681176992834864
ALG8,0.7860103300055394
ALG9,0.08302148418046121
ALK,0.001296206087389058
ALLC,0.09874098907430014
ALOX12,10.420606296523392
ALOX12B,0.012529495426635616
ALOX15,0.418087264859336
ALOX15B,3.7410061550514495
ALOX5,403.58416723520725
ALPG,2.1334538652401167
ALPI,0.09522613776587274
ALPL,1220.558567185661
ALPP,0.12394730653401177
AMACR,9.108725736718682
AMD1,38.71217462849513
AMDHD1,0.21543919721484606
AMDHD2,1.8909656506664485
AMFR,0.09048342812872519
AMHR2,0.027956533978448286
AMN,0.07140721044243493
AMPD1,0.09834396040190405
AMPD2,7.837277783713557
AMPD3,4.43700263732268
AMT,1.035865526144005
AMY1A,2.6438139326066277
AMY1B,2.6438139326066277
AMY1C,2.6438139326066277
AMY2A,0.01492784356027941
AMY2B,1.2074758740372065
ANAPC11,4.830944676611064
ANGPTL4,0.04803553964945405
ANKRD1,1.429851622864203
ANPEP,156.40482937668276
ANXA3,3318.941778615572
AOAH,69.77106051515229
AOC1,0.08035843531061586
AOC2,2.449546135179245
AOC3,1.7161493673511834
AOX1,0.008363386759904775
APOA1,0.06953120114256217
APOA2,0.15543026888001796
APOA5,0.11645175048604357
APOB,1.4927272133171663
APOC1,0.07410379068951313
APOC2,27.211319250515267
APOC3,46.87519708233557
APOE,0.9116086105657002
APRT,136.0181491674168
AQP1,2.5030555011302402
AQP10,8.33285178962844
AQP2,0.009874641136225212
AQP3,2.340655943488674
AQP4,0.1365233098561372
AQP5,1.113535437868504
AQP7,0.005112394388032585
AQP8,0.017721281922567212
AQP9,1542.5103821051096
ARAF,0.9883325562216178
ARCN1,52.22419295706813
ARG1,185.37243991958567
ARG2,1.9672081837295496
ARSA,20.309693458796293
ARSB,0.5865182286795816
ART1,12.508037072622695
ART3,0.0720340016917573
ART4,0.02566050693374783
ART5,0.023133805031477692
AS3MT,0.3940862047910371
ASAH1,140.01563666902288
ASAH2,0.03628414613805233
ASH1L,0.0023804130894846324
ASL,70.50895493674919
ASMT,0.0566304971118221
ASNS,58.737903763517494
ASPA,0.009968391036312902
ASPG,0.010398839966822703
ASPH,63.11997008211151
ASRGL1,0.255842637299169
ASS1,1.1211644546197213
ATE1,0.6854060908553357
ATIC,24.487879255300644
ATM,0.25164712194408806
ATP10A,0.4600774837352494
ATP11A,4.728985136797273
ATP11C,0.42633070078025664
ATP1A1,5.906972270880055
ATP1A2,0.7860103300055394
ATP1A3,0.4600774837352494
ATP1A4,0.0020082415285650876
ATP1B1,0.8199729909117149
ATP1B2,0.2444106165702881
ATP1B3,7.980702207394126
ATP1B4,0.0025177844787165693
ATP2B1,1.81568923010333
ATP2B2,0.03527518264026408
ATP2B3,0.009196401038170827
ATP2B4,18.952400424458443
ATP4A,0.00586911419481926
ATP4B,0.2703572249398832
ATP5F1A,124.53265572432873
ATP5F1B,167.30632217246165
ATP5F1C,21.50971022167614
ATP5F1D,155.46511749348954
ATP5F1E,125.55773209538297
ATP5MC1,4.311892001287344
ATP5MC2,2.868050998110428
ATP5MC3,5.997867959791037
ATP5ME,117.38991896387836
ATP5MF,1.481717785000078
ATP5MG,179.57272888452187
ATP5MGL,23.718922705117464
ATP5PB,5.524565248774745
ATP5PD,6.7181129554220975
ATP5PF,4.959033242795014
ATP5PO,42.13932100131758
ATP5S,0.3354345050980549
ATP6V0A1,0.4802715200777618
ATP6V0A2,0.08676911819989365
ATP6V0A4,0.002672524939607364
ATP6V0B,164.86287224284717
ATP6V0C,415.45822739471697
ATP6V0D1,800.120948015083
ATP6V0D2,0.004144037557446489
ATP6V0E1,510.09498092437457
ATP6V1A,117.17090792498477
ATP6V1B1,0.016640154255696274
ATP6V1B2,1585.99622741128
ATP6V1C1,16.32568533087388
ATP6V1C2,0.08445144020346879
ATP6V1D,9.006527172897727
ATP6V1E1,99.82183353518937
ATP6V1E2,0.2626995058542242
ATP6V1F,12.483685901100591
ATP6V1G1,15.466476925378398
ATP6V1G2,1.2101508146795485
ATP6V1G3,0.03828000517619436
ATP6V1H,3.47383468703189
ATP7A,0.9043959737955769
ATP7B,0.02730948683075167
ATP8A1,0.7612933959249426
ATP8B1,0.01564360179923222
ATP8B2,2.7931270435286373
ATR,0.003079871879324178
AUH,0.4674859721462084
AURKA,0.0022874366572383995
AURKB,0.1767647715541505
AURKC,0.05935372208948788
AWAT1,0.0633604788899994
AWAT2,0.6905945531355334
AXL,0.00016672127274655726
AZIN2,0.7963414524148358
B3GALNT1,0.10084648601535906
B3GALNT2,0.03360159254233685
B3GALT1,0.014374574232606805
B3GALT2,0.0150538316399192
B3GALT4,7.225294051006149
B3GALT5,0.005297658005462211
B3GALT6,2.2440341968639004
B3GAT1,0.6491905902613128
B3GAT2,0.020965621160521277
B3GAT3,9.355039274350418
B3GLCT,0.7866139610071975
B3GNT2,5.502712948728942
B3GNT3,0.016224192329439672
B3GNT4,0.05052696981869987
B3GNT5,1.4693037678578058
B3GNT6,0.3354345050980549
B3GNT7,0.14385321407261487
B3GNT8,47.43182011710706
B3GNT9,0.8148919603711482
B3GNTL1,5.881981087187106
B4GALNT1,0.03581297371594567
B4GALNT2,0.08753139082536945
B4GALNT3,0.939498918408014
B4GALNT4,0.11555784679335938
B4GALT1,37.78437340870801
B4GALT2,0.1810874163907277
B4GALT3,13.252402104155504
B4GALT4,1.2133617722433234
B4GALT5,113.89677392118817
B4GALT6,0.019679201001483262
B4GALT7,3.364251817726473
B4GAT1,2.277812689362301
BAAT,0.2252036456765304
BARD1,0.13347760197245992
BBOX1,0.022101440755583138
BCAP31,864.1642045595081
BCAT1,2.187247325886059
BCAT2,0.7271673954321181
BCHE,0.0072651117461882166
BCKDHA,2.0595073529110652
BCKDHB,0.1402222228723434
BCKDK,11.644853040706062
BCO1,0.06461878427195712
BCR,0.13852074325569033
BDH1,0.38800034189654603
BDH2,0.4005544677866429
BHMT,9.628605885429819
BHMT2,0.141990334656717
BIRC6,0.37347556427251066
BLK,0.9307067060742873
BLVRA,131.5588794539536
BLVRB,2124.533046262063
BMP1,0.20257667964930928
BMP2K,0.11652857820289193
BMPR1A,0.02966313669618762
BMPR1B,0.0014318029569532576
BMPR2,0.3569878025600876
BMX,13.75240566417999
BPGM,13.660961963832962
BPNT1,1.7150288631336528
BRAF,2.0089087434724986
BRAP,0.11042150258654468
BRPF1,1.6864887301803715
BRSK1,0.09466326975298726
BRSK2,0.0396408344174629
BSCL2,7.354101210666595
BSG,48.557766355676556
BTD,1.2235371847198597
BUB1,0.1807125559695945
BUB1B,0.0007838400960870503
C1GALT1,2.4889283640431485
CA1,11.984416424612872
CA12,0.3449882685839682
CA13,1.3180502375005336
CA14,0.009438704147005686
CA2,13.759776780698502
CA3,0.559844885587359
CA4,73.2976290495528
CA5A,0.08417582761312976
CA5B,0.11665231165981607
CA6,0.008599923887483764
CA7,0.02128260105517896
CA8,0.0053788181269856915
CA9,0.3375599974389968
CAD,3.580392728862913
CALM1,47.2062831173788
CAMK1,2.0279084128554787
CAMK1D,17.38495974021076
CAMK1G,0.008546975576491792
CAMK2A,0.18321355312496207
CAMK2B,0.13379777540563054
CAMK2D,11.821909128731926
CAMK2G,10.898720042539356
CAMK4,0.33964246586267083
CAMKK1,14.365960855686227
CAMKK2,76.30139481522468
CANT1,35.56161340788856
CARM1,6.230115673136333
CARNS1,0.19570109756184167
CARS,8.581732248115108
CARS2,10.536558670995527
CASK,0.4815591498347513
CAT,174.99141047207692
CBLC,0.0519195983521084
CBLL1,1.889830725655665
CBLL2,0.027434690025870352
CBR1,0.9914351792470346
CBR3,4.718055117358285
CBR4,5.80273278572769
CBS,5.796389514694271
CBSL,0.3354345050980549
CBX1,26.064104734746262
CCNB1IP1,0.5487417940233812
CD36,9.31301623507967
CD38,0.40958678827904144
CDA,1332.7279806390766
CDC14A,0.43053039225096706
CDC14B,0.3242566622964948
CDC25A,0.005203612900703797
CDC25B,8.42261382655486
CDC25C,0.022689698115592707
CDC34,10.115124267656523
CDC42BPA,0.01667233626252623
CDC42BPB,0.06323956739273785
CDC42BPG,0.17460445310362155
CDC7,0.18050434443917915
CDIPT,60.294688629032564
CDK1,0.03722971937030459
CDK10,2.1901399583137984
CDK11A,8.043726249361027
CDK11B,4.462330851132724
CDK12,2.8589446829496037
CDK13,2.228369717280529
CDK14,1.2568184662182154
CDK15,0.43740773339117117
CDK16,6.619326680814601
CDK17,1.2224655617139577
CDK18,0.2270728074177375
CDK19,1.9814762073845376
CDK2,1.309120567382586
CDK20,0.05470343641137635
CDK3,4.5730824075095216
CDK4,0.40691226549160514
CDK5,4.82046225897036
CDK6,0.5277481599952689
CDK7,13.948538895298176
CDK8,0.37018483552464104
CDK9,14.103362752334371
CDKL1,0.3125896353924797
CDKL2,0.01343603426782147
CDKL3,0.0070501344468803465
CDKL4,0.0124926335095224
CDKL5,0.11709040807784783
CDKN3,0.08456446820332371
CDO1,0.14405529325707153
CDS1,0.08302148418046121
CDS2,12.187316226353367
CDY1,0.256335927830294
CDY1B,0.256335927830294
CDY2A,0.04923577690024244
CDY2B,0.04923577690024244
CEL,0.41608779282463026
CEPT1,0.6224192261800356
CERCAM,0.25340269050087283
CERK,17.681773449214777
CERS1,0.046221527645142355
CERS2,30.40917227248517
CERS3,0.0170147812732596
CERS4,4.187046607222346
CERS5,4.3551074450117655
CERS6,0.5405541164066822
CES1,8.10556816933675
CES2,2.21445790489121
CES3,0.004909881519365354
CES5A,0.03703753789261324
CFTR,0.0024066668436103934
CH25H,0.2890978683874621
CHAT,0.014545141103376102
CHD9,0.1655980142814438
CHDH,0.020133837625466566
CHEK1,0.017105116917022007
CHEK2,0.27234758002005754
CHFR,5.534081562464091
CHI3L1,34.24493725331667
CHIA,0.014145113142629716
CHIT1,0.7743955461696678
CHKA,0.7402326712176609
CHKB,19.375918399344215
CHMP4A,11.630432176434448
CHPF,0.33946144541102063
CHPF2,13.355143986582856
CHPT1,19.970894887514213
CHST1,0.05562946998218538
CHST10,0.08679137452510938
CHST11,9.663963597095378
CHST12,1.8128686534805134
CHST13,9.152160018520114
CHST14,0.07225978439241602
CHST2,6.813816220026491
CHST3,0.016045485449501868
CHST4,0.008856909859486402
CHST5,0.02820417174044708
CHST6,0.05918317835027338
CHST7,0.4946294450694844
CHST8,0.06343544009620464
CHST9,0.009826391403824018
CHSY1,7.063022342002218
CHSY3,0.3806140287426163
CHUK,0.27684548151980526
CHURC1-FNTB,3.2507362769424972
CIDEA,0.3261466052049245
CINP,0.19390849813766645
CIT,0.030386333733576108
CKB,1.6624747987567403
CKM,11.07704130083537
CKMT1A,1.8694627886660367
CKMT1B,0.020959350672586953
CKMT2,0.4889271611418587
CLC,1.99518626177988
CLCF1,0.4239998891949235
CLK1,1.2777416482091601
CLK2,4.88235289967407
CLK3,0.6899430350416862
CLK4,0.3228073551774021
CLOCK,0.18663886349575592
CLPS,0.7895497741095024
CLTRN,0.5786685643266595
CLYBL,0.051902476047726465
CMA1,0.7504889198679588
CMAHP,0.2593335968347423
CMAS,2.806274381654783
CMPK1,61.01529491842326
CMPK2,0.15649223363112652
CMTR1,1.9057278312178059
CNDP1,0.0330683302674322
CNDP2,4.192718565423112
CNOT4,0.8822904189418751
CNP,2.6621067090586745
COASY,220.9711939748231
COL4A3BP,1.5468767066097893
COLGALT1,37.38885872757125
COLGALT2,0.015119880970861931
COMT,6.764253669293039
COMTD1,30.158781844859764
COP1,0.4785008438550989
COPA,70.62540821581425
COPB1,58.14414901758779
COPB2,25.072602019907958
COPE,262.41881977458536
COPG1,71.01202917083563
COPG2,6.969238220986039
COQ2,1.112237344398791
COQ3,1.8665846137205147
COQ5,0.2916790223818382
COQ6,0.3147392953359628
COQ7,0.03517830845438393
COX1,7.766401376158287
COX17,3.0376434926409597
COX2,5.3369352212394165
COX3,0.33446363282071023
COX4I1,89.96660698666307
COX4I2,0.04052870022804992
COX5A,21.53422681348817
COX5B,93.00417770286742
COX6A1,3.898185089955786
COX6A2,1.6068057327339862
COX6B1,33.02574413603963
COX6B2,0.2884981892091734
COX6C,1.8691664516569058
COX7A1,0.7191679738106065
COX7A2,10.88420535024972
COX7A2L,4.075077215083118
COX7B,2.52072920543021
COX7B2,0.3354345050980549
COX7C,12.708713422007476
COX8A,115.45643250869054
COX8C,0.7410518340738615
CP,0.002751554689600705
CPA1,0.45772309899232777
CPA2,0.2693605594888227
CPA5,0.00837449836425793
CPA6,0.009529074266559386
CPOX,7.094465843949691
CPS1,0.010886273913227143
CPT1A,0.1045512810590284
CPT1B,5.829289774286812
CPT1C,0.04220894151189655
CPT2,7.514642744507776
CRAT,1.5627365828890931
CREBBP,0.1193595871650521
CRLS1,1.106947510529864
CROT,0.42233792673626125
CS,468.4133022904954
CSAD,5.66044525514471
CSF1R,6.305720143534595
CSGALNACT1,14.781895053366192
CSGALNACT2,49.55522314254701
CSK,137.37233315934807
CSNK1A1,8.446133176246725
CSNK1A1L,0.6669668815383949
CSNK1D,78.42079790858334
CSNK1E,0.11475410979620655
CSNK1G1,1.0332449043757481
CSNK1G2,19.47620217078114
CSNK1G3,0.9706165422833983
CSNK2A1,32.767477741018936
CSNK2A2,31.48240513448853
CSNK2B,134.54911598401253
CTBP1,13.190162459002886
CTDP1,2.8569415012964643
CTDSP1,130.30906294687344
CTDSP2,62.09605859495409
CTDSPL,2.7346610493528756
CTDSPL2,0.1459399389969592
CTGF,0.3354345050980549
CTH,0.03410254128431827
CTPS1,0.515611504996886
CTPS2,0.1411892892848153
CTSA,211.25569693191895
CTSB,102.86727605637371
CTSC,21.652278255835263
CTSD,802.9342301957173
CTSE,0.30717936139765983
CTSF,1.3264360102375794
CTSG,0.24047124196240213
CTSH,21.28490574746841
CTSK,4.054990496191933
CTSL,0.2548383448460205
CTSO,0.5806805668140463
CTSS,228.88147601130575
CTSV,0.5139622638412911
CTSW,49.77347262651946
CTSZ,18.62485764712901
CUBN,0.14798297712716507
CWC27,0.8925631029067426
CYB5D1,4.058755759204258
CYB5R1,11.084205275495988
CYB5R2,5.581589266068271
CYB5R3,839.8553765009575
CYBB,26.07412172526281
CYBRD1,3.5399484779797183
CYC1,73.54401052024201
CYLD,1.996657546847112
CYP11A1,0.240339116538787
CYP11B1,0.8426372984421979
CYP11B2,0.08105018928386314
CYP17A1,0.04313859281557874
CYP19A1,0.8951337174433756
CYP1A1,0.06528916951946162
CYP1A2,4.881250664873969
CYP1B1,37.55709579215544
CYP21A2,0.02787188199214989
CYP24A1,0.04255372230264104
CYP26A1,0.07332671506985626
CYP26B1,0.02646713916487786
CYP27A1,14.106802798528886
CYP27B1,0.008285660104098166
CYP2A13,0.04638837469548625
CYP2A6,0.006177677370759607
CYP2A7,0.05996477628878289
CYP2B6,0.02889595120271605
CYP2C18,0.2259625918283721
CYP2C19,0.1750227487879086
CYP2C8,0.1248221549135013
CYP2C9,0.13627582512980346
CYP2D6,0.17034128698434214
CYP2E1,0.008750642674347407
CYP2F1,0.011831925069209432
CYP2J2,0.04803553964945405
CYP2S1,0.09892072952105806
CYP2U1,0.1058372142253595
CYP39A1,0.14647438830950268
CYP3A4,0.16992399508159514
CYP3A43,0.005318586970533255
CYP3A5,0.04145343539025552
CYP3A7,0.15747794336040138
CYP46A1,0.02010265458092998
CYP4A11,1.6372931884537043
CYP4B1,0.1181923431405515
CYP4F11,0.10492810906708636
CYP4F12,0.71517264810968
CYP4F2,0.009140171060266171
CYP4F22,0.0039019054254663074
CYP4F3,41.419243059968274
CYP4F8,0.3354345050980549
CYP4V2,0.27948107378305437
CYP4X1,0.2354271076781773
CYP4Z1,0.08130083947706235
CYP51A1,0.7475596585185702
CYP7A1,0.0034384503341033964
CYP7B1,0.0630371752969309
CYP8B1,1.3996596795653906
CYTB,10.283962318241796
DAD1,276.4362415041356
DAGLA,0.03702688514806198
DAGLB,8.229438398160696
DAO,1.8577966562707513
DAPK1,0.758777139481665
DAPK2,12.32525267418808
DAPK3,1.0533642392604927
DARS,192.23597404210358
DARS2,0.47896926799804257
DBH,0.019241443904035174
DBI,9.103277344798412
DBT,0.12872706796093733
DCK,1.5416593139879342
DCLK1,0.4224322595830549
DCLK2,0.03270236768564274
DCT,0.0142821352965348
DCTD,0.8029018844733697
DCTPP1,2.245775586332104
DCXR,9.635825088956237
DDAH1,0.6113344412284277
DDAH2,86.22094309431034
DDC,1.3078191747169696
DDO,0.03193892002087228
DDOST,89.7577797505479
DDR1,0.20316867230408728
DDR2,0.01893795678204348
DECR1,23.71499478180896
DECR2,0.27437066550659805
DEGS1,4.649952518956017
DEGS2,0.1691434956407693
DERA,8.58047806493166
DGAT1,34.99414073027675
DGAT2,246.91040735843688
DGKA,14.640599361395948
DGKB,0.006012496365054771
DGKD,25.705581497658127
DGKE,0.21851081186719976
DGKG,0.2990207390827772
DGKH,0.32862367979420304
DGKI,0.005676015866383799
DGKQ,3.5387157626333607
DGKZ,20.677068988299112
DGUOK,6.960202988827922
DHCR24,0.10789683881308879
DHCR7,1.097962440297626
DHDH,0.038721586494702594
DHFR,35.988304095199865
DHODH,0.17423139108051344
DHRS2,0.007890210157727931
DHRS3,3.541797657075185
DHRS4,24.367804929947972
DHRS9,42.136036713744225
DIO1,0.005836849568173902
DIO2,0.020761957135730688
DIO3,0.11155151189974315
DLAT,13.895998963434582
DLD,116.4057220173335
DLST,53.74247627257405
DMGDH,0.8063366634700477
DMPK,1.6118056811850896
DNAJC6,0.1909950918279314
DNMT1,0.8480810841399034
DNMT3A,2.075407273663817
DNMT3B,0.013061224688440804
DNMT3L,0.03798289307998578
DOLPP1,0.8905073134231115
DOT1L,1.5033888293843443
DPAGT1,1.7267989601361367
DPEP1,0.3191303602896498
DPEP2,29.103575040539464
DPEP3,0.6060092334540381
DPH5,8.817566745122223
DPM1,228.06871990781588
DPM2,30.07389537082472
DPM3,3.410944046438443
DPYD,14.003314373115204
DPYS,5.275394804691691
DPYSL2,113.59675965456245
DPYSL3,0.42796956511546846
DSTYK,0.9064559563552489
DTYMK,1.0946485672649735
DUOX1,0.0966163335493525
DUOX2,0.021861667046150095
DUPD1,0.11783200419515537
DUSP1,685.7085631860533
DUSP10,0.22840377494319739
DUSP11,2.370447839310553
DUSP12,0.6956407894668143
DUSP13,1.8609205953623937
DUSP14,0.04722932454293058
DUSP15,0.020571065431225204
DUSP16,2.412591028916048
DUSP18,2.3488291626668003
DUSP19,0.034470521866915724
DUSP2,2.689433043310331
DUSP21,0.08186674790155296
DUSP22,14.945723165775513
DUSP23,8.229438398160696
DUSP27,0.06612745208558599
DUSP28,1.0076094085257443
DUSP3,34.713262129662326
DUSP4,0.01930035663745048
DUSP5,0.25288024633307987
DUSP6,7.885971022441581
DUSP7,1.6674972109031942
DUSP8,0.13139894904713711
DUSP9,0.022695902444194088
DUT,12.9414040443442
DYRK1A,3.699438050289684
DYRK1B,4.373482251690726
DYRK2,0.6927540623387586
DYRK3,0.13760750753505885
DYRK4,1.196783931692324
DZIP3,0.13443842511045062
EARS2,0.03259555143127393
EBP,32.29117283168836
ECH1,25.705581497658127
ECHDC2,1.4588790620678433
ECHS1,3.7174227001619506
ECI1,1.9392824499942034
ECI2,1.7111078583984152
EGFR,0.005235489548031692
EHHADH,4.070773459131404
EHMT1,0.06594299148521979
EHMT2,0.15991198773278598
EIF2AK1,68.21214939316383
EIF2AK2,30.231676670106474
EIF2AK3,0.27393069654337726
EIF2AK4,0.015035466091666361
EIF4EBP3,20.17232832194337
ELOVL1,4.851284708825993
ELOVL2,0.008588773294845427
ELOVL3,0.06547128485718458
ELOVL4,0.06368945584903338
ELOVL5,1.0082360376287256
ELOVL6,0.22026247713746017
ELOVL7,1.7211928289350555
ELP3,0.22669973934078072
ENGASE,3.023754181499353
ENO1,342.78250755299166
ENO2,2.420210616711508
ENO3,13.335657138393177
ENOPH1,10.11252113894897
ENPP1,0.01113973549910423
ENPP2,0.09516060976342229
ENPP3,0.011405533005627244
ENPP6,0.008155406464013198
ENPP7,0.2621620114119895
ENTPD1,18.98316004152213
ENTPD2,0.19704843045383463
ENTPD3,0.019722736839944542
ENTPD4,7.374466525485097
ENTPD5,0.28761249509665127
ENTPD6,2.523676414314321
ENTPD8,0.0240636919582722
EP300,0.7172490995411261
EPHA1,1.6909614339015808
EPHA10,0.007052850341501344
EPHA2,0.00395521447714715
EPHA3,0.23489660743607307
EPHA4,0.08354793545217754
EPHA5,0.0009164873040359031
EPHA6,0.0014342245559386083
EPHA7,0.009306179741383471
EPHA8,0.0038416759322794044
EPHB1,0.43380055845653165
EPHB2,0.002915723744435878
EPHB3,0.12273226610921309
EPHB4,0.2245027850645432
EPHB6,1.6184754593422197
EPHX1,1.0521328272754467
EPHX2,0.9591912479003949
EPM2A,0.22124592398683274
EPRS,2.0226435898918016
EPX,0.008430085498748208
ERBB2,0.009077822883639055
ERBB3,0.03679043021096922
ERBB4,0.0050967783386671696
ERN1,4.1209488361174875
ERN2,0.010493228545403476
ESD,63.04007862777497
ETFA,394.41455911502686
ETFB,147.11712998344913
ETFDH,2.758316069015718
ETNK1,1.5596857469121996
ETNK2,0.013776622855367293
ETNPPL,0.05523743660618471
EXT1,2.956841807890843
EXT2,1.6318258779652213
EXTL1,0.013368051968378113
EXTL2,0.31287990843665836
EXTL3,15.423654867203032
EYA1,0.007480930783990068
EYA2,0.025995666022433465
EYA3,0.5696973216298465
EYA4,0.006388994862430846
EZH1,27.862273445630098
EZH2,0.005525879968423382
F13A1,65.02703451643404
F13B,0.952082265681838
F2,0.06307279296528669
FAAH,0.9327744811515122
FAAH2,0.05838380418299727
FABP1,0.06846740704036111
FABP12,0.07361943011456162
FABP2,0.020749432534576402
FABP3,2.797906952168157
FABP4,0.20295722022370294
FABP5,14.581832604368667
FABP6,0.6064977122935123
FABP7,0.018576468634963133
FABP9,1.0553661478381027
FADS1,0.3517540899216507
FADS2,0.09716018698107294
FADS3,0.028456031201735035
FADS6,0.00940766568120361
FAH,3.4833023652469883
FAM20B,0.7437027795250231
FANCL,0.11992669078295465
FAR1,17.577457560796095
FAR2,7.6398849469640115
FARS2,0.14668523577411516
FARSA,128.25130300260892
FARSB,0.10767636702265894
FAS,9.446174479330807
FASN,0.6773654029530931
FASTK,7.47640402064052
FAXDC2,11.89036615689841
FBP1,3.534401704668637
FBP2,1.4721666119210948
FDFT1,11.148708475070434
FDPS,5.150815002767583
FDXR,0.9180792457166622
FECH,5.862214524148407
FER,0.02861536027979308
FES,71.7192929897348
FGA,0.019312762341051993
FGFR1,0.4908269537710745
FGFR2,0.03237014199455473
FGFR3,0.07373362004624671
FGFR4,0.04032357840725396
FGGY,0.3509358243616856
FGR,861.4100348966289
FH,37.863982327500814
FHIT,0.6639997811646831
FHL2,0.40486010620863755
FIG4,3.4617839465335702
FITM1,0.7804525905072522
FITM2,0.17821611229372658
FKBP10,0.06854427685194771
FKBP11,4.587748655807076
FKBP14,0.03523007262753695
FKBP1A,473.21812041758477
FKBP1B,2.952026942078479
FKBP2,44.35414599975908
FKBP3,55.8516766330718
FKBP4,54.735658198242824
FKBP5,18.96012299397012
FKBP6,0.0345624960497994
FKBP7,0.1066984709442315
FKBP8,314.5055012348657
FKBP9,3.6758838505174927
FKBP9P1,0.3354345050980549
FLAD1,1.0895659107871787
FLT1,0.0521498748694359
FLT3,4.861781006757275
FLT4,0.10378291931597819
FLVCR1,0.1237221703271693
FMO1,2.1539946509259087
FMO2,0.06554414970009745
FMO3,0.006351478085727649
FMO4,0.045283301989305684
FMO5,0.15526697436538145
FMO6P,0.0040959637757777105
FN3K,0.7421975426231402
FN3KRP,1.5834998169724623
FNTA,5.170289485741038
FNTB,11.364073460996272
FOLR1,0.22291482424024175
FOLR2,0.37210796774269056
FOLR3,210.40423332187038
FOSL1,0.16058553112880813
FPGS,0.10269921392513973
FPGT,1.5840541973101552
FRK,0.005697135657114556
FRMPD2,0.003327511484379842
FTCD,0.003485434090036019
FTMT,0.3764543508002139
FUCA1,2.8607425310026238
FUCA2,2.395604921761382
FUK,0.9250234485443624
FUT1,0.0276701563888482
FUT10,0.026176372935949734
FUT11,1.205336483598115
FUT2,0.01041885238786606
FUT3,0.31059055128822666
FUT4,0.37572883544773295
FUT5,0.01203568750548961
FUT6,0.33433562982165704
FUT7,121.62437018130974
FUT8,0.03700324628735474
FUT9,0.006423857889409162
FYN,21.634519043614535
G0S2,4.666925002227932
G6PC,0.007224227970949771
G6PC2,0.003224406249264704
G6PC3,2.398808560740054
G6PD,784.8504783106657
GAA,22.38948316075154
GAD1,0.0842254440226155
GAD2,0.02835419724411179
GAK,1.1315864283689892
GAL3ST1,0.021373730586166224
GAL3ST2,0.04801564304876634
GAL3ST3,0.024038151552893326
GAL3ST4,0.4865537880796158
GALC,2.403217427456014
GALE,0.5108327958192603
GALK1,156.92463755020847
GALK2,1.812883754833377
GALM,1.7717339218300505
GALNS,6.659504870741978
GALNT1,6.245898566534463
GALNT10,0.1306287998594514
GALNT11,0.852078219853987
GALNT12,0.10277710147009118
GALNT13,0.001401468970793438
GALNT14,5.038295428241442
GALNT15,0.07436305528846346
GALNT2,11.069877936741051
GALNT3,5.743800294774861
GALNT4,1.5270885658992484
GALNT5,0.027377673731661487
GALNT6,0.7411942747717419
GALNT7,0.11416342807841409
GALNT8,0.03984975304637445
GALNT9,0.009557338158771687
GALNTL5,0.00665511414797344
GALT,2.6906219779750953
GAMT,1.068682203203667
GANC,0.47849575805487415
GAPDH,1227.2173710835689
GAPDHS,8.042317062334442
GARS,32.89918353026759
GART,8.847738633857933
GATM,0.15249444445045432
GBA,15.78223327706303
GBA2,16.423075363845857
GBA3,0.3354345050980549
GBE1,3.614731265888757
GBGT1,7.961367791611741
GC,0.1128901827185453
GCAT,7.3026364119976845
GCDH,1.9182306936209474
GCH1,2.3289864401487095
GCK,0.05340602314821246
GCLC,0.6045336240344226
GCLM,18.02919861911995
GCNT1,0.9872668010106942
GCNT2,0.0585273626407485
GCNT2P,0.3354345050980549
GCNT3,0.0020728209048077304
GCNT4,0.07030287794748083
GCNT7,0.0523620542109558
GCSH,0.020477269702157103
GDA,0.008736672758786113
GDE1,12.36789144546421
GDPD2,0.019306559357930457
GFPT1,8.315703064578836
GFPT2,0.05481018171823853
GGCT,0.7191679738106065
GGH,2.4877515786713564
GGPS1,98.2007105032846
GGT1,3.073310824144424
GGT2,1.2557625587889092
GGT3P,0.3354345050980549
GGT5,0.11148416185504817
GGT6,0.003295552323560528
GGT7,1.1898409068401727
GGTLC1,0.0320052121979736
GGTLC2,1.7831684152107201
GIF,0.3354345050980549
GK,29.871139565547605
GK2,0.9456388863331135
GK3P,0.24753343173972087
GLA,14.217794379185374
GLB1,5.68602537472195
GLB1L,0.11866501656134078
GLCE,0.014101806456281634
GLDC,0.004515857558128479
GLIPR1,26.250623672487578
GLO1,59.4543665820532
GLRX,147.34963403039453
GLRX2,1.9544420702619327
GLS,11.386767818282738
GLS2,0.13632265670689458
GLT6D1,0.06930364432416915
GLT8D1,0.20227923024627203
GLT8D2,0.018311348324357636
GLTP,16.360919425218132
GLUD1,135.4982448448361
GLUD2,0.02224357402818024
GLUL,5.266243994704149
GLYAT,0.003929551726968671
GLYCTK,1.7004711042594318
GM2A,6.332331580443373
GMDS,6.226294709346317
GMPPA,3.1928388164837314
GMPPB,36.73329037898086
GMPR,81.09698605123869
GMPR2,66.67031217449605
GMPS,5.725576478004475
GNE,0.3733929497210757
GNMT,1.010743877827127
GNPAT,7.069773939779343
GNPDA1,2.2928600457877724
GNPDA2,0.0537084756416946
GNPNAT1,1.4198490291016614
GNPTAB,1.191442670627596
GNS,24.918545707855976
GOT1,74.18771987395749
GOT2,75.930690661231
GPAA1,18.070906227386057
GPAM,0.004793286210995553
GPAT2,0.025162061534889955
GPAT3,0.6582069289240687
GPAT4,1.352005973421296
GPCPD1,6.465609062793396
GPD1,0.05931776171705917
GPD2,14.5887144965803
GPHN,0.18893669380791012
GPI,177.48365452369677
GPIHBP1,0.058096826870293924
GPLD1,0.041659303988025385
GPT,4.168151743255301
GPT2,0.09895919658724242
GPX1,156.89142499792402
GPX2,0.06354428760732236
GPX3,5.213034177337754
GPX4,32.586103195105
GPX5,0.793289329058847
GPX6,2.01032323162201
GPX7,0.8848571196405285
GPX8,1.917834740680331
GRHL1,0.08596011147997396
GRHPR,2.265523747630666
GRK1,0.11699235770509935
GRK2,4.014622265826703
GRK3,1.2623639556998993
GRK7,0.0068603667078361965
GSR,123.42710420644897
GSS,23.495322219523217
GSTA1,0.02598921525814433
GSTA2,5.619549002346362
GSTA3,3.8201241689736465
GSTA4,0.10235195263361474
GSTA5,0.58469847618054
GSTK1,35.762184150220875
GSTM1,1.6474195733384878
GSTM2,1.5486256977352735
GSTM3,5.669739116263974
GSTM4,0.8740835975279473
GSTM5,1.0169762234117137
GSTO1,509.26408989323767
GSTO2,0.10262247502409122
GSTP1,584.1982272262994
GSTT1,3.991051773214744
GSTT2,0.02394878831227261
GSTZ1,0.7030976692882767
GTF2F1,1.600566700425597
GTF3C4,0.031345355950285404
GUCA1A,0.0803580412103317
GUCY1A1,2.9663227089166733
GUCY1A2,0.0030510988441457285
GUCY1B1,1.0453859436592674
GUCY1B2,0.3354345050980549
GUCY2C,0.17555831083542933
GUCY2D,0.05996548673100371
GUCY2F,0.13808747592085474
GUK1,128.78121887263254
GUSB,0.8783205903577673
GYG1,226.85395878992406
GYG2,0.005985909765812618
GYS1,10.822331066175384
GYS2,0.06259350568939233
H6PD,9.185933203793487
HAAO,0.4455061465691023
HACD1,0.6699772991826155
HACD2,3.095013644366691
HACD3,4.330319334841662
HACD4,0.5979568033382378
HACE1,0.05331825938308147
HACL1,1.298313698291745
HADH,40.37071958601083
HADHA,300.8477030552022
HADHB,19.661520160683793
HAGH,38.16752347396449
HAGHL,0.26865836331770326
HAL,47.49256580115975
HAO1,0.19763453007540133
HAO2,2.123937704953015
HARS,13.23135360759076
HARS2,9.593976570721571
HAS1,0.5675859625552182
HAS2,0.015676726750706135
HAS3,0.07056035242650899
HAT1,13.964997623668628
HCCS,3.197053313946359
HCK,872.7363490148174
HCST,47.822506542129474
HDAC3,0.30971525380634907
HDC,0.02963031882915016
HDLBP,13.918346213569562
HECTD1,0.3607417682813758
HECTD2,0.01032740850915477
HECTD3,0.5807527470705028
HECW1,0.002888735749558203
HECW2,0.5261451807894495
HELZ2,4.8335133825124945
HEPH,0.02651564128424365
HERC1,0.10923598406132291
HERC2,0.008361160368835928
HERC3,4.888140805501091
HERC4,2.5233879834671216
HEXA,3.2872254933789287
HEXB,0.8383774595155408
HEXDC,0.3354345050980549
HGD,1.1493584365446592
HIBADH,0.6654831134184106
HIBCH,0.871008650625007
HIF1AN,3.00866663601916
HIGD2A,3.0490208694623537
HIPK1,14.188185420205086
HIPK2,1.1930447182633688
HIPK3,17.263382308250126
HIRIP3,0.017887155370448025
HK1,91.70672062895282
HK2,23.28427896051353
HK3,513.0628175279749
HKDC1,0.1296833275734766
HLCS,0.10455750115713029
HLTF,0.003636473759663457
HMBS,39.97724859267385
HMGCL,14.367390820989284
HMGCLL1,2.9108746089659068
HMGCR,6.58586938203077
HMGCS1,0.4822855627215732
HMGCS2,0.004027776280128502
HMOX1,108.3659156226983
HMOX2,26.873897999048335
HNMT,0.9441580193657337
HPD,0.0741778541097973
HPGD,33.66371090652644
HPGDS,8.354343280591431
HPRT1,37.344967309177804
HS2ST1,0.9962562615808361
HS3ST1,0.027813296607549685
HS3ST2,0.018619066883884525
HS3ST3A1,0.04933181960271104
HS3ST3B1,4.619653110948458
HS3ST4,0.002939499472281343
HS3ST5,0.005221882038870804
HS3ST6,0.3354345050980549
HS6ST1,0.8403384538917491
HS6ST2,0.004083325094723764
HS6ST3,0.0326273576634013
HSD11B1,0.026040827277465702
HSD11B1L,0.10564318656285124
HSD11B2,0.05449002817097283
HSD17B1,0.26857060578819864
HSD17B10,7.81066913755585
HSD17B11,309.2083465013901
HSD17B12,29.791286679739876
HSD17B14,0.11289210025191473
HSD17B2,1.9024599930670496
HSD17B3,0.05877870159465751
HSD17B4,5.425698749615453
HSD17B6,0.05459671854912283
HSD17B7,0.4372090220307991
HSD17B7P2,0.7769185586900839
HSD17B8,0.0883055068435379
HSD3B1,0.013859718094047927
HSD3B2,0.9278984217862639
HSD3B7,3.5714017951182573
HSPG2,0.0013171874858612848
HTATIP2,71.11307704749836
HUNK,0.09802319712136927
HUWE1,0.27648506353967706
HYAL3,0.6021032732344377
HYALP1,0.3354345050980549
HYI,0.756261982276969
HYKK,0.023980698719258297
IARS,24.42687370883719
IARS2,3.5664655183971115
ICK,0.2346858843148086
ICMT,1.0816028621345155
IDH1,10.748163260786123
IDH2,4.555236209030615
IDH3A,19.295440868825054
IDH3B,38.296061918442916
IDH3G,23.980626264647114
IDI1,27.079043311044167
IDI2,0.04169362847795794
IDO1,0.004080797976551703
IDO2,0.0021446298640517745
IDS,31.09760052365192
IDUA,0.722166389835141
IGF1R,6.013980958829196
IKBKB,6.699715032824334
IKBKE,2.640153608469339
IL4I1,0.037432699336958315
ILK,17.483380549693713
ILKAP,2.778420496308212
IMPA1,29.770328463472076
IMPA2,85.45561192993577
IMPDH1,215.31767464619293
IMPDH2,12.107552074295697
INMT,0.2327472259467326
INPP1,48.654015708102044
INPP4A,3.4562534826007973
INPP4B,0.1830049639034533
INPP5A,7.530845835672691
INPP5B,0.4548999431566284
INPP5D,55.48225497915239
INPP5E,1.0326531489567055
INPP5F,0.016240707689625537
INPP5J,0.07402973702351488
INPPL1,4.168217694844272
INSL3,12.15830309533987
INSR,0.40171097117980875
INSRR,0.1005050945541876
IP6K1,24.12728539128132
IP6K2,6.19278712708484
IP6K3,0.12063715321485376
IPMK,2.5667571279562824
IRAK1,18.078547410538565
IRAK2,2.707274323540288
IRAK3,62.36586045807213
IRAK4,14.492060986144484
IREB2,1.0353413318142655
ISYNA1,4.846832012230849
ITK,2.516603875902781
ITPA,25.937464430598116
ITPK1,32.18347403682987
ITPKA,0.07067073657380246
ITPKB,11.760304518976124
ITPKC,53.987870697004965
IVD,28.35964485353993
JAK1,30.982721694225066
JAK2,11.191737966446677
JAK3,161.18712091867698
JMJD7-PLA2G4B,0.19276672646590834
KALRN,0.040391937103650764
KANSL3,2.9387914003297495
KARS,80.69942018453709
KAT2A,4.631784432869393
KAT2B,9.502315405176827
KAT5,8.10556816933675
KAT6A,8.922016878142726
KAT6B,0.12032132386114211
KAT7,3.8025391283686467
KAT8,35.177603092944246
KCNJ11,0.06000149859690835
KCNJ8,0.04497112596942694
KDR,0.027449131640704505
KDSR,0.48560486548800036
KHK,0.177592718327537
KIT,0.06645585830106097
KL,0.1880615563067885
KMO,0.08766154545793503
KMT2A,0.3004898224700171
KMT2B,0.3354345050980549
KMT2C,0.8607691763938923
KMT2D,4.053735510886915
KMT2E,5.056379873657904
KMT5A,0.08744585611927874
KMT5B,0.052531638327043204
KMT5C,0.3350355754164824
KPNA6,9.058593735180633
KYAT1,0.41426786262502635
KYAT3,10.315561941178165
KYNU,1.7458777217791452
L1CAM,0.06890733545849304
L2HGDH,0.005906243493572593
LALBA,0.09996023381633702
LAP3,38.17279987183575
LARS,32.67434420249244
LARS2,0.23649720535079866
LATS1,0.03690237880949611
LATS2,2.5850806370582826
LBR,90.54873456096452
LCAT,0.8612807706040266
LCK,22.044003692894726
LCLAT1,0.41329999640698684
LCT,0.006825199608067926
LDHA,2175.8338026075085
LDHAL6A,0.04076818202331781
LDHAL6B,10.847952267467784
LDHB,33.43158891646089
LDHC,13.74100658898184
LDHD,0.39570196817892944
LDLR,0.06397401449230945
LGALS13,0.16621830202908744
LGMN,0.5632298825335241
LGSN,0.0036268838037750435
LHPP,12.367542395133576
LIAS,0.04167365796990815
LIMK1,9.131206076974694
LIMK2,161.90099344042432
LIPA,6.245898566534463
LIPC,0.15767785403303902
LIPE,0.45819384853876083
LIPF,1.3406968406403874
LIPG,0.04793063600275226
LIPT1,0.2704143061017039
LIPT2,0.31438088392062374
LMTK2,2.0129134658510894
LMTK3,0.32979552574063903
LOC102724197,0.3354345050980549
LOC286297,0.3354345050980549
LOC344967,0.3354345050980549
LOX,0.0196729826313867
LOXL2,0.09542855030116097
LPCAT1,1.8172970052461352
LPCAT2,24.294051833506668
LPCAT3,16.725250742985533
LPCAT4,0.4208589262993686
LPIN1,0.5180030536248212
LPIN2,11.479155767076456
LPIN3,0.03892561777761549
LPL,0.15865994681505982
LPO,0.002922565291200892
LRAT,0.020997516630348476
LRP1,0.3679423728202638
LRP2,0.0053447634444020896
LRRK1,0.046309206534905924
LRRK2,33.4730237391625
LRSAM1,3.1715244462108756
LRTOMT,0.5127435756344695
LSS,5.036380029686181
LTA4H,1018.449999471749
LTC4S,1.1193264282750504
LTK,0.3389184604018173
LYN,297.69908899470306
LYPLA1,35.74776480654497
LYPLA2,43.61108259281196
LYZL1,1.4145390562382973
MACROD1,0.10664330151966392
MACROD2,0.00813049539098737
MAGEA2B,0.1626710879648594
MAK,2.088626042644075
MAN1A1,1.3161832302948377
MAN1A2,0.1874837761098152
MAN1B1,0.2596851567789016
MAN1C1,0.2653700496153228
MAN2A1,0.6161643933441627
MAN2A2,46.02023259691502
MAN2B1,27.01457892719527
MAN2C1,5.016992596850138
MANBA,5.429611268393556
MANSC1,81.8424586551983
MAOA,73.62973301187536
MAOB,0.3483917187599407
MAP2K1,110.8764152566511
MAP2K2,200.90351062485956
MAP2K3,47.85064865421782
MAP2K4,16.14332122869424
MAP2K5,0.5410352947256132
MAP2K6,11.515690023794088
MAP2K7,1.1537129796496222
MAP3K1,5.627017311377595
MAP3K10,1.6351657376255149
MAP3K11,65.80557100225732
MAP3K12,0.7723779156937527
MAP3K13,0.1857190579005154
MAP3K14,2.991780416895576
MAP3K15,0.10813026470550793
MAP3K2,7.85857750533782
MAP3K20,0.20179825659102824
MAP3K21,0.03839897316107535
MAP3K3,67.20272544235141
MAP3K4,0.7522400238879288
MAP3K5,12.274410188645113
MAP3K6,0.7022082030043401
MAP3K7,0.07782132869607854
MAP3K8,6.840700351203047
MAP3K9,0.07495610714014445
MAP4K1,3.2305246186913243
MAP4K2,12.558026384234243
MAP4K3,0.08332225978226791
MAP4K5,2.3539415543593822
MAPK1,264.77734867954484
MAPK10,0.05377754693600377
MAPK11,0.1860534633578253
MAPK12,0.09577319099056085
MAPK13,28.242828014652996
MAPK14,166.08426386725012
MAPK15,0.012725983431832132
MAPK3,73.36376809566467
MAPK4,0.038347897275629636
MAPK6,0.6167676994716841
MAPK7,1.5602390214022237
MAPK8,0.2036339689565351
MAPK9,0.3437872121955383
MAPKAPK2,3.529341464560987
MAPKAPK3,19.507072428157205
MAPKAPK5,1.5259851711664385
MARCH1,1.6730800077940833
MARCH10,0.0182836997897873
MARCH11,0.0058452616840315615
MARCH2,71.03248988289306
MARCH3,1.8955062480945082
MARCH4,0.00486847468855393
MARCH5,4.915946144316782
MARCH6,6.2990695938685155
MARCH7,31.60702016786554
MARCH8,27.09516256956656
MARCH9,1.7689210420565218
MARK1,0.00438039651740672
MARK2,42.398628362753236
MARK3,27.21609725760814
MARK4,2.1941904896317737
MARS,51.82601770322324
MARS2,0.2337378309989557
MAST1,0.0348725463778051
MAST2,0.8941053547201565
MAST3,46.90289982369869
MAST4,0.1561653737764978
MASTL,0.010807216100535904
MAT1A,0.3354345050980549
MAT2A,28.22510263321851
MAT2B,52.66148374125748
MATK,2.9009331454116176
MBOAT1,10.143952386812474
MBOAT2,7.422014402479854
MCAT,1.433128765795817
MCCC1,0.3609083371501189
MCCC2,0.8594651958511822
MCEE,0.2915565807540542
MDH1,232.40133997018688
MDH1B,0.021967563481629995
MDH2,354.48353985098004
MDM2,0.011551534279454675
MDP1,16.662960534624553
ME1,50.39833509039927
ME2,21.596829305225455
ME3,0.09416627386407338
MECR,0.10092361779676286
MED1,0.09256619699498857
MELK,0.00032683210574186133
MERTK,0.45301912039602066
MET,0.008252428745502086
METTL1,0.44426864165418745
METTL3,3.0848085671329786
MGAM,81.09698605123869
MGAT1,52.05067381184443
MGAT2,0.1126809678949356
MGAT3,0.14276263381731027
MGAT4A,1.8558249204723958
MGAT4B,11.91206139265198
MGAT4C,0.007799317613678716
MGAT4D,0.02696149145334556
MGAT5,1.9375744239759385
MGAT5B,0.013791456458633956
MGLL,2.922558514315415
MGMT,0.48317262882076867
MGRN1,27.46625324151381
MGST1,26.772761209863642
MGST2,3.374582301717582
MGST3,1.6585698598997407
MIA3,1.8467704966303706
MIB1,0.6887784397266139
MIB2,3.615250555688891
MID1,0.002581913430769425
MIF,3.3058910658304828
MINK1,0.08872810357558267
MINPP1,0.28261509734246687
MIOX,0.03764002098229772
MIP,0.4037412759029347
MKNK1,117.89895758534529
MKNK2,129.9126048800086
MKRN1,86.70960748523585
MKRN2,2.9021339990362662
MKRN3,0.01293169729591745
MLKL,47.48050055420031
MLYCD,1.5757411809196014
MMAA,0.05709388103417917
MOCS1,0.09623296620561772
MOCS2,0.4408189855514706
MOGAT1,0.05476426140032141
MOGAT2,0.0053657167993087064
MOGAT3,0.004775479272769042
MOGS,19.605365010606807
MOK,0.08645118496427356
MOS,0.011414214179311306
MOXD1,0.027761234358795194
MPC1,2.4818687526901146
MPC2,4.7149001771121295
MPI,0.9028513925081096
MPO,0.5376682330868459
MPST,599.246316132682
MRPL58,13.330417578133794
MSMO1,1.5276403026745493
MSRA,4.407724511242845
MST1R,0.041213425583135094
MT1A,0.1715401893776474
MT2A,5.822707759886825
MT3,0.9638630763841615
MT4,0.3354345050980549
MTAP,11.888483999449459
MTFMT,2.45541881693227
MTHFD1,5.78224898512809
MTHFD1L,0.09168650342352004
MTHFD2,1.3415311546598245
MTHFD2L,0.07659018091038754
MTHFD2P1,0.3354345050980549
MTHFR,1.4555890849751638
MTHFS,53.83784688273068
MTMR1,0.5981175634781929
MTMR14,18.867845418763444
MTMR2,0.03723789482658682
MTMR3,1.058818908561749
MTMR6,3.202608404291195
MTMR7,0.03729736319423153
MTMR8,0.034303193449633014
MTPAP,0.1941868082989867
MTR,0.018874966235022078
MTRR,1.6006974685498274
MTTP,0.40755306290742066
MUL1,7.524037763815399
MUSK,0.008205258684426543
MUT,0.3354345050980549
MVD,11.798256002972687
MVK,0.5415165294502422
MYBBP1A,4.373356074628428
MYCBP2,0.014377225061353657
MYLIP,28.056514177125475
MYLK,0.04648261172766108
MYLK2,0.021729308820390227
MYLK3,0.020783877583669633
MYLK4,0.03787298648101024
MYO3A,0.07299247231635841
MYO3B,0.010556216549196612
MYO5B,0.00802818908899349
NAA10,11.120034297132161
NAAA,2.911743183982567
NADK,146.09286931637675
NADSYN1,10.143952386812474
NAGA,5.689962125922952
NAGK,35.1692611534551
NAGLU,1.4189179397884686
NAGPA,2.0472825837457336
NAGS,0.37554538942854887
NAMPT,5316.193357177267
NANP,0.07964774112238668
NANS,91.92900445051136
NAPRT,25.164291606310147
NAPSA,0.7301701779871348
NARS,226.2812854078018
NARS2,0.3343980558372864
NAT1,2.6573360513991697
NAT2,0.07672456450553738
NCOA1,13.369829924300252
NCOA2,0.13108888127731327
NCOA3,0.7673044633781749
NCOA6,1.4665594761877592
NCOR1,0.02533467270817069
NCOR2,0.1443130376279729
ND1,0.7496282848946749
ND2,6.647572110665278
ND3,3.518721426725826
ND4,15.91921099634504
ND4L,0.3354345050980549
ND5,3.9860139175064595
ND6,2.1511623729121254
NDST1,6.372276371977501
NDST2,12.361585672079805
NDST3,0.003398950539767236
NDST4,0.024005586560330774
NDUFA1,59.77324303453632
NDUFA10,5.698779369276894
NDUFA11,8.97671153767037
NDUFA12,1.226905643898526
NDUFA13,81.83503307634818
NDUFA2,2.524167775827896
NDUFA3,1.194722194463206
NDUFA4,2.058888214157339
NDUFA5,0.5105212217415503
NDUFA6,3.7347409746931115
NDUFA7,0.35958185193514014
NDUFA8,5.372719242205733
NDUFA9,2.6589229693168024
NDUFAB1,5.906872465826432
NDUFB1,6.860872594440391
NDUFB10,27.225780135106117
NDUFB2,3.3348807510648046
NDUFB3,98.24170561141362
NDUFB4,7.022530635980365
NDUFB5,7.593564092678975
NDUFB6,8.322140602162145
NDUFB7,21.962151612351743
NDUFB8,7.223301683295913
NDUFB9,2.212984606056452
NDUFC1,2.385654916147264
NDUFC2,4.237728003723367
NDUFS1,3.3669368884665656
NDUFS2,10.993222069542927
NDUFS3,16.49647632685971
NDUFS4,2.316741750181174
NDUFS5,60.58932137010914
NDUFS6,1.6824991680187342
NDUFS7,1.5088114165856703
NDUFS8,5.296000673648442
NDUFV1,4.843067276415536
NDUFV2,11.997227794773936
NDUFV3,1.2923749633958708
NEDD4,0.4614208914589276
NEDD4L,0.34895323363808045
NEK1,0.13227785423012797
NEK11,0.08512990651320405
NEK2,0.036621656292118165
NEK3,0.10397649358161945
NEK4,0.7141742754958839
NEK5,0.09670335925321749
NEK6,0.22261312991127694
NEK7,10.027549402776895
NEK8,0.37398657548180814
NEK9,0.47027035994955374
NEU1,20.653737178820187
NEU2,0.07868648115252536
NEU3,0.16745197353925892
NEU4,0.00688743450546048
NEURL1,0.14715923590013888
NEURL1B,0.03147538395087722
NGLY1,5.888571888880914
NHLRC1,0.08735874759473168
NIT2,21.97422785875131
NKTR,2.3540853557788646
NLK,1.123886641148462
NLN,4.283874331320641
NME1,136.59480439704706
NME2,281.45765578880633
NME3,7.3133928857679145
NME4,9.232580490382722
NME6,0.16440172420417493
NME7,0.049360956659566885
NMNAT1,2.8248139565939487
NMNAT2,0.25179227798810516
NMNAT3,0.2694922481521105
NMRK1,3.6257599954575648
NMT1,16.33666356693015
NMT2,0.21010822841074384
NNMT,0.3020935390233508
NNT,0.9825801467881263
NOL9,0.33146409888315403
NOS1,0.016075756374856802
NOS2,0.05066256265132688
NOS2P1,0.3354345050980549
NOS2P2,0.3354345050980549
NOS3,0.05716544354842651
NOX1,1.1274912610249705
NOX3,0.09198887034239282
NOX4,0.0547863153655012
NOX5,0.0009710753695377902
NPAS2,0.02088725784439527
NPC1,1.062119550512084
NPC1L1,0.028008644310712316
NPR1,0.0874344341127172
NPR2,0.1263007963075185
NQO1,2.5750019118865652
NQO2,421.8080141872834
NR1D1,0.6724110822072628
NRF1,0.5283647670426519
NSD1,1.7779243285228723
NSD2,0.8117852405670956
NSD3,0.8238692165195934
NSDHL,48.48355450083415
NSF,17.02604495353823
NT5C,27.221282031072295
NT5C1A,0.010633587737750309
NT5C1B,0.042347086839445
NT5C1B-RDH14,0.037698419756150243
NT5C2,31.746083894493985
NT5C3A,12.908253388897295
NT5DC3,0.296632831798091
NT5E,0.17360985500046647
NT5M,6.9214361741292265
NTAN1,0.7427056405092446
NTRK1,0.007355162685473933
NTRK2,0.05119647997367555
NTRK3,0.011834832726186614
NUAK2,38.63615248066833
NUDT10,0.005216661424215963
NUDT11,0.015568210404270408
NUDT12,0.0026247833167134535
NUDT2,0.8612807706040266
NUDT3,3.138881421463721
NUDT4,7.796988132343248
NUDT5,151.82713398307263
NUDT9,0.500698984899223
OARD1,0.7522400238879288
OAT,86.26297740703785
OBSL1,0.008421058726298199
OCRL,0.22891926305023988
ODC1,1.2507535923125048
OGA,13.207835039605774
OGDH,108.28100685455044
OGT,30.82909793888078
OLAH,156.91267889920996
OPLAH,13.230399609722685
OTC,2.3305572451444374
OTUD5,29.274502499851074
OXCT1,4.818528409455264
OXCT2,0.005975279478243822
OXSM,0.3216491475533709
OXSR1,6.239256370230857
P4HA1,4.743075627433488
P4HA2,0.2267746885489552
P4HA3,0.017856280010536595
P4HB,55.446823004349724
PADI1,0.009114882419532573
PADI2,272.5307961768423
PADI3,0.006984994429379879
PADI4,240.34341409871695
PADI6,0.06912743870226329
PAFAH1B2,192.61871843368482
PAFAH1B3,28.6321779808012
PAFAH2,1.9523838940422489
PAH,1.0237857162607364
PAICS,9.51174144892042
PAK1,57.01944158558188
PAK2,78.45732077873677
PAK3,0.009438258569452308
PAK4,0.009931911403559186
PAK5,0.1843105272396382
PAK6,0.03470496152126686
PAM,0.027187756723486962
PAN2,1.3665917926831603
PANK1,0.06252933748986089
PANK2,5.589687620557369
PANK3,0.7266670903310064
PANK4,3.3330461877476756
PAOX,0.14505353632881676
PAPOLA,2.341915834696716
PAPOLB,0.0009557083001887333
PAPOLG,1.397083914014725
PAPSS1,8.820453529302819
PAPSS2,0.8992487242630559
PARP1,4.087323887753862
PARP10,1.9120404878378607
PARP11,0.21458699071976825
PARP12,0.44072356151371483
PARP14,2.4571809826876354
PARP15,0.6506695239969467
PARP16,2.0759817725895866
PARP2,0.2757786913717795
PARP3,0.9162025795012092
PARP4,3.6909930813744816
PARP6,9.383068468258267
PARP8,17.157094514638263
PARP9,20.607083982098473
PARS2,0.2249711171358999
PASK,0.3386470108726504
PBK,1.2071931673190108
PC,1.5492556057600457
PCBD1,0.7693527723383244
PCBD2,0.2052131288669885
PCCA,0.1658038752780917
PCCB,0.17347762199974076
PCK1,0.31657172263754174
PCK2,1.4036294327971175
PCMT1,350.0368048970833
PCYOX1,2.47599857551617
PCYT1A,10.451650837621665
PCYT1B,0.41980868522891024
PCYT2,0.9338085953590707
PDE10A,0.025432026879469254
PDE11A,0.0014887411460080449
PDE1A,0.007118073074210611
PDE1B,5.410704206946458
PDE1C,0.012517777572862803
PDE2A,0.29501898970001705
PDE3A,0.0592098978420663
PDE3B,1.308579943791506
PDE4A,0.6833168955499085
PDE4B,1.1318384873626335
PDE4C,0.02040539795529602
PDE4D,0.29862024481244626
PDE5A,0.6462340552222741
PDE6A,0.2352585898274918
PDE6B,0.20342245308867257
PDE6C,0.010673735394307516
PDE6H,0.2101202511695133
PDE7A,3.30004685537503
PDE7B,0.008728292222015111
PDE8A,0.44175589466894527
PDE8B,0.045665235837764356
PDE9A,0.007374283154431037
PDF,0.16988682123546847
PDGFRA,0.07340067571016726
PDGFRB,0.26156232580203714
PDHA1,16.418106078016248
PDHA2,8.963593332760542
PDHB,8.084947262542098
PDHX,0.6321745012292688
PDIA2,0.1694325156544944
PDIA3,230.41109230911502
PDIA4,70.4578202295635
PDIA5,0.9455009080591857
PDIA6,47.235585068017016
PDK1,0.056980642949360866
PDK2,1.110650045343498
PDK3,9.853406224651131
PDK4,4.006710626630297
PDP1,0.44316174937524544
PDP2,0.16506293358414426
PDPK1,0.1785615024313964
PDPR,0.41887805306212195
PDXK,5.137217710607278
PDXP,0.10034148321375183
PDZD4,3.276240996695292
PEAK1,0.23498764361929425
PECR,114.2874606411884
PEMT,0.5646814176083815
PEPD,4.486229144091205
PEX11A,0.11712973945268455
PFAS,2.4758167916278877
PFKFB1,0.05709388103417917
PFKFB2,18.25441183931195
PFKFB3,112.6316188767489
PFKFB4,43.58301703444425
PFKL,12.558026384234243
PFKM,0.8515673495966288
PFKP,60.47544292479621
PGAM1,22.49169172996404
PGAM2,92.14558842160893
PGAM5,4.531183128627584
PGAP1,0.03984549614341166
PGD,17339.137015859193
PGGHG,0.02991860446325157
PGK1,188.59539344085454
PGK2,23.296392096478
PGLS,792.1404450937172
PGLYRP1,251.22920165130228
PGLYRP2,0.17642982142546731
PGLYRP3,0.009945653073505875
PGLYRP4,0.05094968326417819
PGM1,110.95562291409902
PGM2,156.94591281849037
PGM2L1,0.5008167088190474
PGM3,1.8037320255041587
PGP,12.166979634452389
PGS1,89.81729127828078
PHEX,0.0027635432133863813
PHGDH,2.337800030943962
PHKA1,0.0032926256367711414
PHKA2,9.054429240497617
PHKB,2.216196253145871
PHKG1,0.3129477771404126
PHKG2,4.333577574791626
PHLPP1,0.7376842476250153
PHLPP2,0.06314530046143375
PHOSPHO1,224.9353531316879
PHPT1,2.675765278790194
PHYH,0.5160896980001746
PHYKPL,6.928169785217825
PI4K2A,0.10618477967596901
PI4KA,0.47126244101173537
PI4KB,0.4278056762377243
PIGA,0.32623662316779894
PIGB,3.7820134470077056
PIGC,2.121433052938343
PIGF,0.5122657925577941
PIGG,1.2519800261109617
PIGH,1.3042560154457452
PIGK,1.11541283799088
PIGL,0.07789330635040193
PIGM,0.5232695789690743
PIGN,0.21710227721528025
PIGO,0.6575770622817042
PIGP,0.07588398860491075
PIGQ,2.0358176964343686
PIGS,3.9764701584182376
PIGT,1.6292771162816115
PIGU,0.08327081990415021
PIGV,4.6362549236269
PIGW,0.20371858341338744
PIGX,0.46757433204866117
PIGY,0.3354345050980549
PIGZ,0.047057620012725614
PIK3C2A,0.05312637327344731
PIK3C2B,0.16926735339781462
PIK3C2G,0.08873409730034958
PIK3C3,0.02816758931822179
PIK3CA,2.4930476901680554
PIK3CB,0.21668922793407733
PIK3CD,118.19251200920168
PIK3CG,10.941042123019137
PIK3R1,0.2507309878836157
PIK3R2,0.9426046482797452
PIK3R3,0.02686844030849769
PIK3R4,3.3176204742272093
PIK3R5,53.08855621806505
PIKFYVE,1.2573562224126806
PIM1,93.2237180054246
PIM2,14.581160062289236
PIM3,36.52402415101644
PIN1,98.25487254938874
PIN4,0.24211522934135205
PINK1,77.16118967758379
PIP4K2A,26.186422993032817
PIP4K2B,1.2158246627886937
PIP4K2C,5.622431200672305
PIP5K1A,0.11972510882865302
PIP5K1B,0.027259124091468277
PIP5K1C,2.914746912216924
PIP5KL1,0.047162270070900486
PIPOX,0.15196515389004497
PISD,6.903679141271952
PJA1,0.7091851747555024
PJA2,25.95386964103875
PKLR,0.008803755135529966
PKM,461.05167357466337
PKMYT1,0.28283597655625425
PKN1,43.53153513783962
PKN2,1.3444456662570008
PKN3,0.12773195882940477
PLA2G10,0.010567674245825158
PLA2G12A,0.1134853910185604
PLA2G12B,1.1304561412675453
PLA2G15,1.1610580204501728
PLA2G16,0.5189600810479742
PLA2G1B,0.45395940340308394
PLA2G2A,0.1631714096142037
PLA2G2C,0.010719642808684602
PLA2G2D,0.02500478423298345
PLA2G2E,0.10480083352838437
PLA2G2F,0.008377276569072526
PLA2G3,0.019881840717782588
PLA2G4A,5.932427504737254
PLA2G4B,4.1977611551743
PLA2G4C,0.09984448189647235
PLA2G4D,0.027693545090981313
PLA2G4E,0.008146921125803865
PLA2G4F,0.053034701799016294
PLA2G5,0.003964775020097814
PLA2G6,2.277150932299092
PLA2G7,0.017690619394674645
PLB1,11.227612542251112
PLCB1,0.07837805967938852
PLCB2,45.0363574444299
PLCB3,0.2342744514691975
PLCB4,0.03376846683573138
PLCD1,0.7156719033207667
PLCD3,0.3024776550250135
PLCD4,0.17859028672935054
PLCE1,0.02389774331681615
PLCG1,0.2447287272902301
PLCG2,27.862273445630098
PLCH1,0.030847737413857136
PLCH2,0.5894320290068426
PLCL1,0.23701506225248348
PLCL2,5.947932763432717
PLCXD2,0.009792351549335226
PLCZ1,0.07175189323406331
PLD1,0.42167076502247547
PLD2,0.9700968244333847
PLD3,2.4464694903733473
PLD4,0.08103248963978416
PLD6,0.39791928641664936
PLG,3.615722070737719
PLIN1,0.04824543749903069
PLIN2,6.492308304568083
PLIN3,75.37830705651015
PLIN4,16.18939172237437
PLK1,0.10378610893224555
PLK2,0.33164455159176703
PLK3,11.810861636007854
PLK4,0.019179456172821376
PLOD1,10.83028017644805
PLOD2,0.5903931008327147
PLOD3,2.319368941665761
PLPBP,1.3790311261442316
PLPP1,5.389883230682263
PLPP2,2.123055391477898
PLPP3,4.2032094621878
PLPP4,0.019762828557283812
PLPP5,0.0656688155578048
PLPP6,0.050042688733332445
PLPP7,1.1305815492037874
PLPPR2,0.3307009692228308
PLPPR3,0.9307949846236876
PLPPR4,0.11900942508124815
PLPPR5,0.012456429933028047
PLTP,0.5304624673732284
PLXNB3,0.23636776445989974
PMM1,0.97430752346059
PMM2,4.86519569480787
PMPCA,2.935572768484558
PMVK,27.1905070601136
PNCK,0.020427268439077495
PNKP,8.347663412939411
PNLIP,0.7046989346777457
PNLIPRP1,0.013589900334244821
PNLIPRP2,0.12423733386485149
PNLIPRP3,0.018139233522564087
PNMT,0.43473548978039084
PNP,504.7822114247623
PNPLA2,178.84537118665025
PNPLA3,0.003266087760982816
PNPLA4,0.1503380934431121
PNPLA6,0.8576380617618028
PNPLA7,0.18994671399206675
PNPLA8,2.800297310237149
PNPO,0.40217369549967596
PNPT1,0.13980096192324998
POLA1,0.10191010493070064
POLA2,0.4785454077992973
POLB,2.4273556269549004
POLD1,0.17916345791515112
POLD2,0.2162103522810499
POLD3,0.1334611108597271
POLD4,53.72315994521391
POLE,0.006408251711053907
POLE2,0.05314101253688114
POLE3,5.809747980062868
POLE4,2.0105402689711753
POLG,8.928979530177324
POLG2,1.1541427420693862
POLH,0.4478521707988502
POLI,0.42633070078025664
POLK,0.5695234153192406
POLL,6.874325101853803
POLM,4.745638128109547
POLN,0.046743854014562825
POLQ,0.00463900358617935
POLR1A,0.04030925443546935
POLR1B,0.04875532636261088
POLR1C,1.2708531874158793
POLR1D,21.644453210297087
POLR1E,1.2471020979391996
POLR2A,1.7129636484913544
POLR2B,3.7305101161705854
POLR2C,45.89971439176947
POLR2D,2.230597840244111
POLR2E,32.61787879732206
POLR2F,1.0631715068245051
POLR2G,4.151527921203196
POLR2H,11.068599717243659
POLR2I,2.994380784480647
POLR2J,10.067921726741035
POLR2K,1.1328992911688789
POLR2L,23.185165475900487
POLR3A,0.018974317899508538
POLR3B,0.08597202818154462
POLR3C,0.12299930525696853
POLR3D,0.3277676788591005
POLR3E,1.1583976538018703
POLR3F,0.46856638245646215
POLR3G,0.03405041609480654
POLR3GL,14.15858460237503
POLR3K,1.4736960395597631
POLRMT,0.7283788625864447
POMGNT1,0.7061939310352615
POMT1,0.6922569446870668
POMT2,0.6349172279802828
PON3,0.01834215042708883
POR,233.0674957511157
PPA1,58.848318828153104
PPA2,11.099050895761694
PPARA,0.15718710947358558
PPAT,0.24339853060837838
PPCDC,5.623086329170721
PPCS,13.157854877984603
PPEF1,0.008157888280132456
PPEF2,0.0475767992202525
PPIA,31.508337785692476
PPIAL4A,0.3354345050980549
PPIAL4C,0.3354345050980549
PPIAL4E,0.3354345050980549
PPIAL4G,0.268482852037696
PPIB,578.6121587660092
PPIC,0.1153688584544661
PPID,211.05136775677784
PPIE,0.8167129691880818
PPIF,39.3844974351217
PPIG,0.8616174671997392
PPIH,43.636878650349
PPIL1,2.663766218746402
PPIL2,0.1512839732502423
PPIL3,2.8846568765673277
PPIL4,0.5211371948742136
PPIL6,0.018681421740015174
PPIP5K1,0.06445230307519517
PPIP5K2,0.8428887492203663
PPM1A,2.298262327259113
PPM1B,4.7353892203421
PPM1D,4.8508568498800795
PPM1E,0.6236199459250633
PPM1F,57.651913429962086
PPM1G,4.031340095509676
PPM1K,0.3558947092142224
PPM1M,124.1820584844125
PPOX,1.9466861856862996
PPP1CA,147.4779814713687
PPP1CB,67.2573203684303
PPP1CC,8.360457371113984
PPP1R1A,0.12944417526611043
PPP1R1B,0.7141742754958839
PPP1R2,24.10627046481368
PPP1R3A,0.012902283021576321
PPP1R3B,49.85207335484803
PPP1R3C,0.05838380418299727
PPP2CA,51.77114497725708
PPP2CB,3.0285842946001997
PPP2R1A,51.27402120256505
PPP2R1B,0.9298827411191346
PPP2R2A,53.14659144893078
PPP2R2B,0.1827964060105614
PPP2R2C,0.13628253074558544
PPP2R3A,0.05204382781940016
PPP2R3B,3.9403727959244597
PPP3CA,269.4501506861265
PPP3CB,3.108426883689318
PPP3CC,1.4140013975178558
PPP3R1,122.6085016124007
PPP3R2,2.4370537589271226
PPP4C,87.0200450764954
PPP5C,2.2417258271312672
PPP6C,78.19500384743017
PPT1,17.52303531151366
PPT2,0.9281228385112609
PPWD1,4.103000693504176
PRAG1,0.3354345050980549
PRDX1,1093.599114251588
PRDX2,633.802210069348
PRDX3,10.71249471681643
PRDX6,554.969774769478
PREP,10.017565060787645
PRKAA1,6.736157587307509
PRKAA2,0.01903698465319815
PRKAB2,0.8133684638589799
PRKACA,507.13324079401923
PRKACB,6.291083195017511
PRKACG,5.25292276820224
PRKAG2,0.7467144575816346
PRKAR1A,6.934607181534355
PRKAR1B,2.392677883084075
PRKAR2A,11.434872393467044
PRKAR2B,95.13557129452914
PRKCA,0.6753830995776918
PRKCB,45.43302230011215
PRKCD,18.0724965341245
PRKCE,0.45866466183442606
PRKCG,0.10177257923232821
PRKCH,6.780230709113136
PRKCI,0.2894892093326353
PRKCQ,1.6429622383851614
PRKCSH,83.29753910041036
PRKCZ,2.2277898293474188
PRKD1,0.0013276988171370813
PRKD2,20.824917582695427
PRKD3,1.4380591268879157
PRKDC,0.7869404076584389
PRKG1,0.03064988079574358
PRKG2,0.012872877582205065
PRKN,0.21524163632635238
PRKX,0.8230236038174702
PRKY,0.8382989516470761
PRODH,0.10242923514108003
PRODH2,0.005156673966994169
PRPF19,44.9478181065497
PRPF4,25.685029087302617
PRPF4B,5.357796593183314
PRPS1,89.94763589183138
PRPS1L1,1.6993128857058533
PRPS2,1.3959933865313852
PRRT2,0.2797016287322717
PSAP,52.4564409330476
PSAT1,2.2582587825414713
PSKH1,4.368412321380809
PSKH2,0.11813839957802594
PSPH,29.941556466286524
PSPHP1,0.3354345050980549
PTDSS1,4.004204667215294
PTDSS2,1.3372733342016334
PTEN,12.247011666237265
PTGDS,11.680915495411377
PTGES,1.8825677708314317
PTGES2,7.169486337869215
PTGES3,767.9710536287971
PTGIS,0.3947418218299326
PTGR1,1.2984927176821883
PTGS1,15.420867450529087
PTGS2,0.7291690692981764
PTK2,0.04325728316389774
PTK2B,115.55400381900513
PTK6,0.1911629027922486
PTK7,0.005778474026432393
PTP4A2,1.0597122946508433
PTP4A3,8.609444956541623
PTPDC1,0.05845557760386455
PTPMT1,1.3829212523478258
PTPN1,15.975915531805594
PTPN11,1.1694602207898595
PTPN12,4.65654286613635
PTPN13,0.01902769790028018
PTPN14,0.0108575202757726
PTPN18,32.33192622472797
PTPN2,3.4053760370631005
PTPN21,0.018320588238726794
PTPN22,6.053655879469436
PTPN23,2.500794324470984
PTPN3,0.00916828036796709
PTPN4,0.7442046144367306
PTPN5,0.04985862682031732
PTPN6,300.5748995950126
PTPN7,8.43643460137669
PTPN9,0.04625219784825495
PTPRA,0.10197829831937764
PTPRB,0.00837449836425793
PTPRC,300.46422419287205
PTPRD,0.024386445960932753
PTPRE,31.114016356430863
PTPRF,0.03760196022137035
PTPRG,0.013105420560381211
PTPRH,0.004891760344852757
PTPRJ,8.602515675728913
PTPRK,0.03260265305828181
PTPRM,0.07916195732554572
PTPRN,0.5295026687523727
PTPRN2,2.770437219391591
PTPRO,0.21109761916183487
PTPRQ,0.3354345050980549
PTPRR,0.02130496072607616
PTPRS,0.11042974217388668
PTPRT,0.0006266040857929162
PTPRU,0.02004654116697476
PTPRZ1,0.034906076105825704
PTRH1,3.6986971557002746
PTRH2,106.02340580329084
PTS,0.1328375588364262
PUS1,0.935666046347509
PXDN,0.003755743617986143
PXDNL,0.0071425519583483655
PXYLP1,0.3900283303635837
PYCR1,0.14830752898329877
PYCR2,61.38620782567792
PYCR3,18.52640291410028
PYGB,40.416887109382884
PYGL,688.7941375174828
PYGM,10.69110109758172
PYURF,0.6402221518630032
QARS,50.38308313615903
QDPR,27.52829529064798
QPCT,423.4378667766599
QPRT,0.24801098768927235
QTRT1,0.9617863388647772
QTRT2,3.0803803903498332
RAD1,0.05647651656653682
RAD18,0.1602165654496713
RAD9A,3.4494956103257883
RAF1,0.7773480884621744
RAG1,0.013438991050211783
RALBP1,21.769698609225955
RARS,28.559712099810113
RARS2,1.3413154037218062
RBBP6,0.04302401587261076
RBKS,0.19768041144657547
RBP1,17.852573229739903
RBP2,0.44262896504099397
RBP4,0.01732627531058247
RCHY1,2.692405509795302
RCL1,0.43253948642650664
RDH10,0.23805122329839248
RDH11,65.05305760939187
RDH12,0.012024031608515402
RDH13,0.2170157986672817
RDH14,0.8353036684634451
RDH16,0.059785470176343586
RDH5,2.7447914046063335
RDH8,0.3354345050980549
REG3A,1.0306251582889825
RENBP,4.812968779013439
RET,0.04919146248036089
REV3L,0.18463278862791327
RFC5,1.31058495211039
RFK,0.9781914693884588
RFWD3,0.7416958863409583
RGL1,0.7769185586900839
RHAG,0.24155264652931324
RHBG,0.003719094575363771
RHCG,0.0037165983924401656
RING1,5.895163662910292
RIOK1,0.0791006411839728
RIOK2,0.016390365900409317
RIOK3,18.668186833504734
RIPK1,4.755891206734652
RIPK2,0.5997574314441458
RIPK3,18.915204269462883
RIPK4,0.016366738063586128
RIPOR1,1.8350848174091228
RNF103,2.3336533189733637
RNF115,0.8977053052568885
RNF123,5.8029676024946575
RNF125,0.8276023174211493
RNF126,4.878494798035821
RNF128,0.22536477082930026
RNF13,50.97170973233035
RNF130,31.886840541394786
RNF133,0.653076452063379
RNF138,3.250019915351794
RNF139,4.6209298946997865
RNF14,2.0272246090324493
RNF144A,0.3387374908640046
RNF144B,14.38820325889118
RNF146,11.825311772088275
RNF149,339.6313034771566
RNF152,0.03787298648101024
RNF167,210.40423332187038
RNF180,0.001701275155782222
RNF182,0.005242771371967017
RNF185,8.388074970786432
RNF187,22.287336046378154
RNF19A,2.646677702374459
RNF19B,39.033373663297176
RNF2,2.2393296969323764
RNF20,0.8490952207342303
RNF216,6.126482196429189
RNF217,0.06278287290955686
RNF25,7.633063959822134
RNF31,11.594390328586277
RNF40,1.0085170502728427
RNF41,7.015785004030012
RNF5,9.481257421060524
RNF8,0.4737640621086253
RNGTT,0.676361994211524
RNMT,5.068334505744498
ROCK1,3.7108518977607132
ROCK2,0.9756754346810123
ROR1,0.6806145845209013
ROR2,0.1997655398426688
RORA,0.3060184530648436
ROS1,0.004151634899798386
RPAP2,0.06722297043964853
RPE,5.129611270197245
RPE65,0.019545563214774308
RPIA,8.55103413410305
RPL14,128.2294406152475
RPN1,297.4446616554116
RPN2,47.25818611787021
RPP14,3.333184645468766
RPS6KA1,207.057339948809
RPS6KA2,0.24235831579317532
RPS6KA3,1.8651834367877291
RPS6KA4,0.3252143981958552
RPS6KA5,0.17651285207611903
RPS6KA6,0.007824092715906948
RPS6KB1,0.23291299739895327
RPS6KB2,17.149505842583075
RPS6KC1,0.04051875099331015
RPUSD4,0.12911963743237082
RRM1,0.6824382017089043
RRM2,0.13872268105436
RRM2B,4.0305275306740596
RTCA,3.198269646399655
RWDD2A,0.07845267225861179
RXRA,38.80511731037046
RYK,1.2074758740372065
SACM1L,5.142397072848824
SAE1,18.9059570982183
SAP130,0.1614257283578591
SARDH,0.056978781218128764
SARS,40.150214615535496
SARS2,0.6674615676473621
SAT1,645.3975452338725
SAT2,10.101477699825221
SBK1,0.7381855455782157
SC5D,0.6427870164633442
SCARB1,0.4309973590543662
SCARF2,0.047057620012725614
SCD,0.3653370785221197
SCD5,0.11300953337720977
SCLY,0.44879103465210046
SCP2,9.943255173828756
SDC1,0.017654476351900542
SDHA,25.801312108663847
SDHB,81.06510798479292
SDHC,9.042695325972327
SDHD,0.7179139330257708
SDR16C5,0.02397431618991598
SDR42E1,0.040050296505093515
SDR42E2,0.004108607598571836
SDR9C7,0.6181733836443202
SDS,0.012567588421963849
SDSL,0.08366080343450788
SEC11A,73.86121441735133
SEC11C,0.16831988016625501
SELENOI,0.1784505883933933
SEPHS1,29.007846254207358
SEPHS2,45.95109751234601
SERPINA1,1071.2534249230494
SERPINA3,0.16506293358414426
SETD1A,0.026089398930451202
SETD1B,4.307633825781783
SETD2,0.010388789401098475
SETD5,3.1520920301340816
SETD7,0.22059444268265027
SETDB1,0.08324546624096978
SETDB2,0.35166315912617857
SETMAR,0.25592983517516216
SFXN3,326.60917561220214
SGK1,2.410247177809943
SGK2,0.01823745114808418
SGK3,0.49320305773232215
SGMS1,1.2788912254020481
SGMS2,1.4041750745802284
SGPL1,5.053694260053691
SGPP1,0.8047424342565794
SGPP2,0.12725466862728715
SGSH,3.8966451992655213
SH3RF1,0.057523433030025564
SH3RF2,0.028419458401535223
SH3RF3,0.21744362988029006
SHMT1,19.623845062914818
SHMT2,45.25295334524986
SHPK,0.32209852098168734
SHPRH,0.024527228346587
SI,0.18373547314711697
SIAE,2.257389392770049
SIAH1,0.24211522934135205
SIAH2,51.19076983012605
SIK2,0.3836741150625234
SIK3,1.2001964124799027
SIN3A,0.5932060956423323
SIN3B,0.02039093345935621
SIRT1,0.9867459165794482
SIRT2,17.134329826199128
SIRT3,1.1217673983484975
SIRT5,6.465609062793396
SIRT6,7.415219384282177
SIRT7,45.66606032944636
SLC10A1,0.01162572314023669
SLC10A2,0.058748703153154044
SLC10A6,0.11880179429376408
SLC11A1,435.03775215081214
SLC11A2,0.49320305773232215
SLC12A1,0.0016057096465572475
SLC12A2,0.05030074130331507
SLC12A3,0.005779072099887492
SLC12A4,0.019037989766230303
SLC12A5,0.04224332532512434
SLC12A6,0.17370667250927932
SLC12A7,0.498606861083712
SLC13A1,0.0021608891265533486
SLC13A2,0.9791894450655247
SLC13A3,0.011994898382432458
SLC13A4,0.02797281708331684
SLC13A5,0.012664354315466681
SLC14A1,1.8881285065603548
SLC14A2,0.052867346971752514
SLC15A1,0.09490302837853704
SLC15A2,0.6334430679993016
SLC15A3,52.34065675421145
SLC15A4,23.984463498110696
SLC16A1,0.38244540761053786
SLC16A10,0.018440762935042748
SLC16A2,0.0310127458308528
SLC16A3,141.57341454777938
SLC16A7,0.04933181960271104
SLC16A8,0.07618122763649182
SLC17A1,0.06505057075080632
SLC17A2,0.014797084619435076
SLC17A3,0.003014647625011193
SLC17A4,0.016758172785412122
SLC17A5,1.8128686534805134
SLC17A6,0.012681958609999147
SLC17A7,0.14863217446965793
SLC17A8,0.008430085498748208
SLC18A1,0.058656845323138175
SLC18A2,2.4736358834388734
SLC18A3,0.06214561646399096
SLC19A1,16.008779842731926
SLC19A2,0.29284325730102145
SLC19A3,0.004395704358966344
SLC1A1,0.02278793815157775
SLC1A2,0.20206943875235067
SLC1A3,1.2643498079155435
SLC1A4,0.05837764089836849
SLC1A5,11.220436416899227
SLC1A6,0.01805288101950903
SLC1A7,0.3052597111746151
SLC20A1,6.392261162486106
SLC20A2,0.22741618473330602
SLC22A1,4.346240501514223
SLC22A10,0.011863914471442024
SLC22A11,0.0055600428195271955
SLC22A12,0.00654204040100417
SLC22A13,0.00901662574758681
SLC22A16,1.4819361979921593
SLC22A18,4.864351867078079
SLC22A2,0.007254206433983537
SLC22A3,0.008324511476219645
SLC22A4,63.63598285112247
SLC22A5,0.311336565374809
SLC22A6,0.0043472537265528514
SLC22A7,0.3754031874781076
SLC22A8,0.6796964855365107
SLC22A9,0.004441669985000574
SLC23A1,0.07673896265213419
SLC23A2,1.1514844711818397
SLC24A1,0.038042507904409543
SLC24A2,0.008505204779671757
SLC24A3,0.6113853476766126
SLC24A4,1.2213940624972737
SLC25A1,51.44428422100246
SLC25A10,0.1807542020710315
SLC25A11,485.2024907318804
SLC25A12,28.28103890730913
SLC25A13,7.6707342143483155
SLC25A14,0.4520790945277696
SLC25A15,0.10382163036546373
SLC25A16,0.2408604739275717
SLC25A17,0.3221018883225795
SLC25A18,0.1219410992465824
SLC25A19,0.6334430679993016
SLC25A2,0.7617097541989009
SLC25A20,10.783847411512493
SLC25A21,2.7145145045801033
SLC25A22,0.8148919603711482
SLC25A26,0.286727160294392
SLC25A27,0.03709448032549142
SLC25A28,23.91309451968762
SLC25A29,0.9919563891644801
SLC25A3,346.14848999930746
SLC25A37,885.3580735895007
SLC25A4,10.314801724908031
SLC25A5,488.157333899291
SLC25A6,105.27326640915614
SLC26A1,0.058850538774054786
SLC26A11,0.8930771478530102
SLC26A2,0.21322438814685343
SLC26A3,0.01250020350272041
SLC26A4,0.020311702326700737
SLC26A6,21.754037728817146
SLC26A7,0.025799012804505073
SLC26A8,10.101477699825221
SLC26A9,0.012755344472392864
SLC27A1,0.3795834665819526
SLC27A2,0.010774191528624757
SLC27A3,5.49814032441314
SLC27A4,0.4095940121744468
SLC27A5,0.08144477619537652
SLC27A6,0.0142344556788992
SLC28A1,0.002651027177591326
SLC28A2,0.0599989594938462
SLC28A3,0.12047573912448373
SLC29A1,0.4558407392656249
SLC29A2,0.15041939157924478
SLC29A3,0.5792236712379416
SLC29A4,0.10564318656285124
SLC2A1,8.770483740158461
SLC2A10,0.015375427957686419
SLC2A11,0.09868996854115854
SLC2A12,0.021131410680393023
SLC2A13,0.05385046529566608
SLC2A14,0.153023977236
SLC2A2,0.7271472329221568
SLC2A3,444.813304524616
SLC2A4,0.047511324407351285
SLC2A5,0.012535354895251889
SLC2A6,1.3976292198342741
SLC2A7,0.02769435809366143
SLC2A8,0.2501397526472074
SLC2A9,0.9747756042729625
SLC30A1,1.7094277900635917
SLC30A6,1.5458623083571106
SLC30A7,4.14938446283155
SLC31A1,2.7513489682005687
SLC32A1,0.019862759166819365
SLC33A1,25.677654103406997
SLC34A1,0.007848878161558713
SLC34A2,0.27274324574022685
SLC34A3,0.010161938631845217
SLC35A1,8.96380351632721
SLC35A2,2.446023416301453
SLC35A3,0.10898695089676937
SLC35B2,0.07588262401152308
SLC35B4,0.25719464389434954
SLC35C1,1.575187184943126
SLC35D1,0.5285430993628963
SLC35D2,3.510994656114055
SLC36A1,6.020591056704302
SLC36A2,0.005678655274701437
SLC36A4,1.4962334400182564
SLC37A1,0.7557590829812185
SLC37A4,0.8628157934774068
SLC38A1,2.103582284066424
SLC38A2,52.73642934631074
SLC38A3,0.0384837289879637
SLC38A4,0.005167099993923578
SLC38A5,21.456764190598502
SLC39A7,5.879356977279904
SLC3A1,0.004561986108010918
SLC3A2,5.16847297038779
SLC40A1,51.78723755739109
SLC41A1,0.4591355388311272
SLC41A2,0.017017831513525164
SLC43A1,1.0726452754005071
SLC43A2,20.80934803958476
SLC46A1,0.05080872722952263
SLC47A1,0.02018686340787479
SLC47A2,0.006622781328705029
SLC4A1,72.76489388594257
SLC4A10,0.013572134785916406
SLC4A2,3.6721729989850838
SLC4A3,0.14332798334481003
SLC4A4,0.014691245951790884
SLC4A5,0.12725466862728715
SLC4A7,0.02440803959040951
SLC4A8,0.008158174980706166
SLC4A9,0.01057340370825757
SLC51A,2.3587588263599213
SLC51B,0.013776622855367293
SLC52A1,0.012987608704532529
SLC52A2,1.3769273857102875
SLC52A3,0.040802408873549224
SLC5A1,0.04663932690889191
SLC5A10,0.2316711112582504
SLC5A11,0.05452558857412383
SLC5A12,0.00121400183727314
SLC5A2,0.018283632268742373
SLC5A3,0.1255683507315296
SLC5A5,0.03906171702254982
SLC5A6,1.0437326292508604
SLC5A7,0.004005080755200924
SLC5A8,0.0051176011360664925
SLC5A9,4.365877646941839
SLC6A1,0.07432601018454252
SLC6A10P,0.3354345050980549
SLC6A11,0.015450695909467786
SLC6A12,1.474794377312239
SLC6A13,0.0875858330498165
SLC6A14,0.004672430397723998
SLC6A18,0.020564936803086797
SLC6A19,0.003911955648912661
SLC6A2,0.05126577654728052
SLC6A20,0.043270739804743864
SLC6A3,0.11152113387915114
SLC6A4,0.09458678641522845
SLC6A5,0.10319845039380167
SLC6A6,5.761603953354427
SLC6A7,0.005428641475688173
SLC6A8,17.95633965017828
SLC6A9,0.7643143508839204
SLC7A1,0.34630374703431677
SLC7A10,0.44725159747283744
SLC7A11,0.054561152033996266
SLC7A2,0.026926759693544435
SLC7A3,0.04448941571177317
SLC7A5,0.9058933915198951
SLC7A6,0.830656650076918
SLC7A7,41.39367333150476
SLC7A8,0.37912471162835
SLC7A9,0.054881360483703685
SLC8A1,2.0846017685069915
SLC8A2,0.018706127901811292
SLC8A3,0.028582697657057548
SLC8B1,9.847126168502239
SLC9A1,11.673701829081786
SLC9A2,0.0036318603480459013
SLC9A3,0.21551561258944135
SLC9A4,0.01149528036691754
SLC9A5,0.053105572507045735
SLC9A7,0.04445146740624995
SLC9A8,43.65167203101448
SLCO1A2,0.01964500317232159
SLCO1B1,0.5745214485775751
SLCO1B3,0.04767210311424515
SLCO1C1,0.00784061519856009
SLCO2A1,0.10630307180595167
SLCO2B1,0.03571205629838271
SLCO3A1,14.380788620631424
SLCO4A1,1.0269589880336676
SLK,3.282518388506991
SMARCD3,10.4419278472714
SMG1,0.17386396980752042
SMPD1,10.151033783316544
SMPD2,3.336668535633956
SMPD3,0.20206943875235067
SMPD4,0.42323985774514544
SMS,13.608122888218627
SMURF1,1.3927224779087293
SMURF2,1.4052664419729992
SMYD3,0.30628413544356037
SNRK,7.721799251676241
SOAT1,2.6719934327881805
SOAT2,0.025902150608473954
SOD1,180.16544478444655
SOD2,120.34817020120589
SOD3,0.09699990147570425
SORD,0.3210650857835299
SPCS1,22.972100426907502
SPCS2,38.61761023980756
SPCS3,90.35537662997433
SPEG,0.081144904072423
SPHK1,1.486333421614278
SPHK2,0.243847163005363
SPR,19.72886770628736
SPRYD3,11.774746492321801
SPTLC1,5.767537186801345
SPTLC2,5.847914211788778
SPTLC3,0.003143698060981713
SQLE,0.012304325406164121
SRC,1.0008053726313784
SRD5A1,0.4156229886611605
SRD5A2,0.3354345050980549
SRD5A3,1.1053612090756444
SREBF1,2.1687464359323743
SRM,39.894472187105734
SRMS,0.15573239593730395
SRPK1,14.280581049091557
SRPK2,5.564165157351322
SRPK3,0.06810108428561064
SSH1,11.213260896357705
SSH2,50.12293411983405
SSH3,10.848118090526919
SSR4,50.21335602213728
SSU72,76.64331160670321
ST3GAL1,8.016261023571351
ST3GAL2,30.66299844259032
ST3GAL3,0.8393186211267547
ST3GAL4,47.744335488241646
ST3GAL5,0.35425589879498365
ST3GAL6,2.158926280550943
ST6GAL1,3.3128747857327796
ST6GALNAC1,0.12805028298252807
ST6GALNAC2,28.85962242308194
ST6GALNAC3,1.5342631905196038
ST6GALNAC4,24.779322308160282
ST6GALNAC5,0.0022494330438278067
ST6GALNAC6,8.574805911975673
ST8SIA1,0.017561913350333025
ST8SIA4,8.810712105987534
ST8SIA5,0.11355776710466821
STAMBP,3.0419858845948338
STAMBPL1,0.18438223049095498
STARD3,28.632178208362493
STK10,1.9203578889875736
STK11,14.90846862253102
STK16,1.7760420028133517
STK17A,29.70647490040139
STK17B,48.8141243755136
STK19,1.8154631383334792
STK24,10.456145403473753
STK25,0.2938710898214609
STK26,0.629690691282171
STK3,2.3706967075555805
STK31,0.04374371410795598
STK32A,0.0036841681589578268
STK32B,0.030320493909606464
STK32C,1.2160384260547996
STK33,0.04324205163232678
STK35,7.204983577166202
STK36,0.6304961048004079
STK38,26.906048419815765
STK38L,4.449623801452031
STK39,1.8244862235840726
STK4,2.6628134308841704
STRA6,0.003204815908822957
STS,1.79538528639636
STT3A,0.6787912281264891
STT3B,10.898141129349607
STUB1,13.280574668347036
STYK1,0.06054201772872926
STYXL1,7.015785004030012
SUCLA2,5.58928020373532
SUCLG1,68.08970415614797
SUCLG2,27.42106159533498
SULT1A1,11.991655100995587
SULT1A2,0.25118328605425866
SULT1A3,0.0800965038346176
SULT1B1,47.83119325489232
SULT1C2,1.4031706299134283
SULT1C4,0.01299643972569024
SULT1E1,0.08069536972011798
SULT2A1,0.0054207706092901445
SULT2B1,0.028713377616765786
SULT4A1,0.08275842326363844
SUOX,1.1270664928400844
SUV39H1,0.94105161449056
SUV39H2,0.07614406438553913
SYK,61.1170818334905
SYNJ1,0.021403255488073
SYNJ2,0.009786251571816762
SYVN1,0.13728867436093592
TAF1,0.5753409790786381
TALDO1,856.5800383164303
TAOK1,0.5145379355050758
TAOK2,5.1087435318202115
TAOK3,5.559585833081675
TARS,18.00297715038146
TARS2,0.1047271948723182
TARSL2,0.620388100646227
TAT,0.28571233464989304
TBCB,35.37500655413982
TBK1,0.4208688683552641
TBL1X,13.105167874791452
TBL1XR1,2.181813641534258
TBXAS1,49.08423687929872
TCIRG1,229.07593727208888
TDO2,0.036270215787805926
TECR,13.296421533260544
TECRL,0.03598125268919282
TENT2,0.15316461371698084
TENT4A,0.45357387630786017
TESK1,2.595136292744569
TESK2,2.4983452848351404
TFRC,2.3953931878186716
TGDS,0.738686888400866
TGFBR1,11.601597518469179
TGFBR2,55.38482422894839
TGM1,0.07785603406408359
TGM2,2.061625596624515
TGM3,0.09309699627275775
TGM4,0.014174885748635195
TGM5,0.3587832992254833
TGM6,0.018105422639918517
TGM7,0.010110657762072556
TGS1,0.7301701779871348
TH,0.3942180720015461
THNSL1,0.0719602241055777
THTPA,0.997214952962596
TIAM2,0.45866466183442606
TICRR,0.002489351354843374
TIPARP,3.96226064473846
TK1,0.3160389873619666
TK2,3.5374831038777574
TKFC,17.655218887752373
TKT,520.3138221987725
TKTL1,0.27758524942408863
TKTL2,0.3040568295727089
TLK1,2.8529529325147496
TLK2,0.06758615618799534
TM7SF2,1.1850373213845222
TMEM91,41.79450427894381
TMLHE,2.2277898293474188
TMX3,1.3275192192336154
TNFRSF21,0.10134798136048302
TNIK,0.5772818949545747
TNK1,0.0875858330498165
TNK2,13.745035068307722
TNKS,0.529022855384583
TNKS2,4.016109813484619
TNNI3K,0.02371282579566589
TNS2,1.434061794943761
TOPORS,3.808761919358758
TP53RK,1.119648683065256
TPH1,0.0036318603480459013
TPH2,0.08567194949607831
TPI1,1817.97695921979
TPI1P2,0.058850538774054786
TPK1,4.425493586129854
TPMT,1.1451079224612541
TPO,0.1655156793230887
TPP1,33.282479628917834
TPSAB1,0.052432805868736033
TPSB2,0.07867656608881048
TPSD1,0.011312988096560677
TPST1,24.51664185896574
TPST2,58.21045371303012
TPTE,0.3354345050980549
TPTE2,0.3354345050980549
TRAF7,8.547107944434178
TRDMT1,0.16703974768782603
TREH,0.010002266600942927
TREX1,1.4371853604091225
TREX2,0.2307246748566805
TRHDE,0.003500288477345728
TRIB3,0.535264888286202
TRIM11,3.0092699467614206
TRIM32,0.05956415481292084
TRIM33,0.8450009944825233
TRIM63,0.4756559966411019
TRIO,0.05486728683792985
TRIP12,6.761849921070602
TRIT1,0.49225243469308366
TRMT1,1.5280047146897562
TRMT11,0.09992151227185411
TRMT1L,3.202527289991509
TRMU,0.990914005438673
TRPM6,1.1919766549813575
TRPM7,0.44973015742594585
TSSK1B,0.20447763106973466
TSSK2,0.0231714118888251
TSSK3,2.6057890571926916
TSSK4,0.44691356626580764
TSSK6,0.25806740386979465
TST,10.122712107297072
TSTA3,86.25612715007368
TTC3,0.7076893446109881
TTK,0.0003808291355068347
TTL,0.04759520114785137
TTLL10,0.025470624300673577
TTN,0.14903811276565937
TUSC3,0.0007046798329721903
TUT1,0.038997632731141485
TUT4,0.6950417161591614
TUT7,0.1907089895411479
TXN,711.7542816275707
TXN2,7.172567470294338
TXNRD1,54.31820946668072
TXNRD2,1.7245562193703263
TXNRD3,0.020533116334541246
TYMP,199.67024014460497
TYMS,0.34877152272611095
TYR,0.1046323172264974
TYRO3,0.10502261388287688
TYRP1,0.006156330621928422
UAP1,1.1075321288434417
UAP1L1,2.219673488710698
UBA1,201.68198851111626
UBA2,9.590342307249342
UBA3,26.103693381231594
UBA6,8.326428803462973
UBA7,10.56285812488724
UBE2A,16.73593443047481
UBE2B,57.8094799184587
UBE2C,1.6592583074780272
UBE2D1,51.059318912844596
UBE2D2,9.803204931146967
UBE2D3,739.1142403664853
UBE2D4,0.4440993126042946
UBE2E1,4.755889953774097
UBE2E2,0.15096233218834118
UBE2E3,1.3197965276139223
UBE2F,1.5276410867205508
UBE2G1,4.967886332405665
UBE2G2,0.8454024621660705
UBE2H,151.42641935165483
UBE2I,83.5287302103286
UBE2J1,15.88469213304411
UBE2J2,9.586608761653043
UBE2K,111.76956563356995
UBE2L3,446.36187110647353
UBE2L6,11.184892006283903
UBE2M,84.7476731590537
UBE2N,2.943603417550895
UBE2NL,0.3354345050980549
UBE2O,2.7418113760011544
UBE2Q1,1.950766040175432
UBE2Q2,0.1338919384209149
UBE2QL1,0.024325686627981347
UBE2R2,30.39883226471742
UBE2S,4.7129799299962505
UBE2T,0.10395514469167198
UBE2U,0.023784263818109993
UBE2W,4.852141876679053
UBE2Z,15.505789692457705
UBE3A,0.8943385470699905
UBE3B,2.4524822443895573
UBE3C,0.5389513173591515
UBE4A,0.18949552682347182
UBE4B,1.0274820170135077
UBLCP1,38.54925915504568
UBR1,0.06828354801344258
UBR2,4.019308709770887
UBR3,0.004642293113710867
UBR4,1.5243354820783073
UBR5,0.12530423174536165
UBR7,1.827549285415844
UCK1,3.8952472123365474
UCK2,0.2537593332045802
UCKL1,1.4074495118410686
UCP1,0.058364989262093596
UCP2,41.027403083795264
UCP3,0.28031930449738524
UEVLD,1.3026350289176956
UGCG,46.686355606565975
UGDH,2.6525971132285213
UGGT2,0.004237865609743441
UGP2,709.0963814855677
UGT1A1,0.5818457107151666
UGT1A10,0.013093633071052187
UGT1A3,1.0114790584917612
UGT1A4,0.0951329295757727
UGT1A5,0.4044927492424471
UGT1A6,0.17846484523713252
UGT1A7,0.817507176308654
UGT1A8,0.1293154038699776
UGT1A9,0.11549856641655931
UGT2A1,0.3354345050980549
UGT2A3,1.2389146853275619
UGT2B10,1.2536713325042186
UGT2B11,0.23720441855058141
UGT2B15,0.6704297803167216
UGT2B17,0.011446052591185843
UGT2B28,0.6936387983112186
UGT2B4,0.7544150219594951
UGT2B7,0.1550237091590488
UGT3A1,0.12021469926971337
UGT3A2,0.0494868784154801
UGT8,0.042037077854921556
UHMK1,4.334843648279183
UHRF1,0.0667923035021856
UHRF2,1.0390114258681082
ULK1,22.468099693293027
ULK3,4.306368802654597
ULK4,0.0712598352301036
UMPS,14.823677896476754
UPB1,0.27072175092332884
UPP1,33.37846046717182
UPP2,0.007617951897660485
UPRT,0.2216567450394665
UQCR10,8.409915108234758
UQCR11,18.48413598628234
UQCRB,7.681808857547821
UQCRC1,465.8960359642576
UQCRC2,281.0345153998483
UQCRFS1,40.74365056188328
UQCRH,6.545414739720609
UQCRQ,7.355650658672052
UROC1,0.0029903789997121947
UROD,6.995047942615109
UROS,1.5375760488994838
USP1,2.4225557419137504
USP10,9.78524473814545
USP11,2.759697937741232
USP12,1.9091366337851672
USP13,0.09062099879713062
USP14,5.850219918379129
USP15,20.673926390424956
USP16,2.5714841302626428
USP17L2,0.7544524097088302
USP17L22,0.04998256910149056
USP17L30,0.050968258904732194
USP17L5,0.050968258904732194
USP17L9P,0.3354345050980549
USP18,0.01112242966446825
USP19,0.46143464455268257
USP2,0.048770708116084326
USP20,3.8168535509864325
USP21,5.685369284437192
USP22,11.191737966446677
USP24,0.21941117770273047
USP25,0.03383636372940828
USP26,0.005154067894068654
USP28,0.897190909930762
USP29,0.08228852752006045
USP3,1.1308400850663587
USP30,0.013838365294585193
USP31,0.19376644791873066
USP32,0.7395268569974632
USP33,4.235605980069835
USP34,1.7419474846887384
USP35,0.8459504463161622
USP36,0.6580708251877899
USP37,0.06452501751351561
USP38,1.7846807403980958
USP4,2.439215127681535
USP40,0.01529810949760317
USP41,0.01834435481333142
USP42,0.3232223159180174
USP43,0.0018819607223532155
USP44,0.022357366926080532
USP45,0.027494617627669825
USP46,0.07114933017116071
USP47,0.6014990562160654
USP48,0.12094291583746636
USP49,0.5772818949545747
USP51,0.13547026335079093
USP6,0.019934376460274985
USP7,8.255382757153411
USP8,0.24515489298874157
USP9X,2.1523674881290438
USP9Y,0.14822638223553541
UST,0.039947879027538
UXS1,2.4601182957136016
VARS,11.837457748705786
VARS2,6.487069963659506
VKORC1,9.404097609420944
VNN1,50.81406322290678
VNN2,2434.382964978387
VNN3,51.69946466029339
VRK1,2.7962744668691872
VRK2,0.5553043179100469
VRK3,10.58421777574175
WARS,52.15872114371961
WARS2,0.3336341446146959
WDYHV1,0.13949749913220788
WEE1,0.14538995122018802
WEE2,0.017169555008959787
WNK1,0.8313768479698963
WNK2,0.03889160275457272
WNK3,0.0035622709401884603
WNK4,0.0031485817700821774
WWOX,0.05367298595169535
WWP1,1.0568618303634731
WWP2,0.1020704780422894
XDH,0.0028229167547089823
XPO6,4.520935044489379
XPO7,5.468756861505763
XYLB,0.0017348704733868112
XYLT1,0.3020935390233508
XYLT2,1.387818013211071
YARS,148.0222171337155
YARS2,1.7514317841986693
YES1,0.1366035820028023
ZADH2,0.9706165422833983
ZAP70,12.791370146280169
ZC3HAV1,3.3084183178108253
ZNRD1,4.022961682168117
ZNRF1,0.30231636633540226
ZNRF2,0.7155595198819785
ZSWIM2,0.015679988656711358
