A4GALT,39.15382895625445
A4GNT,0.21321462884586356
AACS,8.986886356101989
AADAC,0.007832002047084135
AADAT,5.600534000461512
AAK1,4.63235397593901
AANAT,0.005571151220263815
AARS,353.95454681384683
AARS2,2.5704910497776137
AASDH,3.1334016068178685
AASDHPPT,7.000373505797371
AASS,25.68088608608493
AATK,3.0339944240547796
ABAT,2.099011997832921
ABCA1,2.200787805018847
ABCA3,9.42030708593498
ABCA4,0.0009969123231931985
ABCA8,11.37494629502349
ABCB1,0.8369351688253366
ABCB11,0.002027271736587305
ABCB4,0.04934701561241473
ABCB6,14.352775464996125
ABCC1,0.3060986791970961
ABCC11,0.44775315457859033
ABCC2,0.0822562221605621
ABCC3,0.6813302843464928
ABCC4,0.5404672524296078
ABCC5,7.042566795351053
ABCC8,0.020842626004011988
ABCC9,2.289380756169292
ABCD1,9.46895300007356
ABCD2,0.22072244541355285
ABCD3,44.400318187750834
ABCG2,0.8381414702850264
ABCG5,0.0012075088897628404
ABCG8,0.026673876708283938
ABHD12,13.264061000530596
ABHD5,3.7399132300431694
ABHD6,2.46969007584141
ABL1,72.8368809034298
ABL2,2.0728223830196706
ABO,0.06847788773278377
ACAA1,24.287565311059613
ACAA2,18.52791813922129
ACACA,15.920720840314823
ACACB,7.510843179195102
ACAD10,4.161230436384818
ACAD11,2.0225554864751234
ACAD8,22.03912634785672
ACAD9,245.79856513224806
ACADL,41.38383476218302
ACADM,37.28722585271615
ACADS,11.49770263546783
ACADSB,105.69318929589653
ACADVL,676.1809342787915
ACAT1,29.36528088856477
ACAT2,12.130009479225441
ACE,0.42374140204717314
ACE2,0.24134188330667392
ACER1,0.003938208798921741
ACER2,0.46822364506006325
ACER3,1.7658419947061677
ACHE,0.23545577496046077
ACLY,37.69025516175917
ACMSD,0.010355491524429888
ACO1,20.877652225886546
ACO2,44.32859234567184
ACOT1,9.053630438828858
ACOT11,0.7213701197888651
ACOT12,0.09846384054416166
ACOT13,3.0927837742148006
ACOT2,20.691670247247753
ACOT4,0.13743819570536844
ACOT6,0.009628032566185388
ACOT7,11.693208704362805
ACOT8,14.860880109946201
ACOX1,2.4622051402093934
ACOX2,11.831181297401288
ACOX3,12.828075766026052
ACP1,3624.192173927447
ACP2,4.936595892052164
ACP4,0.0036202735317779565
ACP5,0.22091893760710116
ACP6,5.744963145747746
ACP7,0.44999467512671487
ACPP,0.0133670705075903
ACSBG1,0.02213631576089061
ACSBG2,0.01856242798868847
ACSF2,3.634005469922498
ACSF3,2.647828583877449
ACSL1,30.679431361144903
ACSL3,6.373312621084542
ACSL4,4.946883175775765
ACSL5,1.045763723719748
ACSL6,1.6201602159325748
ACSM1,0.3350965915278902
ACSM2A,0.0585122933778039
ACSM2B,0.06320048198640206
ACSM3,0.20498915213246194
ACSM4,0.24076687484729298
ACSM5,0.23197784872751662
ACSS1,4.34127040010626
ACSS2,22.281084038752095
ACSS3,3.3809983140620345
ACVR1,17.499778163927107
ACVR1B,5.525530731904244
ACVR1C,0.003659579307077088
ACVR2A,3.2851069449882546
ACVR2B,1.0255269660847548
ACVRL1,5.30793908047052
ACY1,50.31214971054184
ACY3,0.8654554552953571
ACYP1,3.7156850368110854
ACYP2,1.988017240685333
ADA,1.0819569087838659
ADCY1,0.24568344586303204
ADCY10,0.006064269593378404
ADCY2,0.3030184829704024
ADCY3,20.45612134038424
ADCY4,9.958143442430519
ADCY5,141.68274460536162
ADCY6,34.89656721902259
ADCY7,0.33260628752598176
ADCY8,0.0016190660136940062
ADCY9,21.442474648603966
ADH1A,0.030115611547185978
ADH1B,341.6550689136321
ADH1C,0.9446708275742755
ADH4,0.14519439158362493
ADH5,1257.048243303529
ADH6,0.15687818613180418
ADH7,0.2868548176081043
ADHFE1,37.30552651845807
ADI1,127.78199300164697
ADK,10.324698174329441
ADO,15.268259749122956
ADPGK,37.32554985561692
ADPRH,33.10506745376679
ADSL,367.6660369619245
ADSS,152.1274356948581
ADSSL1,11.259652788210701
AFMID,5.908874336754334
AGA,48.7744132571803
AGK,7.557335783081113
AGL,0.9035092613775911
AGMAT,0.01171190567605199
AGPAT1,7.866497017388144
AGPAT2,15.44147612001045
AGPAT3,10.693878910631414
AGPAT4,0.29703855085723874
AGPAT5,2.1748651876613634
AGPS,34.0984704282651
AGT,21.262447702811038
AGXT,1.1981950333722313
AGXT2,0.07273189725255508
AHCY,1875.110725892019
AHCYL1,28.512899367710567
AHCYL2,2.506452171649955
AICDA,0.02460038993500046
AK1,441.91819103116126
AK2,363.9719595592245
AK3,52.6295145705245
AK4,363.3976956905656
AK5,6.073813083174559
AK7,0.05392400529378597
AKR1A1,88.23018793793842
AKR1B1,43.12887304335
AKR1B10,0.27502518616325244
AKR1B15,2.0793115605776
AKR1C1,1.43246032182437
AKR1C2,1.264499224806124
AKR1C3,3.148451474472763
AKR1C4,5.522781755496033
AKR1C8P,0.3354345050980549
AKR1D1,3.5763124860476507
AKR7A2,263.2596510975825
AKR7A3,0.08652354588792129
AKT1,3.909892346835927
AKT2,1.092661188900258
AKT3,44.65089130373419
ALAD,311.81598272332843
ALAS1,17.39761528689958
ALAS2,0.02870294262413536
ALB,0.035410174628699435
ALDH18A1,108.99994618855281
ALDH1A1,20.51292848172763
ALDH1A2,0.16774666048016879
ALDH1A3,0.3019720894375926
ALDH1B1,913.4817957228414
ALDH1L1,10.282268312372455
ALDH1L2,5.8204401113889785
ALDH2,2075.6660568742673
ALDH3A1,0.02292408336867566
ALDH3A2,95.94392607347754
ALDH3B1,4.186013156838306
ALDH3B2,0.006069051427439814
ALDH4A1,34.409672959411125
ALDH5A1,1.727681782776532
ALDH6A1,11.504931806947805
ALDH7A1,39.50335760609144
ALDH9A1,612.5526884784096
ALDOA,3330.5499674225307
ALDOB,0.008035518330438581
ALDOC,15.364827968808878
ALG1,2.88911771860628
ALG10,0.8897880798928594
ALG11,1.0002000984913815
ALG12,5.345115812661405
ALG13,8.608680969304848
ALG14,0.7110068872199177
ALG1L,0.9719153534795181
ALG1L2,0.026278263759315197
ALG2,43.221980278598835
ALG3,1.6987600571257349
ALG5,21.672820434991326
ALG6,1.1417129227463565
ALG8,4.052421416347763
ALG9,5.896224538298112
ALK,0.3835683702467758
ALLC,0.07330287529633939
ALOX12,0.21797524186475295
ALOX12B,0.015621072073369852
ALOX15,0.013210406792169303
ALOX15B,0.11934514571037094
ALOX5,1.334559176913148
ALPG,2.1334538652401167
ALPI,0.09522613776587274
ALPL,0.924121867001843
ALPP,0.12394730653401177
AMACR,103.27798469502781
AMD1,34.995917067557244
AMDHD1,0.1797946408287112
AMDHD2,10.50896377560957
AMFR,0.25824151646948085
AMHR2,0.06348622862741445
AMN,0.0027840392429028743
AMPD1,0.011779226914302852
AMPD2,6.3900922683570185
AMPD3,0.5637378637252304
AMT,12.909406454685755
AMY1A,2.6438139326066277
AMY1B,0.0051451683660184745
AMY1C,2.6438139326066277
AMY2A,0.0889939016823485
AMY2B,5.506811630981242
ANAPC11,67.19013031648859
ANGPTL4,3.704158902982243
ANKRD1,70.0332403603678
ANPEP,1.5675253580523107
ANXA3,40.014937219344326
AOAH,0.8372859669286431
AOC1,0.010962184450101773
AOC2,0.1681186717235052
AOC3,926.698730025107
AOX1,33.64605802444833
APOA1,0.2767372955601704
APOA2,180.33762034675766
APOA5,0.010777663298445877
APOB,3.2121539046114513
APOC1,0.35263177046768335
APOC2,27.211319250515267
APOC3,46.87519708233557
APOE,28.764674539839117
APRT,551.1624459836702
AQP1,410.5391363573348
AQP10,0.002211896243770941
AQP2,0.009608803368138514
AQP3,0.821490846479584
AQP4,0.009106388958450602
AQP5,0.009329981889344334
AQP7,0.42374140204717314
AQP8,0.00956862177400734
AQP9,0.006565560217939914
ARAF,2.160692325870975
ARCN1,237.53042665049855
ARG1,0.041852054721043176
ARG2,0.8104277889698305
ARSA,27.035512258781182
ARSB,1.7664206134070204
ART1,12.508037072622695
ART3,5.713416700707927
ART4,2.0058552771309213
ART5,0.030401515864203633
AS3MT,5.953191325155372
ASAH1,136.29651411882776
ASAH2,0.005160594974962304
ASH1L,0.032474091856095316
ASL,216.34757528296473
ASMT,0.021703355487811563
ASNS,323.9407610307827
ASPA,0.3663522526688661
ASPG,0.2272580125590862
ASPH,194.23399353706807
ASRGL1,0.5491005927095359
ASS1,196.56819090562868
ATE1,7.029920334821782
ATIC,350.89445145055635
ATM,0.6904938864918349
ATP10A,22.050236910212757
ATP11A,2.6866685522024514
ATP11C,7.009818854194136
ATP1A1,24.510412748306745
ATP1A2,173.54572017023455
ATP1A3,0.002320507136254466
ATP1A4,0.05805351738878729
ATP1B1,5.997574500217186
ATP1B2,2.682887477834338
ATP1B3,52.08309206693677
ATP1B4,0.020317090524169256
ATP2B1,7.121292055219179
ATP2B2,0.003390811922594667
ATP2B3,0.15437457698510543
ATP2B4,116.92437673493563
ATP4A,3.7675709576044514
ATP4B,0.009033826653923657
ATP5F1A,124.53265572432873
ATP5F1B,167.30632217246165
ATP5F1C,21.50971022167614
ATP5F1D,155.46511749348954
ATP5F1E,125.55773209538297
ATP5MC1,4.311892001287344
ATP5MC2,2.868050998110428
ATP5MC3,5.997867959791037
ATP5ME,117.38991896387836
ATP5MF,1.481717785000078
ATP5MG,179.57272888452187
ATP5MGL,23.718922705117464
ATP5PB,5.524565248774745
ATP5PD,6.7181129554220975
ATP5PF,4.959033242795014
ATP5PO,42.13932100131758
ATP5S,0.3354345050980549
ATP6V0A1,1.3065086267717454
ATP6V0A2,0.4850617870197186
ATP6V0A4,0.5590999308309642
ATP6V0B,36.23798039593151
ATP6V0C,234.84768421540142
ATP6V0D1,294.79454527320746
ATP6V0D2,0.1314675993445951
ATP6V0E1,301.92654501990484
ATP6V1A,64.15419444074426
ATP6V1B1,0.22091893760710116
ATP6V1B2,393.98123786631504
ATP6V1C1,18.238756478016867
ATP6V1C2,0.3103634363337693
ATP6V1D,31.418138952187064
ATP6V1E1,382.1919357812265
ATP6V1E2,0.5902777973657664
ATP6V1F,47.75323261900549
ATP6V1G1,76.93079119732413
ATP6V1G2,2.2481240043312485
ATP6V1G3,0.2330917175245828
ATP6V1H,26.95749457532392
ATP7A,2.692612394452526
ATP7B,1.2784504789797535
ATP8A1,2.428326881173105
ATP8B1,28.88633539723336
ATP8B2,63.21955658917608
ATR,0.027943356876336405
AUH,3.1113407113193468
AURKA,0.0061241913074431865
AURKB,0.029883571502551706
AURKC,0.38456319086656304
AWAT1,0.022508780862609618
AWAT2,0.6905945531355334
AXL,0.2989540762374603
AZIN2,0.7963414524148358
B3GALNT1,3.016291246979076
B3GALNT2,8.119662669639439
B3GALT1,0.021991805444421732
B3GALT2,2.70126267631716
B3GALT4,10.722384611167934
B3GALT5,0.01204013746818024
B3GALT6,7.016365995681156
B3GAT1,0.04383267582335349
B3GAT2,0.272221946778971
B3GAT3,21.803436903272523
B3GLCT,0.7866139610071975
B3GNT2,20.2211145267207
B3GNT3,0.0052378663407138095
B3GNT4,0.013758459089948686
B3GNT5,0.06687575709591168
B3GNT6,0.0017522508163993551
B3GNT7,0.07570007371144259
B3GNT8,3.931363524654821
B3GNT9,7.5042060740670875
B3GNTL1,0.7355120671126635
B4GALNT1,1.9479403305335314
B4GALNT2,0.08753139082536945
B4GALNT3,7.418030925843299
B4GALNT4,0.5589443041412263
B4GALT1,21.58179418977059
B4GALT2,23.99402993690191
B4GALT3,15.718039539302916
B4GALT4,7.437899790630431
B4GALT5,37.07689764173907
B4GALT6,0.35263177046768335
B4GALT7,10.112900185234787
B4GAT1,2.277812689362301
BAAT,0.009187727156729308
BARD1,2.3723411080417396
BBOX1,0.038246577713665166
BCAP31,1224.866516197939
BCAT1,2.4728776455493455
BCAT2,18.504060017621924
BCHE,0.7972766731305996
BCKDHA,4.300827604882291
BCKDHB,12.724713235863952
BCKDK,40.275031108099135
BCO1,0.06461878427195712
BCR,0.5715927432491084
BDH1,0.48082030017512817
BDH2,60.767938700130145
BHMT,0.0022536466597215025
BHMT2,2.535199034556879
BIRC6,7.560927072636163
BLK,0.007990015087246737
BLVRA,768.1603170928961
BLVRB,782.6455616230061
BMP1,27.519331081700553
BMP2K,0.22564814693430077
BMPR1A,14.473791478365998
BMPR1B,0.1803919657704861
BMPR2,21.663831174295478
BMX,0.46403971262096866
BPGM,11.180538364899524
BPNT1,14.413258028981511
BRAF,7.490935391599923
BRAP,0.2834749684004192
BRPF1,6.7684414663163155
BRSK1,1.8617128322236283
BRSK2,4.290776721991789
BSCL2,17.256357253483074
BSG,96.07028492418546
BTD,3.9424443876677118
BUB1,0.05677833534444504
BUB1B,0.0012720595288941226
C1GALT1,3.2491505892711827
CA1,0.3354345050980549
CA12,0.08155817490614356
CA13,2.005108838560211
CA14,2.5338721404237834
CA2,0.21091045076024273
CA3,2.0815449325736237
CA4,1.327988368588882
CA5A,0.08417582761312976
CA5B,0.9708660204785716
CA6,10.425839500790367
CA7,0.011675548039311746
CA8,0.038108331517370975
CA9,0.4424810779577225
CAD,18.752422446522342
CALM1,590.7282828416671
CAMK1,25.54963332663127
CAMK1D,1.491761194927058
CAMK1G,0.049419795948446706
CAMK2A,1.0536662560265577
CAMK2B,0.07152173185748391
CAMK2D,405.2015379938069
CAMK2G,55.58364691696936
CAMK4,0.045234674329305086
CAMKK1,9.796865918421803
CAMKK2,15.257649161195857
CANT1,12.254349779160696
CARM1,11.277296016548144
CARNS1,17.217159903658047
CARS,8.390239646467501
CARS2,10.894055456228362
CASK,13.347865639382057
CAT,147.39538209992284
CBLC,0.0519195983521084
CBLL1,9.951120423327838
CBLL2,0.027434690025870352
CBR1,28.547679345986552
CBR3,224.79610810682416
CBR4,34.512103674082056
CBS,3.6609999594986853
CBSL,0.3354345050980549
CBX1,142.3227660054065
CCNB1IP1,20.634764181727768
CD36,12.96121588221138
CD38,0.3779868944030593
CDA,10.009182936473607
CDC14A,0.7159774896718204
CDC14B,8.458160152199918
CDC25A,0.3623697626667104
CDC25B,25.612973820218755
CDC25C,0.005259543453910647
CDC34,7.750753260311728
CDC42BPA,2.6310733616917465
CDC42BPB,4.471688866652425
CDC42BPG,0.013749069381292802
CDC7,0.07398621017783845
CDIPT,206.20762363383196
CDK1,0.2884355839069502
CDK10,10.268132808534324
CDK11A,7.305642458413791
CDK11B,12.305622423253986
CDK12,5.984886856515877
CDK13,12.437662782651575
CDK14,13.713324650102841
CDK15,0.23578754579813768
CDK16,19.7849731090278
CDK17,5.456956374202398
CDK18,22.487603349404218
CDK19,3.958201613082063
CDK2,7.757236971909259
CDK20,2.632754829089554
CDK3,1.5583166079652175
CDK4,6.83327904583076
CDK5,17.196991385452364
CDK6,25.267062458765324
CDK7,92.8822412101354
CDK8,9.18474486583176
CDK9,40.93505703914255
CDKL1,0.341517239884423
CDKL2,0.19213402383947922
CDKL3,0.5221158965097555
CDKL4,0.009901561780240615
CDKL5,2.066157154158924
CDKN3,0.3329618172913579
CDO1,5.172071715669166
CDS1,0.005444517697638132
CDS2,21.09088813954456
CDY1,0.256335927830294
CDY1B,0.256335927830294
CDY2A,0.04923577690024244
CDY2B,0.04923577690024244
CEL,0.24591766139870191
CEPT1,1.485292188093713
CERCAM,19.342726362363813
CERK,14.314999759773794
CERS1,0.09604324017888535
CERS2,56.92826696904925
CERS3,0.01954468040284722
CERS4,5.8141336206899785
CERS5,15.234701846784203
CERS6,8.730931314860667
CES1,107.56868560907249
CES2,15.641117793549387
CES3,0.11660119494295319
CES5A,0.03703753789261324
CFTR,0.0010955417764778185
CH25H,0.14447210110121536
CHAT,0.014545141103376102
CHD9,7.677151108631622
CHDH,0.0761231495596123
CHEK1,1.256254904805254
CHEK2,0.19035217528119658
CHFR,8.153387387382898
CHI3L1,0.4617607444717803
CHIA,0.34819723870797287
CHIT1,0.00651539794813484
CHKA,1.6196778944619625
CHKB,21.082725587447264
CHMP4A,104.18549301579974
CHPF,52.89435231703263
CHPF2,21.803436903272523
CHPT1,6.554602536174178
CHST1,4.91467330339712
CHST10,2.275263451746157
CHST11,3.146778553855795
CHST12,13.698349380712692
CHST13,0.1279905302411138
CHST14,1.2125672778252203
CHST2,0.9490545903246728
CHST3,37.03120568117197
CHST4,0.02226550981150046
CHST5,0.0130708421538917
CHST6,0.10103018692276394
CHST7,13.414444700964632
CHST8,0.37652858870155576
CHST9,0.015871911463351516
CHSY1,11.526624780459075
CHSY3,7.101589975943226
CHUK,1.1563740382322572
CHURC1-FNTB,3.2507362769424972
CIDEA,0.0163565276132609
CINP,0.6529738052949803
CIT,0.200899826453949
CKB,1136.217724068197
CKM,4.017256575654992
CKMT1A,0.0020042631882694513
CKMT1B,0.0029059313016596327
CKMT2,19.350749297936595
CLC,1.416608020365395
CLCF1,1.8838251385685734
CLK1,7.759864003524017
CLK2,25.78282195825425
CLK3,0.7138274668939225
CLK4,1.0824833119071173
CLOCK,4.824603675677247
CLPS,9.828993754263943
CLTRN,0.5786685643266595
CLYBL,1.7762782122606158
CMA1,0.1893037178935738
CMAHP,17.326957433619945
CMAS,53.58220503997766
CMPK1,922.94216428102
CMPK2,0.08311698843155937
CMTR1,16.011028715475327
CNDP1,0.0079176540802656
CNDP2,12.931605404677669
CNOT4,5.675739029364899
CNP,19.230475329080647
COASY,348.5208021808014
COL4A3BP,3.662431311888904
COLGALT1,55.319468343082065
COLGALT2,0.6678139112288795
COMT,80.92830384908105
COMTD1,346.877396918025
COP1,0.4785008438550989
COPA,229.80273313555193
COPB1,161.5148401105332
COPB2,64.04572804745908
COPE,414.0443156144744
COPG1,143.83312839906927
COPG2,88.66035638117049
COQ2,2.5512287419053745
COQ3,10.523165043506433
COQ5,1.74793186640762
COQ6,10.97245475551519
COQ7,0.24100580430434776
COX1,7.766401376158287
COX17,72.95199509098289
COX2,5.3369352212394165
COX3,0.33446363282071023
COX4I1,443.5947117576134
COX4I2,2.478723661180211
COX5A,169.6233523957567
COX5B,666.4923060540066
COX6A1,27.842977105202394
COX6A2,2.0913023356655707
COX6B1,93.7072294757275
COX6B2,0.03333459306072477
COX6C,128.2632913186154
COX7A1,305.8268069709319
COX7A2,123.50317279852283
COX7A2L,17.60206065783462
COX7B,56.48045293324084
COX7B2,0.3354345050980549
COX7C,286.9741500255735
COX8A,906.3674482962394
COX8C,0.013707769928966449
CP,0.17079789677584498
CPA1,0.1837632293214677
CPA2,0.009156559241761873
CPA5,0.3354345050980549
CPA6,0.0048797684124413715
CPOX,78.77598468407011
CPS1,1.17457533363478
CPT1A,0.7466433991625951
CPT1B,1.181445087983267
CPT1C,0.8424216093600961
CPT2,42.330439910301415
CRAT,14.346247981012118
CREBBP,0.24730037333805965
CRLS1,9.664036274195302
CROT,12.280908228537736
CS,2545.987794244292
CSAD,13.421900586762414
CSF1R,9.343965132500896
CSGALNACT1,4.452770439621823
CSGALNACT2,23.55090134328069
CSK,10.943816962719422
CSNK1A1,46.27276220588368
CSNK1A1L,0.011784688778549088
CSNK1D,54.81491572065613
CSNK1E,2.6700473982774273
CSNK1G1,2.3786659655188838
CSNK1G2,22.570317769332878
CSNK1G3,9.067414153640591
CSNK2A1,296.76989469286366
CSNK2A2,211.4773229476577
CSNK2B,513.4357050574266
CTBP1,36.68382710103796
CTDP1,1.771691012896463
CTDSP1,119.691807662672
CTDSP2,188.23377818280903
CTDSPL,43.17598108076188
CTDSPL2,1.7859214190955255
CTGF,0.3354345050980549
CTH,1.1094914276737073
CTPS1,54.60742838247577
CTPS2,4.4569552062879385
CTSA,212.29698663812184
CTSB,92.08056706077011
CTSC,3.86326694760102
CTSD,771.3651630200327
CTSE,5.1882201086958215
CTSF,151.431792878124
CTSG,0.2695948896826225
CTSH,6.010267522892252
CTSK,28.002318088815247
CTSL,4.580387817819593
CTSO,33.27895883448587
CTSS,4.037175781844521
CTSV,0.023675429031580278
CTSW,0.12297492424008344
CTSZ,11.58734177271115
CUBN,0.15856194001579038
CWC27,12.76160919096849
CYB5D1,6.885656653141364
CYB5R1,29.208361510573198
CYB5R2,14.383010378305848
CYB5R3,8236.564441770703
CYBB,2.6451355780497123
CYBRD1,178.79079508210648
CYC1,299.07342902623157
CYLD,4.767258656353917
CYP11A1,0.04518700459178508
CYP11B1,0.8426372984421979
CYP11B2,0.08105018928386314
CYP17A1,0.1623095907614518
CYP19A1,0.010068881425690516
CYP1A1,3.084450816868723
CYP1A2,4.881250664873969
CYP1B1,1.5714059746914881
CYP21A2,0.015640338953834633
CYP24A1,0.04255372230264104
CYP26A1,0.004756483797669818
CYP26B1,0.4556945187400109
CYP27A1,11.115867963039527
CYP27B1,0.013186194328952284
CYP2A13,0.04638837469548625
CYP2A6,0.02865077970130178
CYP2A7,0.002213198572851635
CYP2B6,0.02889595120271605
CYP2C18,0.2259625918283721
CYP2C19,0.1750227487879086
CYP2C8,0.005629189378543248
CYP2C9,0.13627582512980346
CYP2D6,0.05041660509888832
CYP2E1,1.863720878574602
CYP2F1,0.0025944550774417135
CYP2J2,0.0468854011893049
CYP2S1,0.19465333818098315
CYP2U1,10.141089030459053
CYP39A1,0.8377136967298904
CYP3A4,0.006547751883272347
CYP3A43,0.014665773132167027
CYP3A5,0.09176636349533793
CYP3A7,0.05357854823487482
CYP46A1,0.04595092470899547
CYP4A11,0.00271602380188721
CYP4B1,21.23792215741094
CYP4F11,2.066157154158924
CYP4F12,1.193830815703633
CYP4F2,1.3721447209835187
CYP4F22,0.0018497267696171835
CYP4F3,0.020414899106848315
CYP4F8,0.3354345050980549
CYP4V2,14.299895064368615
CYP4X1,19.24650317493207
CYP4Z1,0.15464896868151679
CYP51A1,39.419824044988424
CYP7A1,0.021723933727065665
CYP7B1,2.6693923587287705
CYP8B1,0.04568803795634005
CYTB,10.283962318241796
DAD1,796.3704471780967
DAGLA,0.9341664297751238
DAGLB,3.2177540030021685
DAO,1.8577966562707513
DAPK1,2.3886872147419402
DAPK2,0.12633339952803996
DAPK3,10.154229881089066
DARS,4351.594952168394
DARS2,3.218874257114486
DBH,0.028846694385832473
DBI,84.59865694395732
DBT,4.618964256097538
DCK,7.615012285537101
DCLK1,42.48296833290963
DCLK2,10.338849234463906
DCT,0.25532266382702806
DCTD,9.325195071887785
DCTPP1,14.345218728764886
DCXR,188.74012303855633
DDAH1,124.8647532005368
DDAH2,168.87887962519503
DDC,1.3078191747169696
DDO,2.8344073589694974
DDOST,484.8766777862235
DDR1,10.282268312372455
DDR2,46.93910333247292
DECR1,27.1324419317678
DECR2,6.509420364973595
DEGS1,19.27499322136877
DEGS2,0.014812392676256734
DERA,19.267064753670702
DGAT1,20.56164541586588
DGAT2,0.04739013534295365
DGKA,7.497570144660833
DGKB,0.05800340358475645
DGKD,18.567695352503932
DGKE,1.7153281470474997
DGKG,6.0229659177296115
DGKH,4.184241985392998
DGKI,0.27150497077627866
DGKQ,7.944747675745715
DGKZ,11.065630921379588
DGUOK,28.708969660687238
DHCR24,0.8128277825939066
DHCR7,3.132287376777765
DHDH,0.15352153897460669
DHFR,132.5332842563615
DHODH,3.195924682781801
DHRS2,0.01250084127577439
DHRS3,17.39761528689958
DHRS4,106.43100237665323
DHRS9,0.04128955715379904
DIO1,0.0021310932967672424
DIO2,0.09946459986315946
DIO3,1.2756577765152068
DLAT,339.9914152751894
DLD,736.7727197891147
DLST,369.8143681260861
DMGDH,0.10816340552761515
DMPK,306.10578028138633
DNAJC6,2.0277882216774055
DNMT1,4.902187921614565
DNMT3A,4.330567751390697
DNMT3B,0.40775676103233627
DNMT3L,0.03798289307998578
DOLPP1,7.029463950138803
DOT1L,2.281012834300077
DPAGT1,11.504931806947805
DPEP1,0.002814072304255393
DPEP2,0.318800483493159
DPEP3,0.0061712431392493316
DPH5,26.445554162589005
DPM1,1093.0644894030256
DPM2,22.512411286815954
DPM3,33.1342471927737
DPYD,9.219311291044491
DPYS,0.024748043684474884
DPYSL2,1891.7671587793923
DPYSL3,325.7670320837633
DSTYK,8.234440684346902
DTYMK,9.85626265611247
DUOX1,0.7463634275392633
DUOX2,0.3047640811284758
DUPD1,0.024832570893443328
DUSP1,1394.8935190206184
DUSP10,0.6235605083999166
DUSP11,8.478557667759862
DUSP12,9.311492233900703
DUSP13,0.024452654362141186
DUSP14,0.9037393389050953
DUSP15,2.9964000266757402
DUSP16,5.135139956817098
DUSP18,0.7359288376462341
DUSP19,3.1356303050114733
DUSP2,0.018363223961288172
DUSP21,0.08186674790155296
DUSP22,18.73494588073392
DUSP23,45.02116175381577
DUSP27,0.14754680056943795
DUSP28,1.5384822443782153
DUSP3,522.0886518609752
DUSP4,0.03991328452657506
DUSP5,1.4148596561461477
DUSP6,7.670484810894392
DUSP7,13.78075388002343
DUSP8,13.608566694512977
DUSP9,0.013812973811199497
DUT,308.66632989828895
DYRK1A,15.964695293685661
DYRK1B,7.206762809475758
DYRK2,13.087211436624067
DYRK3,2.800592614648522
DYRK4,6.406382834546536
DZIP3,4.6418581229415
EARS2,0.5276721354267705
EBP,86.1646606985195
ECH1,216.34597917487338
ECHDC2,21.27062414442825
ECHS1,154.83172360307296
ECI1,24.144901688468643
ECI2,38.5910127471531
EGFR,2.526718717534018
EHHADH,1.0059652185212142
EHMT1,0.39858388152587204
EHMT2,1.0653980971532968
EIF2AK1,21.918540984368214
EIF2AK2,28.3686652270487
EIF2AK3,4.527016795984531
EIF2AK4,0.2187300740113857
EIF4EBP3,16.615792083253208
ELOVL1,8.812307819711169
ELOVL2,0.02213631576089061
ELOVL3,0.02380112319290762
ELOVL4,3.783834667101395
ELOVL5,1.3547021005489965
ELOVL6,0.7388475545029286
ELOVL7,1.335498393831924
ELP3,1.9294167460547373
ENGASE,11.036944526786463
ENO1,1000.7677393772724
ENO2,41.823419357938704
ENO3,23.59804128855339
ENOPH1,162.00543118430065
ENPP1,4.181290366724248
ENPP2,13.146587791678096
ENPP3,0.15370425309746466
ENPP6,0.09535078988997317
ENPP7,0.0012806153270272479
ENTPD1,20.992979326338343
ENTPD2,1.5888924772025919
ENTPD3,0.12250909952829156
ENTPD4,12.093487224762354
ENTPD5,1.6852601220846504
ENTPD6,10.57289970239143
ENTPD8,0.009309136804825513
EP300,2.8507609970781287
EPHA1,0.3149278778138693
EPHA10,0.003518964658397217
EPHA2,0.3522242217749597
EPHA3,3.1981622167374675
EPHA4,1.4984865777941114
EPHA5,0.013271909116075854
EPHA6,0.004671621745388744
EPHA7,0.1807065066197866
EPHA8,0.03859263099512464
EPHB1,0.8863258265055112
EPHB2,0.00783242165840912
EPHB3,0.6316346755767159
EPHB4,0.36244041151898165
EPHB6,25.952894533936327
EPHX1,116.00479288662805
EPHX2,4.951282774223812
EPM2A,9.705943216230283
EPRS,40.60983041262232
EPX,0.0070927290366760674
ERBB2,0.7646379695758989
ERBB3,2.154171531414753
ERBB4,1.1412578194833376
ERN1,2.3250126668347573
ERN2,0.007161870686011982
ESD,1962.0455050323508
ETFA,1957.5278218772678
ETFB,489.0100818775047
ETFDH,18.709435576756732
ETNK1,8.126405372482541
ETNK2,23.46747821124022
ETNPPL,0.004396468394069158
EXT1,38.858377538562884
EXT2,33.49374827907142
EXTL1,0.07744829378343146
EXTL2,12.171360734688644
EXTL3,15.733432953640824
EYA1,0.06563712501926798
EYA2,0.343662863602774
EYA3,1.1797833818797592
EYA4,0.023654492975964857
EZH1,45.71587203795158
EZH2,0.008733063445838301
F13A1,27.390246165011582
F13B,0.952082265681838
F2,0.04331217251183656
FAAH,4.046556348607461
FAAH2,0.12370348322798688
FABP1,0.009213716611603874
FABP12,0.07361943011456162
FABP2,2.0423800119197857
FABP3,533.383362880046
FABP4,137.3920792516842
FABP5,235.40372162789959
FABP6,0.974167366043698
FABP7,2.482310752887457
FABP9,1.0553661478381027
FADS1,6.451421222745032
FADS2,1.5274810470544655
FADS3,5.225509414247438
FADS6,0.3354345050980549
FAH,6.729459584392092
FAM20B,55.07202291219597
FANCL,4.769995456186101
FAR1,33.11627399128989
FAR2,0.7134913213467005
FARS2,1.5090657275328543
FARSA,564.0646726414176
FARSB,2.0531469932523345
FAS,19.768856393762796
FASN,15.12006922908173
FASTK,47.21713727283815
FAXDC2,47.39947554891575
FBP1,0.7892376934563308
FBP2,0.025319718032565903
FDFT1,38.47127975967862
FDPS,12.071584468686288
FDXR,2.1288973600850145
FECH,8.648918094346447
FER,4.480883247754321
FES,5.122841166272758
FGA,6.990622680771628
FGFR1,103.06260072234117
FGFR2,4.503638622580523
FGFR3,0.44700261850428585
FGFR4,0.09231601823806304
FGGY,1.4582256366551964
FGR,1.0478472614446346
FH,827.7290462662821
FHIT,0.9917861206142481
FHL2,9.514810467489916
FIG4,25.44335101068933
FITM1,0.09546151445361845
FITM2,3.9920929522586586
FKBP10,40.50566515851084
FKBP11,2.0743611231593237
FKBP14,5.8485438777328955
FKBP1A,471.4640915383195
FKBP1B,5.839367794678275
FKBP2,889.9645246250136
FKBP3,638.5801890128405
FKBP4,482.15250342639
FKBP5,19.973398358192245
FKBP6,0.01032861807837012
FKBP7,21.360486594051416
FKBP8,76.06744419952625
FKBP9,70.20412211496696
FKBP9P1,0.3354345050980549
FLAD1,4.0072277128080875
FLT1,2.225731204904225
FLT3,0.06757252492888982
FLT4,0.6920175645620948
FLVCR1,1.076556655455095
FMO1,0.5023479834480021
FMO2,18.361040827444196
FMO3,2.2070183726473793
FMO4,14.69364979626678
FMO5,0.3816375877032711
FMO6P,0.0019507825077718583
FN3K,9.979218452088459
FN3KRP,26.89226647953199
FNTA,36.40297199766605
FNTB,8.3970267573926
FOLR1,0.03317770364955827
FOLR2,11.101509871994814
FOLR3,0.3354345050980549
FOSL1,1.0532184119800745
FPGS,1.2258376791602685
FPGT,9.545497773036697
FRK,5.9215295624352065
FRMPD2,0.001556917750537092
FTCD,0.09168397204147205
FTMT,0.3764543508002139
FUCA1,34.50874388224795
FUCA2,8.302107467250195
FUK,3.433689011180882
FUT1,0.04213387373066427
FUT10,1.7306492950485044
FUT11,4.544416264201518
FUT2,0.08389860382706694
FUT3,0.006285009893241068
FUT4,2.2512521465064537
FUT5,0.3435419176074299
FUT6,0.33433562982165704
FUT7,0.020090210720097625
FUT8,0.2510052080266989
FUT9,0.00023608201704129544
FYN,22.440862667019104
G0S2,1.198424676904387
G6PC,0.0015181737787657657
G6PC2,0.018216384410824384
G6PC3,30.94464590787917
G6PD,323.21679842706453
GAA,16.134715770145505
GAD1,4.567836600870922
GAD2,0.007346901323118328
GAK,1.889333162124476
GAL3ST1,2.6117880328859555
GAL3ST2,0.04801564304876634
GAL3ST3,0.3776222121314062
GAL3ST4,2.458540074549597
GALC,4.623782132646701
GALE,1.820144175513726
GALK1,99.45285215111836
GALK2,13.993482507553239
GALM,5.382344415559375
GALNS,2.787524908929489
GALNT1,22.116144066385864
GALNT10,0.39155537401847706
GALNT11,14.005994700042962
GALNT12,0.15352153897460669
GALNT13,0.05755277012489756
GALNT14,0.09524009107717547
GALNT15,45.56342457645602
GALNT2,27.881413659966903
GALNT3,0.057752964733250214
GALNT4,1.5840312288416212
GALNT5,0.0348889320476799
GALNT6,0.015505570857133756
GALNT7,0.591487230829819
GALNT8,0.03689154190318727
GALNT9,0.04284007220414875
GALNTL5,0.43999999999999995
GALT,31.898504405253902
GAMT,26.989545937588144
GANC,5.202888603760159
GAPDH,2361.73026082293
GAPDHS,8.042317062334442
GARS,201.27108474089982
GART,71.03026267909863
GATM,15.956975672858553
GBA,8.710956820032564
GBA2,48.496446960370626
GBA3,0.3354345050980549
GBE1,35.02155646449589
GBGT1,0.6010644962474292
GC,0.1128901827185453
GCAT,74.17545639970001
GCDH,11.802107511130673
GCH1,0.6620961440878074
GCK,0.2887811135569069
GCLC,3.18691317207616
GCLM,13.239598238222573
GCNT1,0.2860192008568099
GCNT2,0.03106334957676995
GCNT2P,0.3354345050980549
GCNT3,0.07077045134902471
GCNT4,1.483602818417008
GCNT7,0.006475000754568093
GCSH,6.573985464448769
GDA,0.0004723754006486591
GDE1,16.16046519066605
GDPD2,0.1470032653181135
GFPT1,250.90241752056602
GFPT2,3.445041622442209
GGCT,12.916805255704809
GGH,1.860207082113379
GGPS1,437.92577662305183
GGT1,0.8656093801620112
GGT2,0.008328295080562004
GGT3P,0.3354345050980549
GGT5,74.06313757137175
GGT6,0.0036667829870884036
GGT7,14.481361731052441
GGTLC1,0.5642767148917974
GGTLC2,1.7831684152107201
GIF,0.3354345050980549
GK,2.3869700820933772
GK2,0.9456388863331135
GK3P,0.3354345050980549
GLA,4.4515749366626025
GLB1,11.838451982164154
GLB1L,0.9014930882332248
GLCE,0.13487960821967507
GLDC,0.002169005872924311
GLIPR1,78.03135918665302
GLO1,1202.5551623909237
GLRX,51.50198453999334
GLRX2,11.866611269227601
GLS,322.77764214041736
GLS2,0.30092642176227485
GLT6D1,0.06930364432416915
GLT8D1,1.7897077937041628
GLT8D2,38.13091005067465
GLTP,29.51472448538425
GLUD1,980.6044582684107
GLUD2,0.25967930548201207
GLUL,15.539355164997827
GLYAT,26.66571856032572
GLYCTK,0.9171472078433536
GM2A,15.764228833321967
GMDS,278.8315321503605
GMPPA,19.663311306038572
GMPPB,25.959994268028844
GMPR,34.58083127530847
GMPR2,81.17603846676754
GMPS,71.33387132005276
GNE,7.329791369089701
GNMT,0.15715346291426568
GNPAT,30.538708115148076
GNPDA1,10.232811105742643
GNPDA2,5.519289617855956
GNPNAT1,28.849424686656974
GNPTAB,14.428386625821002
GNS,32.111846187813526
GOT1,1020.9438391803607
GOT2,1304.4815952316133
GPAA1,67.08719122772844
GPAM,0.21482367995068843
GPAT2,3.2183141202939733
GPAT3,0.6582069289240687
GPAT4,1.352005973421296
GPCPD1,17.491915228987565
GPD1,0.3663522526688661
GPD2,40.47314258002394
GPHN,6.754404161236312
GPI,1309.4323986731772
GPIHBP1,3.1629575735645106
GPLD1,1.0135142162022668
GPT,0.7618603313766017
GPT2,1.1819033567634272
GPX1,91.70870832840367
GPX2,0.0724897951323169
GPX3,3543.799180743887
GPX4,184.21347166258005
GPX5,0.793289329058847
GPX6,2.01032323162201
GPX7,10.084727071347446
GPX8,21.918540984368214
GRHL1,0.1748116238329965
GRHPR,37.3512860504865
GRK1,0.000993583138263614
GRK2,4.014622265826703
GRK3,1.2623639556998993
GRK7,0.005670044854309355
GSR,91.44047999125199
GSS,185.89338368247496
GSTA1,0.024073916636186195
GSTA2,5.619549002346362
GSTA3,3.8201241689736465
GSTA4,21.69666341420496
GSTA5,0.58469847618054
GSTK1,48.082086834525946
GSTM1,110.5181536159334
GSTM2,24.969613577618162
GSTM3,232.33504081328573
GSTM4,14.708836871752023
GSTM5,27.987629854979673
GSTO1,1314.5126502086807
GSTO2,0.03373870183228443
GSTP1,8760.257775803817
GSTT1,74.13663313708842
GSTT2,2.9600014753511537
GSTZ1,4.439575689286136
GTF2F1,6.304945129335927
GTF3C4,0.8581228321277343
GUCA1A,0.0803580412103317
GUCY1A1,2.9663227089166733
GUCY1A2,0.3504750170729826
GUCY1B1,1.0453859436592674
GUCY1B2,0.0061264922135212075
GUCY2C,0.013912633111986684
GUCY2D,0.034069209862766736
GUCY2F,0.13808747592085474
GUK1,153.44371003570188
GUSB,3.507616689985695
GYG1,153.4942339125528
GYG2,3.277796898772459
GYS1,68.63798388752254
GYS2,0.05456674483536896
H6PD,18.16268830859343
HAAO,25.629948509003317
HACD1,0.6699772991826155
HACD2,3.095013644366691
HACD3,4.330319334841662
HACD4,0.5979568033382378
HACE1,8.601148800566644
HACL1,12.658354516039893
HADH,2908.361236275835
HADHA,855.986026996906
HADHB,67.93222288883838
HAGH,44.265969227322884
HAGHL,0.8274602885040372
HAL,0.0020811616372893946
HAO1,0.19763453007540133
HAO2,2.123937704953015
HARS,112.44215111641245
HARS2,31.124541495873522
HAS1,0.04049530924630478
HAS2,0.6066729479516205
HAS3,0.13636691378978338
HAT1,63.53198822821556
HCCS,10.381325688690556
HCK,1.0055215122104613
HCST,6.258846961496186
HDAC3,0.9742729408149192
HDC,0.043998551213993084
HDLBP,89.87070547599035
HECTD1,6.248798414935432
HECTD2,5.264632075270537
HECTD3,2.597741369101982
HECW1,0.020842626004011988
HECW2,0.36707727721237665
HELZ2,0.5811201438438819
HEPH,47.389875288948524
HERC1,0.6042032621742633
HERC2,0.24785649557873105
HERC3,10.190457284313956
HERC4,7.332734372635515
HEXA,24.119743246247634
HEXB,2.249692217313036
HEXDC,0.3354345050980549
HGD,0.023675429031580278
HIBADH,47.60117091652397
HIBCH,8.567060368408418
HIF1AN,7.6238532512622745
HIGD2A,14.091231714432974
HIPK1,22.860295912863453
HIPK2,10.035462054814767
HIPK3,43.902741285683476
HIRIP3,0.30516573547843723
HK1,284.6688818178161
HK2,19.439162330582054
HK3,0.42374140204717314
HKDC1,0.004140959273931911
HLCS,5.036915647474388
HLTF,0.10938226025069205
HMBS,32.561815918
HMGCL,111.12784235476923
HMGCLL1,0.01962530950978274
HMGCR,6.048378796745831
HMGCS1,13.556248156282082
HMGCS2,7.047271030787692
HMOX1,25.070715628468214
HMOX2,65.91981244118965
HNMT,24.978057505513846
HPD,6.1821463830241425
HPGD,0.22265613729400896
HPGDS,0.9045327123519514
HPRT1,277.4171984017209
HS2ST1,3.150978983362421
HS3ST1,0.39042777303053783
HS3ST2,9.831881334560697
HS3ST3A1,0.05775383025733077
HS3ST3B1,0.013589641278088494
HS3ST4,0.0032397075484270708
HS3ST5,0.019002183673715478
HS3ST6,0.03452724502474155
HS6ST1,6.156621711231337
HS6ST2,0.036800030931224144
HS6ST3,0.031151809214772678
HSD11B1,5.54426254501253
HSD11B1L,2.0359614915669546
HSD11B2,0.07710331593574701
HSD17B1,0.48043760157700743
HSD17B10,168.455972879358
HSD17B11,145.2167812806878
HSD17B12,371.586178220055
HSD17B14,6.048378796745831
HSD17B2,1.9024599930670496
HSD17B3,0.06902226068610388
HSD17B4,63.71831012068631
HSD17B6,0.6883143524179737
HSD17B7,1.1649163725929381
HSD17B7P2,1.912548063065904
HSD17B8,1.3540041216776364
HSD3B1,0.8561440324619417
HSD3B2,0.005139000314302262
HSD3B7,3.2401739069866533
HSPG2,1.6365870799769642
HTATIP2,44.7268985603789
HUNK,0.014193654930392721
HUWE1,4.531287489920665
HYAL3,0.38932681078596926
HYALP1,0.3354345050980549
HYI,27.657155470998163
HYKK,0.9657498215904778
IARS,807.5676075229634
IARS2,60.012107877860714
ICK,8.045567078396713
ICMT,52.972873860631175
IDH1,23.459139160997605
IDH2,46.59441630546246
IDH3A,582.0256959085937
IDH3B,224.8905379840602
IDH3G,112.00698159843455
IDI1,17.436894518577056
IDI2,2.1272734354694633
IDO1,0.07720943010119606
IDO2,0.0650322570798734
IDS,55.58695865326025
IDUA,5.732274238657888
IGF1R,29.70584902947468
IKBKB,12.783757029397707
IKBKE,0.603066316550447
IL4I1,0.026128689230962374
ILK,177.90625290761406
ILKAP,25.918864201022256
IMPA1,202.77127507577973
IMPA2,12.36417359631829
IMPDH1,26.377877887287802
IMPDH2,99.70866123980208
INMT,50.93895510850574
INPP1,238.78766281905396
INPP4A,3.9214543682827556
INPP4B,3.079453205488997
INPP5A,128.1878393721562
INPP5B,11.144595290654951
INPP5D,0.8304482515974552
INPP5E,18.88944525121125
INPP5F,0.86289352736956
INPP5J,1.0210744943984074
INPPL1,10.047226334094564
INSL3,0.17394553868855028
INSR,12.386280216526934
INSRR,0.0019749402499392053
IP6K1,24.396774455868076
IP6K2,15.380151484806035
IP6K3,0.8975880154020476
IPMK,0.7820587949640211
IRAK1,20.3507061984033
IRAK2,0.6441905433610811
IRAK3,1.509067257920285
IRAK4,4.22619990602812
IREB2,7.009818854194136
ISYNA1,88.19462335526796
ITK,0.00690083321912447
ITPA,291.1914246435239
ITPK1,33.54748885064063
ITPKA,0.07467081170148239
ITPKB,2.7326664171735016
ITPKC,12.21775274455572
IVD,344.47465385570365
JAK1,67.69498811733962
JAK2,139.17664276972457
JAK3,0.3255117412310644
JMJD7-PLA2G4B,0.19276672646590834
KALRN,9.170925583709174
KANSL3,20.821858962028575
KARS,426.7960942506981
KAT2A,46.68054033414533
KAT2B,26.14875431162911
KAT5,34.17573251488792
KAT6A,6.820487323397726
KAT6B,4.865945569799778
KAT7,25.0118389345237
KAT8,24.17845444800119
KCNJ11,0.4439872346098398
KCNJ8,19.59979001639894
KDR,5.707133622385809
KDSR,23.860081029520753
KHK,1.6230043864343378
KIT,0.3107140726932015
KL,0.12970985735993928
KMO,0.018164451889853564
KMT2A,15.311219778433776
KMT2B,0.3354345050980549
KMT2C,10.459289624515993
KMT2D,9.719920263256014
KMT2E,27.05519604149521
KMT5A,0.08744585611927874
KMT5B,0.052531638327043204
KMT5C,0.3350355754164824
KPNA6,54.339192679973166
KYAT1,0.41426786262502635
KYAT3,10.315561941178165
KYNU,0.25316672786293126
L1CAM,4.41812700246436
L2HGDH,0.6102838796359978
LALBA,0.09996023381633702
LAP3,458.23879971024473
LARS,373.6984498349077
LARS2,3.259255298162374
LATS1,0.7227066977842056
LATS2,32.209193529836746
LBR,158.88003521389857
LCAT,23.23420966570994
LCK,0.03376118088285225
LCLAT1,4.642460899169854
LCT,0.0005999507630905725
LDHA,6238.389330762871
LDHAL6A,0.004937822347351103
LDHAL6B,0.16653876595074227
LDHB,525.9100643809023
LDHC,13.74100658898184
LDHD,3.943611157617622
LDLR,0.444317841138031
LGALS13,0.16621830202908744
LGMN,49.94742751661041
LGSN,0.059118472577440906
LHPP,76.92864801281169
LIAS,0.6357222624126934
LIMK1,3.079453205488997
LIMK2,9.916020227584847
LIPA,15.028488257615223
LIPC,0.05745272507787423
LIPE,0.5147335345426852
LIPF,0.009147905254868253
LIPG,0.0016878616535666243
LIPT1,2.387631949098247
LIPT2,0.7572464854383512
LMTK2,4.419320700756789
LMTK3,0.038246577713665166
LOC102724197,0.3354345050980549
LOC286297,0.3354345050980549
LOC344967,0.3354345050980549
LOX,18.862576055614674
LOXL2,4.1182260416904315
LPCAT1,2.061180043759432
LPCAT2,2.165030759586837
LPCAT3,5.877260031924995
LPCAT4,1.2761490640443327
LPIN1,9.74089338404082
LPIN2,12.70996084888326
LPIN3,10.261066517822465
LPL,3.326216092863006
LPO,0.1697122996292287
LRAT,0.031173931994516863
LRP1,8.851290633339467
LRP2,0.1334706329777467
LRRK1,0.04684688100221923
LRRK2,7.009818854194136
LRSAM1,10.303478868146197
LRTOMT,1.2663576188177146
LSS,85.81892562232845
LTA4H,524.6325777362495
LTC4S,1.1193264282750504
LTK,0.04707755317503253
LYN,3.75261676076897
LYPLA1,79.61384963939874
LYPLA2,44.438361547114305
LYZL1,1.4145390562382973
MACROD1,4.570459525022241
MACROD2,0.3223292335037188
MAGEA2B,0.002072160353866776
MAK,0.0455686439703213
MAN1A1,2.230432968119186
MAN1A2,4.799504019919227
MAN1B1,0.8585631760973355
MAN1C1,0.7681609669698997
MAN2A1,7.568007411735062
MAN2A2,16.27409105143263
MAN2B1,24.564979828575268
MAN2C1,86.13243618472373
MANBA,9.309305445313084
MANSC1,27.0637767390742
MAOA,2125.9181165035643
MAOB,200.4603320763664
MAP2K1,474.353250220968
MAP2K2,168.01583894378493
MAP2K3,12.58233950971172
MAP2K4,24.698701407173154
MAP2K5,7.1672867139029
MAP2K6,1.4580375830538153
MAP2K7,2.8647214328061366
MAP3K1,2.2909504245302155
MAP3K10,9.622165704068514
MAP3K11,16.483602702274133
MAP3K12,23.19260375728555
MAP3K13,3.119479442002371
MAP3K14,3.0218212599732177
MAP3K15,0.001011364487329775
MAP3K2,8.676238600894902
MAP3K20,0.20179825659102824
MAP3K21,0.03839897316107535
MAP3K3,40.36797520143417
MAP3K4,10.993942932465444
MAP3K5,21.606398737387224
MAP3K6,44.37595990248693
MAP3K7,0.5599264024208764
MAP3K8,16.74819247124664
MAP3K9,0.0026267641376378037
MAP4K1,0.2160497916515857
MAP4K2,5.012419119613163
MAP4K3,21.229748235912325
MAP4K5,30.822493024222428
MAPK1,296.4714648233808
MAPK10,1.2021667309790631
MAPK11,1.691166718283741
MAPK12,0.6645454095744086
MAPK13,0.6110868913498989
MAPK14,44.08160296955491
MAPK15,0.0830092945595916
MAPK3,72.47006414608114
MAPK4,5.049172874126006
MAPK6,4.455759478317646
MAPK7,22.21507859386902
MAPK8,5.036915647474388
MAPK9,7.563235350406678
MAPKAPK2,2.496322728222499
MAPKAPK3,5.776323478032465
MAPKAPK5,18.639337357180448
MARCH1,1.2696111230213214
MARCH10,0.02304896985065513
MARCH11,0.007982758707868126
MARCH2,57.7760636191666
MARCH3,0.3889599618353736
MARCH4,0.015447884736774439
MARCH5,6.040151561533494
MARCH6,18.990379461645833
MARCH7,42.827625918912354
MARCH8,10.622681271075809
MARCH9,6.316496343947154
MARK1,12.386280216526934
MARK2,16.8550734225632
MARK3,24.994947076764962
MARK4,10.551579096805726
MARS,127.96607035720854
MARS2,1.3270502123731187
MAST1,0.02791308542992299
MAST2,20.634764181727768
MAST3,16.27409105143263
MAST4,5.8835801740422005
MASTL,0.11214936413510475
MAT1A,0.01389945849169526
MAT2A,327.1482826875285
MAT2B,165.73636465605435
MATK,0.0025140355035092126
MBOAT1,1.6230043864343378
MBOAT2,3.6030400507868396
MCAT,13.412093829847372
MCCC1,8.9366389270803
MCCC2,10.753578518086767
MCEE,9.364773319674518
MDH1,3489.125655772886
MDH1B,0.14132060601443
MDH2,4154.8288921509475
MDM2,0.008329094229038825
MDP1,131.82413916516782
ME1,499.0010263587569
ME2,41.4582422489844
ME3,13.855752830368079
MECR,7.325450717258457
MED1,0.4033581472842445
MELK,0.00238718026829418
MERTK,28.4003109692409
MET,0.47330972486477185
METTL1,8.302251976856741
METTL3,29.977116544510004
MGAM,0.010045951922946366
MGAT1,40.26573905988822
MGAT2,1.3943348770783996
MGAT3,0.6531310516479402
MGAT4A,2.4108693299368564
MGAT4B,27.235505007605315
MGAT4C,0.02455806895515121
MGAT4D,0.02696149145334556
MGAT5,8.342760690071579
MGAT5B,0.027093204220775508
MGLL,46.441385653417335
MGMT,7.238206507747689
MGRN1,16.40594321778205
MGST1,38.72442640365008
MGST2,36.51429943692987
MGST3,73.02526852757201
MIA3,10.388408487659136
MIB1,17.04490416905154
MIB2,13.735793697242109
MID1,0.5451729500039404
MIF,14.082231847518445
MINK1,0.23816936135731076
MINPP1,8.417394682735653
MIOX,0.016981051956244452
MIP,0.4037412759029347
MKNK1,12.805912557075596
MKNK2,58.646396662689796
MKRN1,35.55694346160011
MKRN2,28.88633539723336
MKRN3,0.376491099424174
MLKL,5.327848996072091
MLYCD,16.18114750709931
MMAA,1.3411364724539778
MOCS1,27.10668840021305
MOCS2,33.046583283396075
MOGAT1,0.05476426140032141
MOGAT2,0.06171353466959499
MOGAT3,0.06832763191888709
MOGS,87.01540120770113
MOK,0.9337292577780173
MOS,0.09191795284698573
MOXD1,0.12727114214853047
MPC1,88.367241712735
MPC2,46.20247742620321
MPI,8.724090962268338
MPO,0.015112244894514223
MPST,1979.200513567395
MRPL58,13.330417578133794
MSMO1,11.598993728473118
MSRA,4.857428229729637
MST1R,0.2915483279864396
MT1A,4.765753376320877
MT2A,603.6463216694501
MT3,5.049172874126006
MT4,0.3354345050980549
MTAP,275.74517967009666
MTFMT,8.998537642867358
MTHFD1,160.63209733435576
MTHFD1L,32.7699474449242
MTHFD2,32.25242906888292
MTHFD2L,2.4383896268175254
MTHFD2P1,0.016863597406468485
MTHFR,4.2605374637931
MTHFS,8.950386797847134
MTMR1,2.359444896062517
MTMR14,10.232811105742643
MTMR2,1.8911189573864968
MTMR3,0.34944198994754466
MTMR6,7.026410036068284
MTMR7,0.671494809363921
MTMR8,1.0268634638332748
MTPAP,2.344972475119026
MTR,0.9110089484593283
MTRR,9.42030708593498
MTTP,0.5962655779954782
MUL1,23.159329791104266
MUSK,0.09924134520767401
MUT,0.3354345050980549
MVD,50.30289015142763
MVK,7.299042094146712
MYBBP1A,49.759492787705305
MYCBP2,0.2066993377414254
MYLIP,39.76460787758598
MYLK,9.60842212604007
MYLK2,0.7568273234946631
MYLK3,0.057752964733250214
MYLK4,0.22682990261576702
MYO3A,0.7951595706545144
MYO3B,0.10759598672742532
MYO5B,0.08389860382706694
NAA10,72.62767574610743
NAAA,5.178232158373092
NADK,35.892598194382536
NADSYN1,7.991765034229139
NAGA,12.481738858938044
NAGK,21.69666341420496
NAGLU,18.4563622609535
NAGPA,5.221396316899493
NAGS,0.2709589577529098
NAMPT,247.72818884446164
NANP,1.3802626476510866
NANS,100.86586376066933
NAPRT,25.164291606310147
NAPSA,0.11579490010238132
NARS,2517.297993182647
NARS2,3.1378593205768888
NAT1,3.970930858918327
NAT2,0.1941219295426263
NCOA1,16.522459968577287
NCOA2,0.5108210539348106
NCOA3,4.824678873188565
NCOA6,10.608453186729468
NCOR1,0.12113023187487208
NCOR2,1.3017224125744316
ND1,0.7496282848946749
ND2,6.647572110665278
ND3,3.518721426725826
ND4,15.91921099634504
ND4L,0.3354345050980549
ND5,3.9860139175064595
ND6,2.1511623729121254
NDST1,41.992016850043775
NDST2,9.309305445313084
NDST3,0.011917750119066997
NDST4,0.005242509926283142
NDUFA1,555.7715643166059
NDUFA10,36.50990974808178
NDUFA11,103.94955594802573
NDUFA12,14.768748078705299
NDUFA13,872.6984042033582
NDUFA2,14.212580677656918
NDUFA3,6.907713661006926
NDUFA4,99.55997776558836
NDUFA5,21.507132053041968
NDUFA6,39.29380505920497
NDUFA7,5.115450371903448
NDUFA8,49.90801984532711
NDUFA9,25.277640785020356
NDUFAB1,140.35513397985767
NDUFB1,84.05991201894703
NDUFB10,223.80664844798076
NDUFB2,45.649163722509186
NDUFB3,136.70461581006666
NDUFB4,119.11419157899194
NDUFB5,56.6493507547278
NDUFB6,33.50873113895442
NDUFB7,391.02849358383975
NDUFB8,99.15241394475456
NDUFB9,14.539865335115875
NDUFC1,76.27431996625036
NDUFC2,46.417501771786306
NDUFS1,35.88156343814633
NDUFS2,21.160169642645123
NDUFS3,147.1414075370765
NDUFS4,120.96452824213252
NDUFS5,713.9855229861488
NDUFS6,18.853629234054658
NDUFS7,14.608112260377018
NDUFS8,93.32305930883751
NDUFV1,44.28905390092511
NDUFV2,111.1229058393115
NDUFV3,9.053630438828858
NEDD4,4.481163320695654
NEDD4L,0.12222204239908667
NEK1,6.329321678149937
NEK11,0.5577612113075726
NEK2,0.050051456509699235
NEK3,7.643831229786294
NEK4,5.363723643779598
NEK5,0.011771945217778286
NEK6,0.4843903042764728
NEK7,99.23744424170006
NEK8,0.7972766731305996
NEK9,2.4345373149621183
NEU1,20.895161902121757
NEU2,0.07868648115252536
NEU3,1.5680103299972477
NEU4,0.008160495308495467
NEURL1,0.14715923590013888
NEURL1B,15.787333655755004
NGLY1,9.371711441792591
NHLRC1,0.8638874522218561
NIT2,581.9165282138086
NKTR,27.312853633817134
NLK,3.283419721741429
NLN,37.343225453897595
NME1,2504.1795002994218
NME2,281.45765578880633
NME3,93.50840138230991
NME4,151.95932137065282
NME6,0.37835604072154455
NME7,1.313216778912483
NMNAT1,1.9819369041776305
NMNAT2,0.185595849324676
NMNAT3,2.609639492910178
NMRK1,10.708129860746036
NMT1,57.65800310737886
NMT2,3.2331003780948184
NNMT,105.8743821546805
NNT,16.20437339298071
NOL9,3.344833213128904
NOS1,0.007361810774272801
NOS2,0.009818990956041116
NOS2P1,0.3354345050980549
NOS2P2,0.3354345050980549
NOS3,1.4139095122976555
NOX1,0.030533653893275718
NOX3,0.09198887034239282
NOX4,5.7700265961955735
NOX5,0.0009725503445614338
NPAS2,2.4532341055777853
NPC1,8.106180628913956
NPC1L1,0.28947242131445683
NPR1,98.48448484258844
NPR2,21.47523945059378
NQO1,137.2787628934935
NQO2,117.42563025810925
NR1D1,15.77192968757949
NRF1,0.9774356659041968
NSD1,6.9574858707114435
NSD2,0.8117852405670956
NSD3,0.8238692165195934
NSDHL,407.4153866373972
NSF,42.9243511684179
NT5C,144.12981740067312
NT5C1A,0.6239637219772528
NT5C1B,0.011228413085448589
NT5C1B-RDH14,0.037698419756150243
NT5C2,137.58678313254399
NT5C3A,8.737772741178858
NT5DC3,37.446292703282964
NT5E,18.806716497060354
NT5M,0.36707727721237665
NTAN1,3.9073285675405622
NTRK1,0.15602238851644343
NTRK2,15.980136778609689
NTRK3,68.31420976949308
NUAK2,0.20237909183160457
NUDT10,1.9971973179967493
NUDT11,3.460379540466446
NUDT12,4.809422241352629
NUDT2,26.669630435174202
NUDT3,14.505700626567188
NUDT4,21.491625608545572
NUDT5,82.50515250563738
NUDT9,11.568993377042487
OARD1,5.3265209491870635
OAT,550.9759795191305
OBSL1,2.25758789897259
OCRL,25.13860065685526
ODC1,16.30994834492558
OGA,13.207835039605774
OGDH,478.80873187908884
OGT,107.2930455314067
OLAH,1.8491723815083543
OPLAH,0.5392921065565506
OTC,0.04724581516095243
OTUD5,55.30956626098508
OXCT1,269.86692997343187
OXCT2,0.0029389790141725915
OXSM,3.5464085371618403
OXSR1,19.77691442251839
P4HA1,18.512012040546892
P4HA2,22.480467602787485
P4HA3,0.8703482190575207
P4HB,353.24482667316965
PADI1,0.0008215183625721286
PADI2,6.457860433246185
PADI3,0.005781911819043032
PADI4,0.015030000171918084
PADI6,0.3354345050980549
PAFAH1B2,387.12350097267415
PAFAH1B3,12.637420192721864
PAFAH2,2.4968106172421183
PAH,1.0237857162607364
PAICS,87.62998852336708
PAK1,24.287313872928117
PAK2,126.16704219666461
PAK3,1.42139618108478
PAK4,0.16313617339250408
PAK5,0.1843105272396382
PAK6,0.026685110782494626
PAM,1.6034547635683842
PAN2,15.671877419558069
PANK1,2.95614625765676
PANK2,7.783969193326303
PANK3,11.230866231381807
PANK4,6.220472990471005
PAOX,1.9348804941048776
PAPOLA,5.166617009135354
PAPOLB,0.0034881789776018243
PAPOLG,2.831131414696575
PAPSS1,51.88274670395671
PAPSS2,9.545497773036697
PARP1,26.52670472390722
PARP10,1.2087957773992295
PARP11,1.3045744455500228
PARP12,0.7584351855217358
PARP14,3.8551346407248537
PARP15,0.07217554313189474
PARP16,6.898705396821811
PARP2,10.011532183472012
PARP3,17.302588681184208
PARP4,2.6406562527610262
PARP6,33.27001528571095
PARP8,5.807828500005056
PARP9,2.9242418340476832
PARS2,2.237703163354245
PASK,0.29570902438015123
PBK,0.031427151182210365
PC,12.579056021588876
PCBD1,92.5194316575824
PCBD2,1.9170276523038183
PCCA,8.302107467250195
PCCB,1.657815360789578
PCK1,0.00688284613202177
PCK2,5.301748016661084
PCMT1,654.2738141766646
PCYOX1,146.75697336945234
PCYT1A,18.698809342900034
PCYT1B,8.546620336847711
PCYT2,11.151779442448667
PDE10A,1.0505321490671176
PDE11A,0.05446776261112203
PDE1A,15.456814912506747
PDE1B,10.16224097228838
PDE1C,3.970465928806151
PDE2A,4.825818604329533
PDE3A,57.26708427512106
PDE3B,0.19334502527423472
PDE4A,7.490935391599923
PDE4B,0.8462774633253087
PDE4C,0.9389780243843188
PDE4D,3.815683806052313
PDE5A,65.74162138111436
PDE6A,0.2352585898274918
PDE6B,0.09055944512809286
PDE6C,0.04128955715379904
PDE6H,1.0083333333333333
PDE7A,0.937665280332481
PDE7B,1.0469526048885565
PDE8A,11.504931806947805
PDE8B,1.0420347330082935
PDE9A,2.206499023940441
PDF,1.5389654030573954
PDGFRA,9.96516745387096
PDGFRB,159.46990666513526
PDHA1,170.04921244491706
PDHA2,8.963593332760542
PDHB,170.06650576636582
PDHX,13.492814990242309
PDIA2,0.07183541252249658
PDIA3,2190.091385314526
PDIA4,369.19170440422596
PDIA5,28.799935250694347
PDIA6,306.5452709334887
PDK1,0.2571818886349163
PDK2,52.45310418981571
PDK3,48.99707536961522
PDK4,157.51364652148087
PDP1,7.617196253530998
PDP2,2.3444467794728214
PDPK1,0.8537652986052732
PDPR,7.121286267936871
PDXK,3.017950037803016
PDXP,1.0990891305965742
PDZD4,29.714591877572474
PEAK1,7.8776766471685375
PECR,34.3874114752261
PEMT,9.96516745387096
PEPD,38.081743793321046
PEX11A,1.8612108884031018
PFAS,34.053423891473734
PFKFB1,0.028846694385832473
PFKFB2,1.1049680891070734
PFKFB3,6.105635963492755
PFKFB4,0.3754356012089985
PFKL,85.82956436180399
PFKM,31.040624584242888
PFKP,836.1519914975248
PGAM1,77.77683453500454
PGAM2,92.14558842160893
PGAM5,18.349880463915476
PGAP1,1.284039550111777
PGD,522.4271465705098
PGGHG,0.02991860446325157
PGK1,94.49947087412193
PGK2,23.296392096478
PGLS,1055.9452060621672
PGLYRP1,0.02238448757431288
PGLYRP2,13.13342928945454
PGLYRP3,0.01572942767765221
PGLYRP4,0.2601296063498426
PGM1,294.97270487530096
PGM2,196.83989893628527
PGM2L1,1.5786873055159683
PGM3,42.22877661909229
PGP,27.181113495363203
PGS1,10.45219716833081
PHEX,0.011963387737658869
PHGDH,336.01540709007907
PHKA1,0.33697519493746947
PHKA2,3.4546972388190142
PHKB,13.04271454449221
PHKG1,0.3688910933584496
PHKG2,4.297898061278524
PHLPP1,3.6707737669930927
PHLPP2,3.3629060248091336
PHOSPHO1,0.015833268743995547
PHPT1,70.10591714554427
PHYH,32.859133898118486
PHYKPL,10.993942932465444
PI4K2A,0.8646552150745559
PI4KA,2.4193070356897928
PI4KB,1.1258836622213793
PIGA,2.8902140587576257
PIGB,7.444525110386635
PIGC,6.703496754925597
PIGF,1.8361483615335719
PIGG,4.697379013494505
PIGH,8.601148800566644
PIGK,25.392508241094088
PIGL,1.8848314845129097
PIGM,4.006719111875893
PIGN,3.3725151322740436
PIGO,6.316496343947154
PIGP,2.3481271446762673
PIGQ,15.510524691869843
PIGS,19.012656850934658
PIGT,16.573357676929575
PIGU,0.9824547718261823
PIGV,3.2575707436188717
PIGW,1.2034820013776688
PIGX,1.5459595120668554
PIGY,0.3354345050980549
PIGZ,2.088220063113055
PIK3C2A,2.0919918144308123
PIK3C2B,3.1713325470960703
PIK3C2G,0.08873409730034958
PIK3C3,0.09769364058026145
PIK3CA,13.608566694512977
PIK3CB,0.29705198976753455
PIK3CD,3.9751400472341474
PIK3CG,0.16409738349252684
PIK3R1,5.026157161398339
PIK3R2,11.079979709479389
PIK3R3,1.3162709779973782
PIK3R4,31.04802333640396
PIK3R5,0.2665307928709106
PIKFYVE,7.490935391599923
PIM1,8.05229741427585
PIM2,0.9688316050360178
PIM3,17.350503650207717
PIN1,653.0665049180485
PIN4,7.134423196459631
PINK1,51.09484219396293
PIP4K2A,34.19371657695096
PIP4K2B,11.239123529501144
PIP4K2C,37.91045434993836
PIP5K1A,0.594033318976614
PIP5K1B,0.3437467821264925
PIP5K1C,52.43351036362919
PIP5KL1,0.3678025887340159
PIPOX,0.14642997011402026
PISD,1.2641983665299439
PJA1,15.020861544561297
PJA2,199.56363110340237
PKLR,0.004478812247086972
PKM,378.2531914397544
PKMYT1,0.014762852116735172
PKN1,71.70860917229761
PKN2,7.012340082779347
PKN3,1.4053639787843084
PLA2G10,0.006794940363182381
PLA2G12A,1.2575468839092134
PLA2G12B,1.1304561412675453
PLA2G15,4.623782132646701
PLA2G16,23.475817855127403
PLA2G1B,0.03449129925337993
PLA2G2A,182.8078850493685
PLA2G2C,0.0014031366821345417
PLA2G2D,0.02500478423298345
PLA2G2E,0.10480083352838437
PLA2G2F,0.017105401618544066
PLA2G3,0.019881840717782588
PLA2G4A,15.057700675576646
PLA2G4B,5.432062868634739
PLA2G4C,3.589294708767664
PLA2G4D,0.001264295307574152
PLA2G4E,0.0007799785695859345
PLA2G4F,0.011967040255980652
PLA2G5,4.975719272724757
PLA2G6,4.3400809556260995
PLA2G7,0.00955290773022884
PLB1,0.9429184618219133
PLCB1,1.125352169478233
PLCB2,0.7263551114708844
PLCB3,2.335873032090416
PLCB4,21.050081710769902
PLCD1,46.11653094299665
PLCD3,15.929318864443225
PLCD4,2.591927572792068
PLCE1,30.996531329381995
PLCG1,2.5433954516445043
PLCG2,0.7023250771483183
PLCH1,0.010935273448058787
PLCH2,0.02127211861641187
PLCL1,11.346100871370924
PLCL2,4.681071135892234
PLCXD2,0.04724581516095243
PLCZ1,0.07175189323406331
PLD1,1.7375774538739355
PLD2,7.817410345399157
PLD3,18.38217252276027
PLD4,0.6147030582140749
PLD6,0.6759991786848536
PLG,0.002443423865693095
PLIN1,0.3005780274330585
PLIN2,6.412813018307879
PLIN3,26.755215797415467
PLIN4,16.81837187703263
PLK1,0.1288922861185147
PLK2,8.977895229910498
PLK3,4.0313151434416294
PLK4,0.17029201835482957
PLOD1,17.53501047008953
PLOD2,42.036497427325344
PLOD3,24.396118551660965
PLPBP,1.3790311261442316
PLPP1,5.389883230682263
PLPP2,2.123055391477898
PLPP3,4.2032094621878
PLPP4,0.019762828557283812
PLPP5,0.0656688155578048
PLPP6,0.050042688733332445
PLPP7,1.1305815492037874
PLPPR2,0.3307009692228308
PLPPR3,0.9307949846236876
PLPPR4,0.11900942508124815
PLPPR5,0.012456429933028047
PLTP,131.7127790097506
PLXNB3,11.541091308603683
PMM1,10.297579517468309
PMM2,19.53353256404265
PMPCA,19.774742389279854
PMVK,288.14577739707534
PNCK,15.602685296640804
PNKP,17.39026083760355
PNLIP,0.04903188280482324
PNLIPRP1,0.04876262171622993
PNLIPRP2,0.008433728624551698
PNLIPRP3,0.0050897093662513205
PNMT,4.963498010959303
PNP,223.37896337299605
PNPLA2,254.31818506491328
PNPLA3,0.00864025469770676
PNPLA4,4.130587995674932
PNPLA6,1.0012125611575255
PNPLA7,3.1122448288159004
PNPLA8,14.670875078308962
PNPO,4.150028900991437
PNPT1,2.8769672313520704
POLA1,3.345792525655917
POLA2,0.6166823856904093
POLB,5.677394609638055
POLD1,0.5369904159743656
POLD2,7.320658299257927
POLD3,0.32215059168792015
POLD4,98.81805052419935
POLE,0.038244554828229235
POLE2,0.13029888204172688
POLE3,28.20700298387385
POLE4,9.96036447275159
POLG,18.18654228940007
POLG2,2.8371378920751713
POLH,2.5908549002806085
POLI,5.079842012323022
POLK,7.2792481764529295
POLL,6.252448017935306
POLM,7.5839287556637585
POLN,0.08319777718533103
POLQ,0.02319484222571426
POLR1A,0.5848354679787319
POLR1B,0.3798490456080692
POLR1C,7.768632225183667
POLR1D,26.507169813973977
POLR1E,12.607251411733966
POLR2A,2.419879457383982
POLR2B,15.161306845528138
POLR2C,109.24967129090227
POLR2D,11.451940894357923
POLR2E,105.80288692928043
POLR2F,7.610540421037351
POLR2G,18.908298288728947
POLR2H,141.44373075517274
POLR2I,42.52269971633984
POLR2J,31.305028811434763
POLR2K,82.23336243508791
POLR2L,322.6544352531097
POLR3A,0.16991281576827094
POLR3B,1.7286237037348537
POLR3C,0.679215997926244
POLR3D,4.453966006882848
POLR3E,16.896417848184498
POLR3F,7.723847632758659
POLR3G,0.162267316746658
POLR3GL,79.00857587305141
POLR3K,6.17576323222857
POLRMT,5.377012527349987
POMGNT1,17.138818833288934
POMT1,7.931324361951015
POMT2,4.16771829876552
PON3,0.10321894056246511
POR,61.59825782903
PPA1,913.7067413661006
PPA2,145.83467540169968
PPARA,6.156621711231337
PPAT,2.800257842618324
PPCDC,3.732410657416263
PPCS,96.47152214251476
PPEF1,0.011177130101397852
PPEF2,0.0475767992202525
PPIA,419.1380280615059
PPIAL4A,0.3354345050980549
PPIAL4C,0.3354345050980549
PPIAL4E,0.3354345050980549
PPIAL4G,0.009125412564939052
PPIB,2785.9497619300855
PPIC,58.88869918414193
PPID,522.622199283876
PPIE,7.379872580697115
PPIF,30.39806673042056
PPIG,10.11210406916765
PPIH,470.15130729014817
PPIL1,93.97877974528267
PPIL2,0.8417237887879306
PPIL3,22.99972380506777
PPIL4,4.676781930263187
PPIL6,0.1993906534995069
PPIP5K1,2.1691704830924796
PPIP5K2,8.390239646467501
PPM1A,3.250681447241297
PPM1B,45.21128124970345
PPM1D,5.147444650868026
PPM1E,0.008987240978585935
PPM1F,16.164682067321966
PPM1G,21.06586519450332
PPM1K,14.891326289959949
PPM1M,20.960363351317564
PPOX,6.143867314929881
PPP1CA,146.6009729152409
PPP1CB,901.3183357629139
PPP1CC,32.102603606108175
PPP1R1A,25.248564509667872
PPP1R1B,1.8486711168979477
PPP1R2,83.9345470541756
PPP1R3A,0.0009067323342773567
PPP1R3B,50.549655620349505
PPP1R3C,291.5292288222125
PPP2CA,120.5259663819825
PPP2CB,164.62792822948055
PPP2R1A,384.97904675968175
PPP2R1B,7.047135564229559
PPP2R2A,94.75977179555285
PPP2R2B,4.229157846457698
PPP2R2C,0.08527670880252423
PPP2R3A,4.539014998570511
PPP2R3B,2.1521043480435957
PPP3CA,246.51209200149788
PPP3CB,33.14485620454792
PPP3CC,21.229748235912325
PPP3R1,180.27277164087116
PPP3R2,0.003229870551333668
PPP4C,57.921830874682556
PPP5C,52.62409107508523
PPP6C,232.58061845697688
PPT1,7.531618204466188
PPT2,19.7930324531304
PPWD1,19.016359810431975
PRAG1,0.3354345050980549
PRDX1,16884.965246161373
PRDX2,5010.189343328233
PRDX3,121.42800310880871
PRDX6,1117.3654710155465
PREP,80.5663064471736
PRKAA1,48.584721740638614
PRKAA2,5.563007044546679
PRKAB2,47.66844080399577
PRKACA,736.005062742442
PRKACB,134.8745504598687
PRKACG,0.0035475716854388136
PRKAG2,35.2852558989955
PRKAR1A,31.07685259654045
PRKAR1B,3.824959038205677
PRKAR2A,41.71303170819213
PRKAR2B,18.412704904210727
PRKCA,5.332717794491549
PRKCB,1.5177352500714565
PRKCD,3.4358910026452993
PRKCE,0.7330124378258492
PRKCG,0.01524440644334695
PRKCH,1.05411413820739
PRKCI,5.0113710035755865
PRKCQ,0.0014102729411844446
PRKCSH,208.51236860123592
PRKCZ,0.0360012610061517
PRKD1,0.8040936862725138
PRKD2,7.537403344480059
PRKD3,14.746818301911322
PRKDC,1.335791085109477
PRKG1,61.12130671136688
PRKG2,0.13266701739862252
PRKN,0.21524163632635238
PRKX,1.2482616619277536
PRKY,0.3354345050980549
PRODH,17.138818833288934
PRODH2,0.047452249121563574
PRPF19,293.7371832785613
PRPF4,99.5019703823083
PRPF4B,34.87231558843641
PRPS1,524.5658513510668
PRPS1L1,1.6993128857058533
PRPS2,4.987946550646192
PRRT2,22.910080782991784
PSAP,46.94490715392673
PSAT1,11.86889933785727
PSKH1,19.487241026774313
PSKH2,0.11813839957802594
PSPH,317.4016210812822
PSPHP1,0.3354345050980549
PTDSS1,13.079793180184518
PTDSS2,10.75090550082353
PTEN,12.042288403501823
PTGDS,53.66092996002449
PTGES,1.586198014909956
PTGES2,58.31913642577488
PTGES3,3228.264474802835
PTGIS,628.612181410695
PTGR1,61.968573069082495
PTGS1,4.725488764736982
PTGS2,0.5597333115472443
PTK2,5.8014358394357
PTK2B,4.6045166678454965
PTK6,0.16731285616530647
PTK7,0.04008214398976843
PTP4A2,2.0070088383896847
PTP4A3,62.4475379669274
PTPDC1,2.509060822693898
PTPMT1,17.25274927520853
PTPN1,30.40257426238789
PTPN11,47.03598386440249
PTPN12,7.909368171477106
PTPN13,5.788921366953916
PTPN14,9.274671588918627
PTPN18,23.57593984009991
PTPN2,5.4314121662898565
PTPN21,30.169927994060806
PTPN22,0.06067127546917817
PTPN23,13.165974117650467
PTPN3,6.118374434446002
PTPN4,1.175033067454885
PTPN5,0.07467081170148239
PTPN6,1.6440304755905588
PTPN7,0.05805351738878729
PTPN9,0.5197116989337869
PTPRA,0.578016227713931
PTPRB,1.9383210146702734
PTPRC,0.8231955175960296
PTPRD,1.183278376656634
PTPRE,0.8006663800271443
PTPRF,4.830678931593354
PTPRG,17.799092432678016
PTPRH,0.03436924483996938
PTPRJ,1.3571367954648503
PTPRK,14.84566170283287
PTPRM,18.7827868510981
PTPRN,0.013501647234663629
PTPRN2,0.7234463638070782
PTPRO,3.4348239344216376
PTPRQ,0.020394575575490553
PTPRR,0.04898343676080078
PTPRS,18.639337357180448
PTPRT,0.002896306512591153
PTPRU,3.7007024623628175
PTPRZ1,0.44474069714957787
PTRH1,0.058267663503363924
PTRH2,152.8608383761594
PTS,32.040458859935775
PUS1,3.0764843561244892
PXDN,3.154904796963001
PXDNL,0.0455686439703213
PXYLP1,0.3900283303635837
PYCR1,0.3794463280439787
PYCR2,254.87902332948818
PYCR3,18.52640291410028
PYGB,1794.8041770119444
PYGL,14.534375685488978
PYGM,43.402242896140905
PYURF,2.051304090258562
QARS,216.28683978804108
QDPR,424.720430896287
QPCT,0.9719153534795181
QPRT,1.0968354257211865
QTRT1,22.959887334468583
QTRT2,3.0803803903498332
RAD1,1.406367468178331
RAD18,1.1773222722222396
RAD9A,2.7348348691480555
RAF1,0.7993240269448171
RAG1,0.07718289881923651
RALBP1,45.08768531925616
RARS,279.4147613095229
RARS2,11.882837750661416
RBBP6,0.3341513488831732
RBKS,0.29016405995358957
RBP1,75.6022017504967
RBP2,0.44262896504099397
RBP4,0.5228942101806611
RCHY1,6.2844558358272415
RCL1,17.218968069365378
RDH10,7.490935391599923
RDH11,228.13222607645
RDH12,0.019746377643933034
RDH13,0.9128925869858249
RDH14,31.18666477602281
RDH16,0.020618356983857458
RDH5,13.878268402584473
RDH8,0.3354345050980549
REG3A,0.06346488764735815
RENBP,4.3323511586073185
RET,0.01358776787288457
REV3L,6.522323166467383
RFC5,13.095170388974857
RFK,9.058288935672385
RFWD3,2.244475606893453
RGL1,4.249282824773908
RHAG,0.44511752435897667
RHBG,0.3354345050980549
RHCG,0.023654492975964857
RING1,49.57903654483681
RIOK1,0.8572150008902002
RIOK2,0.21658510210669574
RIOK3,35.30335540710698
RIPK1,8.208422787699147
RIPK2,2.9339371491571353
RIPK3,1.8380654079386127
RIPK4,0.9855954778578953
RIPOR1,1.8350848174091228
RNF103,27.66577407245451
RNF115,16.096043089201512
RNF123,15.787333655755004
RNF125,0.7155630080073544
RNF126,31.9694658491523
RNF128,0.22536477082930026
RNF13,37.45199654926104
RNF130,11.108688452820603
RNF133,0.009369961046102281
RNF138,4.656932229392509
RNF139,19.95435718325812
RNF14,31.836439069622745
RNF144A,0.9136638536444411
RNF144B,3.08278476603977
RNF146,42.01075828790977
RNF149,9.979218452088459
RNF152,1.4591816712064785
RNF167,104.63533111184526
RNF180,6.774942828418262
RNF182,0.006069051427439814
RNF185,49.51123469761836
RNF187,47.14999552499807
RNF19A,30.64423840227087
RNF19B,13.758270109620316
RNF2,5.002273173588425
RNF20,3.050438222164733
RNF216,24.15328900324781
RNF217,7.5042060740670875
RNF25,37.30552651845807
RNF31,19.31866155569075
RNF40,1.7797137594918284
RNF41,29.208361510573198
RNF5,62.82315177179473
RNF8,2.761969531715032
RNGTT,4.932788431395154
RNMT,41.81628677667143
ROCK1,35.81372162965773
ROCK2,36.498254885380824
ROR1,19.962430299883597
ROR2,0.003470946411680201
RORA,2.3718141889065483
ROS1,0.16602267687961664
RPAP2,0.9162761204080998
RPE,113.90727741455558
RPE65,0.011728131313476612
RPIA,16.510414635918057
RPL14,2085.7508091285995
RPN1,292.11124866174674
RPN2,434.09330565621514
RPP14,17.94801285191116
RPS6KA1,1.6757161386215014
RPS6KA2,9.18433854842609
RPS6KA3,1.8762218768271726
RPS6KA4,1.2494099158608387
RPS6KA5,1.0099603384389162
RPS6KA6,2.441569066652236
RPS6KB1,2.1963160432603437
RPS6KB2,42.4422727535598
RPS6KC1,0.907529091382925
RPUSD4,0.8089983489197718
RRM1,20.339605210339894
RRM2,0.0685910896567191
RRM2B,7.134423196459631
RTCA,13.087211436624067
RWDD2A,2.515990159176819
RXRA,14.088765773046953
RYK,40.358678861162566
SACM1L,19.222462409410902
SAE1,241.2080687378526
SAP130,0.9006886335766547
SARDH,0.037650811433372997
SARS,224.12171021912786
SARS2,5.079842012323022
SAT1,77.93589292253169
SAT2,88.91139314368284
SBK1,0.06122797719207114
SC5D,13.19115535223902
SCARB1,3.0966740280846654
SCARF2,34.22069622294012
SCD,4.812457761299648
SCD5,4.352573377324164
SCLY,2.9291879712713547
SCP2,170.7650161560263
SDC1,0.05785212937113442
SDHA,175.83202370161683
SDHB,248.7672801048038
SDHC,22.615734079976125
SDHD,3.70064843426071
SDR16C5,0.003363879847599631
SDR42E1,0.033244923812258624
SDR42E2,0.004656500090183115
SDR9C7,0.02294488833995377
SDS,0.06845198676782788
SDSL,2.00483630443513
SEC11A,225.11516435385548
SEC11C,3.075503959024623
SELENOI,0.1784505883933933
SEPHS1,496.2593526828176
SEPHS2,27.941852774482367
SERPINA1,0.4312177625890016
SERPINA3,79.15749599556317
SETD1A,0.2934688827573731
SETD1B,33.09124554627329
SETD2,0.06252339632217203
SETD5,13.818243162320307
SETD7,7.552044572358608
SETDB1,0.24239619951362185
SETDB2,3.242978585723664
SETMAR,23.692856552608347
SFXN3,2882.2269802537276
SGK1,1.6069049753786597
SGK2,0.1935044809506558
SGK3,2.0764131323950727
SGMS1,13.064959195746145
SGMS2,6.918287784539705
SGPL1,21.035065398538006
SGPP1,10.843703000622362
SGPP2,0.03093075471048677
SGSH,15.995581253116388
SH3RF1,8.139894140340473
SH3RF2,1.189699365728924
SH3RF3,16.600229419974994
SHMT1,53.29874260050587
SHMT2,226.60176768765317
SHPK,2.5010701957998522
SHPRH,1.3660946678408281
SI,0.18373547314711697
SIAE,21.1235446752399
SIAH1,3.9074735078137373
SIAH2,39.403464086250516
SIK2,5.301748016661084
SIK3,3.37592062230729
SIN3A,3.6162438321501966
SIN3B,0.12529566777946496
SIRT1,11.882094866222724
SIRT2,31.650388549403672
SIRT3,6.010267522892252
SIRT5,2.8453326493869686
SIRT6,11.620722088372137
SIRT7,11.02260692609486
SLC10A1,0.002544803010001459
SLC10A2,0.058748703153154044
SLC10A6,0.09275621473437334
SLC11A1,0.6490641244560116
SLC11A2,4.68469412667404
SLC12A1,0.12604246262781418
SLC12A2,1.19768412488652
SLC12A3,0.3836436624241189
SLC12A4,0.8565777592952378
SLC12A5,0.048692962221429686
SLC12A6,0.06741572288151572
SLC12A7,0.8370972622664271
SLC13A1,1.3898493503991496
SLC13A2,0.9791894450655247
SLC13A3,0.06928178892377755
SLC13A4,0.08430346161518483
SLC13A5,0.11163659041069766
SLC14A1,1.1860293766868517
SLC14A2,0.02428418029933014
SLC15A1,0.003599180824857474
SLC15A2,0.17424928263981837
SLC15A3,7.68381856614381
SLC15A4,8.464958230407749
SLC16A1,4.742377503136119
SLC16A10,0.0023336627644542406
SLC16A2,7.797342207664564
SLC16A3,4.491659231126409
SLC16A7,0.9922286063000103
SLC16A8,0.3649030658782297
SLC17A1,0.06505057075080632
SLC17A2,0.014797084619435076
SLC17A3,0.0013983832098554028
SLC17A4,0.016758172785412122
SLC17A5,9.88795797599025
SLC17A6,0.0027963176913284155
SLC17A7,0.37470729672658515
SLC17A8,0.023326127399307364
SLC18A1,0.058656845323138175
SLC18A2,2.8611892536301324
SLC18A3,0.06214561646399096
SLC19A1,0.7740509169152726
SLC19A2,7.557335783081113
SLC19A3,0.33794719869233597
SLC1A1,1.2784504789797535
SLC1A2,0.01293899541293414
SLC1A3,0.9071397343031675
SLC1A4,2.6429180675563155
SLC1A5,23.57593984009991
SLC1A6,0.0008566935289648568
SLC1A7,0.729266194427172
SLC20A1,7.444525110386635
SLC20A2,63.728496932537105
SLC22A1,0.029808321601606683
SLC22A10,0.003727405545527251
SLC22A11,0.20377100608576706
SLC22A12,0.0013640176866144228
SLC22A13,0.03013758495888595
SLC22A16,0.0011787395132845102
SLC22A18,2.617160931714847
SLC22A2,0.23412962861216852
SLC22A3,59.438947865134786
SLC22A4,0.13699162418650473
SLC22A5,1.9155765843905306
SLC22A6,0.3332262579895881
SLC22A7,0.3754031874781076
SLC22A8,0.0021793880741550918
SLC22A9,0.11807453767167743
SLC23A1,0.07554154216323729
SLC23A2,10.246936860823533
SLC24A1,1.2002632103150335
SLC24A2,0.0007620537813181905
SLC24A3,21.688454420534626
SLC24A4,0.09890665182404328
SLC25A1,1197.3698478492859
SLC25A10,0.574766583017112
SLC25A11,942.2220295186964
SLC25A12,749.6758784717864
SLC25A13,110.85308766211385
SLC25A14,2.4909560731282165
SLC25A15,1.3830997525517674
SLC25A16,2.7766445182319277
SLC25A17,2.9737201874230674
SLC25A18,0.22610577755662373
SLC25A19,2.466503330069616
SLC25A2,0.03792415945924091
SLC25A20,15.725735869162339
SLC25A21,0.3479621616737091
SLC25A22,1.5191808815855272
SLC25A26,6.3678289045552905
SLC25A27,13.833244585105433
SLC25A28,50.00564440337252
SLC25A29,6.787949301950395
SLC25A3,1911.640587467902
SLC25A37,4.433052871118978
SLC25A4,918.362643038607
SLC25A5,2271.7851499631324
SLC25A6,418.98946940514156
SLC26A1,0.2591719615654941
SLC26A11,4.298491612982641
SLC26A2,2.4718150308042346
SLC26A3,0.003945519067239384
SLC26A4,0.07390729906842003
SLC26A6,61.50542727588112
SLC26A7,0.008665926623773348
SLC26A8,0.08247602875918052
SLC26A9,0.002128869042495957
SLC27A1,2.139626368550488
SLC27A2,4.602256097978344
SLC27A3,34.68901882017766
SLC27A4,2.8957330629043843
SLC27A5,1.7643521128952901
SLC27A6,0.06403625466536879
SLC28A1,0.016395422598725937
SLC28A2,0.01386559238455609
SLC28A3,0.004707953713257762
SLC29A1,98.59564829608499
SLC29A2,1.512918470998745
SLC29A3,2.048233725420851
SLC29A4,0.04135978588271741
SLC2A1,12.976225607948589
SLC2A10,3.523007863431089
SLC2A11,2.9467877796766846
SLC2A12,4.159461370859772
SLC2A13,2.7641426204465884
SLC2A14,0.000851204879933103
SLC2A2,0.7271472329221568
SLC2A3,3.5778483048130454
SLC2A4,3.114470505211245
SLC2A5,0.006572038377186138
SLC2A6,0.9931136962584847
SLC2A7,0.02769435809366143
SLC2A8,5.833057199270998
SLC2A9,0.6243669877576553
SLC30A1,7.318846770615865
SLC30A6,5.283183516695047
SLC30A7,11.885164255495337
SLC31A1,3.554406110872807
SLC32A1,1.4740945089441455
SLC33A1,471.08954843084564
SLC34A1,0.001000243736757542
SLC34A2,0.005102023177305261
SLC34A3,0.012447435998818174
SLC35A1,32.111483395664386
SLC35A2,5.90254875868765
SLC35A3,11.25245476526289
SLC35B2,0.7528032613255062
SLC35B4,3.5355604642546874
SLC35C1,6.278051653834529
SLC35D1,6.755442495038182
SLC35D2,14.390571097473606
SLC36A1,2.4750031494491265
SLC36A2,0.006619043247802258
SLC36A4,2.5999754499324585
SLC37A1,1.2186794972162174
SLC37A4,4.1736181117218445
SLC38A1,39.74607164004674
SLC38A2,95.93469592491437
SLC38A3,0.21419286961615325
SLC38A4,0.009917388997957311
SLC38A5,0.4051663230460922
SLC39A7,14.205573115878543
SLC3A1,0.016414877027861343
SLC3A2,41.692170461928875
SLC40A1,30.46839513751615
SLC41A1,10.850847880871173
SLC41A2,4.102343018855426
SLC43A1,8.37666872409714
SLC43A2,2.721287702464957
SLC46A1,1.396354973205729
SLC47A1,0.7006738256922387
SLC47A2,0.024600260207467434
SLC4A1,13.592771879362395
SLC4A10,0.0012654596311628215
SLC4A2,21.1235446752399
SLC4A3,3.966376979145349
SLC4A4,3.961704927619085
SLC4A5,0.2661567740056174
SLC4A7,1.0613883334684615
SLC4A8,0.005177574920261992
SLC4A9,0.011197717867538634
SLC51A,0.4854174352362541
SLC51B,2.5117254990326776
SLC52A1,0.0012063554523927143
SLC52A2,17.052726440991115
SLC52A3,0.05279060824404108
SLC5A1,0.0018824515612616787
SLC5A10,0.2452712501917088
SLC5A11,0.036137943255660596
SLC5A12,0.42464673261698827
SLC5A2,0.13331118201738007
SLC5A3,0.1255683507315296
SLC5A5,0.019786766800139743
SLC5A6,4.587672619644149
SLC5A7,0.010777663298445877
SLC5A8,0.3418527760399266
SLC5A9,0.11092382083694534
SLC6A1,0.47127121984969395
SLC6A10P,0.003804188010011181
SLC6A11,0.16250422749413002
SLC6A12,0.002121118014775254
SLC6A13,0.040355469493663
SLC6A14,0.3354345050980549
SLC6A18,0.0024314733880728867
SLC6A19,0.1185497404542115
SLC6A2,0.007017157116703439
SLC6A20,0.003946981446711512
SLC6A3,0.0025033513721103903
SLC6A4,0.015852587744965996
SLC6A5,0.10319845039380167
SLC6A6,0.1232658131355906
SLC6A7,0.062344422615375004
SLC6A8,24.15328900324781
SLC6A9,1.728670840173901
SLC7A1,5.7700265961955735
SLC7A10,0.13746797748798076
SLC7A11,0.008505301863799358
SLC7A2,42.95936948406799
SLC7A3,0.005341768699340962
SLC7A5,0.12742537594128714
SLC7A6,4.872031213459305
SLC7A7,2.4177435345333667
SLC7A8,14.952256059600971
SLC7A9,0.05672844409114231
SLC8A1,3.1361875291545016
SLC8A2,0.8811375243365641
SLC8A3,0.007711400570786125
SLC8B1,7.312244017452382
SLC9A1,7.524120914125928
SLC9A2,0.002844169712594041
SLC9A3,0.2681300570725012
SLC9A4,0.314551529377227
SLC9A5,0.18212329650005146
SLC9A7,0.1061235049836002
SLC9A8,6.451421222745032
SLCO1A2,0.0003946997242335528
SLCO1B1,0.5745214485775751
SLCO1B3,0.04767210311424515
SLCO1C1,0.02954543411234263
SLCO2A1,12.73946904978341
SLCO2B1,4.331162204118876
SLCO3A1,4.768177329379387
SLCO4A1,2.001780008892068
SLK,29.679305420110925
SMARCD3,63.71831012068631
SMG1,1.3919972499218816
SMPD1,41.542726008130685
SMPD2,2.8514730242298123
SMPD3,0.16338796190532245
SMPD4,8.520161442137073
SMS,208.38403559915685
SMURF1,32.82345349020184
SMURF2,8.18714007228051
SMYD3,2.850381763847886
SNRK,9.85991166925945
SOAT1,2.35369039192487
SOAT2,0.03436924483996938
SOD1,3325.85224034442
SOD2,14.731623375385126
SOD3,1396.0277590626297
SORD,0.7660596004031573
SPCS1,187.34833114253863
SPCS2,253.66953042621802
SPCS3,333.88134398790953
SPEG,255.52849542067133
SPHK1,1.7499629323033208
SPHK2,1.0561717727322617
SPR,363.07253741385466
SPRYD3,93.83852522932072
SPTLC1,16.45309385240009
SPTLC2,1.4193412563928876
SPTLC3,0.2707542596564059
SQLE,0.21059747635620332
SRC,7.886311159654475
SRD5A1,1.8752755491203086
SRD5A2,0.3354345050980549
SRD5A3,1.5032941289773645
SREBF1,6.1949166454009745
SRM,611.5626068652545
SRMS,0.0037086201543393166
SRPK1,2.8253992302463415
SRPK2,11.245257664572927
SRPK3,5.8204401113889785
SSH1,9.671018241258713
SSH2,1.2039419695917062
SSH3,22.744215691314274
SSR4,287.8737587147214
SSU72,145.1581832908155
ST3GAL1,12.064285318013303
ST3GAL2,7.471038196736659
ST3GAL3,9.615190818518336
ST3GAL4,6.150243850762914
ST3GAL5,1.480246094523235
ST3GAL6,2.4750031494491265
ST6GAL1,15.326532573707343
ST6GALNAC1,0.32905518414820617
ST6GALNAC2,4.524617919155728
ST6GALNAC3,1.0219646781856468
ST6GALNAC4,13.878268402584473
ST6GALNAC5,3.3267799420305604
ST6GALNAC6,134.19156041916423
ST8SIA1,0.029064690360936462
ST8SIA4,0.12932727830118365
ST8SIA5,0.0037998334741988003
STAMBP,11.164137671691345
STAMBPL1,0.33545265272232894
STARD3,22.9266805591731
STK10,0.20231642581307802
STK11,26.097632027831388
STK16,1.1024326349413476
STK17A,9.69895620406914
STK17B,1.449149576886295
STK19,9.127740751973692
STK24,42.65836057167413
STK25,2.2221360752414694
STK26,0.629690691282171
STK3,9.940506981683995
STK31,0.027653647189788032
STK32A,2.190411376394284
STK32B,0.13482248031474517
STK32C,1.8306437577607133
STK33,0.020781413548413535
STK35,5.388554210543782
STK36,6.970561748874709
STK38,8.498571379769075
STK38L,248.55155941386064
STK39,31.367334815792937
STK4,1.0001317303319548
STRA6,0.015524809129489985
STS,24.75027255548279
STT3A,7.821097564910812
STT3B,51.514260628252785
STUB1,123.699329121806
STYK1,0.018045397160068897
STYXL1,4.9329712355389645
SUCLA2,221.14948243199862
SUCLG1,280.20297928876613
SUCLG2,945.2579811230628
SULT1A1,4.135888246841444
SULT1A2,0.13130144849936354
SULT1A3,0.16456038112999466
SULT1B1,0.03620632325939058
SULT1C2,0.23237480067308153
SULT1C4,1.9251732273845923
SULT1E1,1.3273511575593253
SULT2A1,3.553854432798619
SULT2B1,0.01616233100144797
SULT4A1,0.03771717987398707
SUOX,8.765149173639466
SUV39H1,1.5167716489309906
SUV39H2,1.0290917345036439
SYK,1.298033539863467
SYNJ1,0.0836720338585513
SYNJ2,0.05393893610560493
SYVN1,0.7122227008330031
TAF1,9.350900164571058
TALDO1,175.66495590101735
TAOK1,3.7762828555999146
TAOK2,12.481738858938044
TAOK3,10.395492254123244
TARS,118.9889048605077
TARS2,0.7866722599457949
TARSL2,7.529070021098783
TAT,0.28571233464989304
TBCB,205.09064937365181
TBK1,0.8949340030233901
TBL1X,21.83858279102166
TBL1XR1,9.795152020615399
TBXAS1,0.8287405799193397
TCIRG1,50.41590438026282
TDO2,0.004243091523563885
TECR,74.03164394282021
TECRL,0.007961391488006444
TENT2,0.15316461371698084
TENT4A,0.45357387630786017
TESK1,52.52169412658169
TESK2,3.017950037803016
TFRC,28.799094324489108
TGDS,6.580448987100123
TGFBR1,43.27022804418777
TGFBR2,130.65328806795986
TGM1,1.3491318823186533
TGM2,8369.26978163064
TGM3,0.017000643577130513
TGM4,0.8030397362335248
TGM5,0.01643433607688379
TGM6,0.018105422639918517
TGM7,0.005203838602037636
TGS1,6.840025082053678
TH,0.0061904420530926344
THNSL1,0.5193936297781783
THTPA,3.7088035480021713
TIAM2,1.5496025721443671
TICRR,0.02672800948887652
TIPARP,4.890297278737428
TK1,1.2626413777577392
TK2,10.11994592275411
TKFC,17.655218887752373
TKT,45.70634108401314
TKTL1,0.0012364162433281872
TKTL2,0.0017286680778026758
TLK1,9.712931236104101
TLK2,0.4636401464638295
TM7SF2,2.9748810183872942
TMEM91,3.050609969146213
TMLHE,2.7538235002315137
TMX3,18.862576055614674
TNFRSF21,0.6409455843982511
TNIK,6.872612861182308
TNK1,0.438344445396663
TNK2,15.541232738638183
TNKS,6.774942828418262
TNKS2,21.828091840008906
TNNI3K,0.4632798068791448
TNS2,1.434061794943761
TOPORS,10.679631763858643
TP53RK,5.357519594225825
TPH1,2.1082710847347736
TPH2,0.08567194949607831
TPI1,4438.003575738214
TPI1P2,0.15868453513433275
TPK1,1.1230835908718892
TPMT,5.08598030072816
TPO,0.4678429769253811
TPP1,73.21375355760664
TPSAB1,6.035669677937921
TPSB2,0.5998640445291951
TPSD1,0.0058783706974210904
TPST1,4.981832160219412
TPST2,5.927859208310692
TPTE,0.3354345050980549
TPTE2,0.3354345050980549
TRAF7,29.435076842601315
TRDMT1,2.03136321682259
TREH,0.017966114601338304
TREX1,3.29433001183506
TREX2,1.247798350121897
TRHDE,0.1477885006888869
TRIB3,0.46100158829807525
TRIM11,1.4898407708477932
TRIM32,2.5459033459165865
TRIM33,5.80398020970763
TRIM63,0.11801489941490077
TRIO,2.4462730587224657
TRIP12,14.82105803010925
TRIT1,11.144595290654951
TRMT1,5.2278310360828995
TRMT11,12.687838699137304
TRMT1L,7.637170739998733
TRMU,4.322247130119444
TRPM6,0.0293267184036472
TRPM7,5.99123000556831
TSSK1B,0.20447763106973466
TSSK2,0.0231714118888251
TSSK3,1.130346266869679
TSSK4,0.6502836681549076
TSSK6,1.0411410731562534
TST,12.430319808006091
TSTA3,156.8499509181565
TTC3,16.305095907717757
TTK,0.0004636757912749511
TTL,0.7516810888427927
TTLL10,0.0268782635270738
TTN,0.16520901637138902
TUSC3,0.2728501025688549
TUT1,0.2584087853411677
TUT4,0.6950417161591614
TUT7,0.1907089895411479
TXN,1908.3206801693066
TXN2,36.018609851060056
TXNRD1,232.58454923937543
TXNRD2,6.2844558358272415
TXNRD3,0.8587724817196353
TYMP,11.058457924487204
TYMS,4.386765803400066
TYR,0.0015690651879084422
TYRO3,1.084659063273498
TYRP1,0.13672382112501208
UAP1,25.596252075729918
UAP1L1,2.086165720861963
UBA1,417.9079356153656
UBA2,336.35708447656594
UBA3,73.07606038518402
UBA6,48.60073837118294
UBA7,24.455619995847105
UBE2A,72.97664838225543
UBE2B,90.32930679703792
UBE2C,0.15368201510803509
UBE2D1,15.211761454310167
UBE2D2,45.39703336258739
UBE2D3,1031.9901669766193
UBE2D4,9.63611851361563
UBE2E1,48.795612618058335
UBE2E2,9.137499221802127
UBE2E3,13.0599379121367
UBE2F,2.670387568861019
UBE2G1,25.48382833108359
UBE2G2,10.650954916780991
UBE2H,555.3080840011855
UBE2I,473.0991356937141
UBE2J1,11.064366953089046
UBE2J2,13.23575309690704
UBE2K,527.7525850331897
UBE2L3,2049.018564468282
UBE2L6,34.77600969143528
UBE2M,154.95200865951304
UBE2N,30.477182483844327
UBE2NL,0.3354345050980549
UBE2O,7.272652597754396
UBE2Q1,5.27789960381226
UBE2Q2,4.0969402139128075
UBE2QL1,0.07941785797478916
UBE2R2,17.02697375929019
UBE2S,20.58601255996982
UBE2T,0.40667760403333675
UBE2U,0.023784263818109993
UBE2W,5.997574500217186
UBE2Z,69.4930576147869
UBE3A,28.976670931755315
UBE3B,11.13741206645849
UBE3C,6.129853108743086
UBE4A,0.816963324367734
UBE4B,4.561914012200075
UBLCP1,113.24716139890715
UBR1,0.9268218964290633
UBR2,4.537571584468294
UBR3,0.0710411014158126
UBR4,9.617429023655715
UBR5,1.0242729147203655
UBR7,16.904226424187122
UCK1,17.46417182950977
UCK2,2.6283091046572076
UCKL1,23.592635131553045
UCP1,0.058364989262093596
UCP2,8.424186186933918
UCP3,0.24354412345116022
UEVLD,7.219931151607751
UGCG,7.670484810894392
UGDH,65.80805486402613
UGGT2,8.778843819148285
UGP2,3981.912687705493
UGT1A1,0.5818457107151666
UGT1A10,0.14272264379251745
UGT1A3,1.0114790584917612
UGT1A4,0.0951329295757727
UGT1A5,0.4044927492424471
UGT1A6,0.17846484523713252
UGT1A7,0.817507176308654
UGT1A8,0.1293154038699776
UGT1A9,0.11549856641655931
UGT2A1,0.3354345050980549
UGT2A3,1.2389146853275619
UGT2B10,1.2536713325042186
UGT2B11,0.23720441855058141
UGT2B15,0.6704297803167216
UGT2B17,0.6033232516115735
UGT2B28,0.6936387983112186
UGT2B4,0.7544150219594951
UGT2B7,0.1550237091590488
UGT3A1,0.12021469926971337
UGT3A2,0.0018071073868262356
UGT8,0.21951151843043595
UHMK1,8.950386797847134
UHRF1,0.004190199181710505
UHRF2,11.001107528992721
ULK1,27.175375366860862
ULK3,27.089522101522693
ULK4,1.1421680623528532
UMPS,112.99919503438853
UPB1,0.037326839162157024
UPP1,1.847933259981233
UPP2,0.0038274290518520515
UPRT,2.4226156555950378
UQCR10,47.44635300705469
UQCR11,114.28450833573501
UQCRB,191.00015871734317
UQCRC1,1541.8953288778628
UQCRC2,1998.8799690769763
UQCRFS1,261.758486723969
UQCRH,62.575532678104466
UQCRQ,167.22036126092578
UROC1,0.3822824415744883
UROD,48.10700959053603
UROS,11.969476969804708
USP1,18.392803650585282
USP10,6.316730225689091
USP11,65.58789783406502
USP12,34.30166072295361
USP13,4.175978504905942
USP14,105.97886700515089
USP15,6.36822826833101
USP16,49.0758103369626
USP17L2,0.7544524097088302
USP17L22,0.04998256910149056
USP17L30,0.050968258904732194
USP17L5,0.050968258904732194
USP17L9P,0.3354345050980549
USP18,0.8074544181552932
USP19,1.2915387087952137
USP2,2.361807184134872
USP20,18.52791813922129
USP21,16.654711515050526
USP22,53.65108807895913
USP24,2.1182921417256857
USP25,0.21542436019167197
USP26,0.08118014005684498
USP28,5.978545053914476
USP29,0.08228852752006045
USP3,0.6083744919463454
USP30,0.23604853789175753
USP31,0.9688316050360178
USP32,0.40140715696273843
USP33,25.485735539494513
USP34,19.198427665430987
USP35,14.952256059600971
USP36,5.301748016661084
USP37,0.9935563005100764
USP38,6.035669677937921
USP4,2.567840451746156
USP40,0.5815657098966043
USP41,0.01834435481333142
USP42,2.532529386040973
USP43,0.006275379721935233
USP44,0.8066052859901431
USP45,1.6793576700049573
USP46,2.0913023356655707
USP47,8.682163193038825
USP48,0.4345167945528925
USP49,0.9328550367918976
USP51,0.6320389293959698
USP6,0.04748639775025179
USP7,44.49659031622024
USP8,0.9987202699370229
USP9X,9.12777574099225
USP9Y,0.004080509362686671
UST,5.851993083996097
UXS1,8.38345363519122
VARS,124.58238553758247
VARS2,52.51396454887911
VKORC1,122.82055235236817
VNN1,0.40294858442994286
VNN2,0.0701396125332084
VNN3,0.0014424754016399935
VRK1,12.030368019940076
VRK2,3.0075679658781937
VRK3,8.505769651495752
WARS,341.83383911811035
WARS2,8.564918567821218
WDYHV1,5.99123000556831
WEE1,13.908300550707619
WEE2,0.004596111968861896
WNK1,5.160529466063827
WNK2,1.6941215677135706
WNK3,0.26891337332848964
WNK4,0.05441828500411108
WWOX,4.070026819251979
WWP1,15.059002861593617
WWP2,0.4771932387766326
XDH,0.22757808448093378
XPO6,0.32714235783485285
XPO7,26.7209750612627
XYLB,0.08962902615744331
XYLT1,6.067452507568618
XYLT2,6.0801749933813625
YARS,368.71309885776725
YARS2,19.439081329827335
YES1,8.492161476188572
ZADH2,5.165912742515973
ZAP70,0.034301574952784186
ZC3HAV1,2.0280531329982576
ZNRD1,7.462135846750417
ZNRF1,3.472887183221517
ZNRF2,1.6784485479490525
ZSWIM2,0.015679988656711358
