A4GALT,2.570515427600772
A4GNT,0.004014538525767341
AACS,28.33713370178266
AADAC,0.1928827681946058
AADAT,4.910340770633668
AAK1,53.751699266702396
AANAT,0.619898528606343
AARS,817.5606482240768
AARS2,4.845997206791453
AASDH,2.5113938468248653
AASDHPPT,30.300749975883377
AASS,2.1943423283851216
AATK,210.56471868565404
ABAT,173.77843237421166
ABCA1,1.455388627175455
ABCA3,44.443812225867134
ABCA4,0.029251285617193076
ABCA8,9.750577114606603
ABCB1,24.314750749688578
ABCB11,0.0016846656707039422
ABCB4,0.08463266523381434
ABCB6,73.95401734445839
ABCC1,0.22611516361298498
ABCC11,0.03838483210133638
ABCC2,0.0433545270323502
ABCC3,0.24768232521102787
ABCC4,2.523186073428589
ABCC5,17.923956349925618
ABCC8,6.823336894391853
ABCC9,0.575575942893822
ABCD1,2.1090499500171767
ABCD2,0.6921869050322698
ABCD3,34.400560226109675
ABCG2,49.15959763665195
ABCG5,0.026484192386854195
ABCG8,0.058109179724700116
ABHD12,63.09612212416432
ABHD5,3.8722001506073016
ABHD6,14.296249930809681
ABL1,22.22351396783304
ABL2,2.606180046108429
ABO,0.372629426602856
ACAA1,61.0298001432819
ACAA2,64.79391382882018
ACACA,27.590301814737604
ACACB,5.291072573957752
ACAD10,4.091681777962216
ACAD11,2.0225554864751234
ACAD8,33.134804124455
ACAD9,246.59466928480543
ACADL,0.4547062534416429
ACADM,37.683856685054224
ACADS,20.186705642160693
ACADSB,140.81582272400115
ACADVL,556.6995003318161
ACAT1,25.135585369521543
ACAT2,39.79425287409871
ACE,1.126366333086322
ACE2,0.02456070219669889
ACER1,0.009478484923512269
ACER2,0.8649993916763574
ACER3,9.045945228833641
ACHE,168.25185755218988
ACLY,84.34648061982665
ACMSD,0.0059873746863451744
ACO1,13.041591310495406
ACO2,236.22901192195596
ACOT1,2.002651100083708
ACOT11,0.257164938669026
ACOT12,0.021262060326087115
ACOT13,10.393901534970695
ACOT2,7.509838027375156
ACOT4,0.8330864920121521
ACOT6,0.06912490906570894
ACOT7,229.30147137206254
ACOT8,44.19130796355278
ACOX1,3.554565958719968
ACOX2,2.3728083558547337
ACOX3,4.804255908246846
ACP1,7310.346958079665
ACP2,7.347736663994652
ACP4,0.0036202735317779565
ACP5,0.2746246089499459
ACP6,3.182763422074547
ACP7,0.44999467512671487
ACPP,0.05648609480553793
ACSBG1,5.810643836532438
ACSBG2,0.0016367828955019307
ACSF2,6.007197363404291
ACSF3,3.246383932191939
ACSL1,31.488930815504794
ACSL3,12.132672564725882
ACSL4,6.0566729985775885
ACSL5,5.370250202960072
ACSL6,14.943046806391479
ACSM1,0.04072092662574397
ACSM2A,0.0010785655192626484
ACSM2B,0.06320048198640206
ACSM3,0.019932714813031327
ACSM4,0.24076687484729298
ACSM5,10.026620371435262
ACSS1,12.905858454015359
ACSS2,22.653628124587577
ACSS3,3.928657175132969
ACVR1,9.303752967438985
ACVR1B,14.212502133703206
ACVR1C,0.9583444220758345
ACVR2A,2.224345029008346
ACVR2B,1.7955196260823054
ACVRL1,13.041662447747559
ACY1,116.81603026831868
ACY3,103.89763544951036
ACYP1,27.640327759338
ACYP2,11.101328486091681
ADA,1.8607438467266373
ADCY1,6.125820843626361
ADCY10,0.005801259363927091
ADCY2,16.566689031138708
ADCY3,18.403279398751206
ADCY4,7.125953820272895
ADCY5,37.572740706241675
ADCY6,20.217606450297954
ADCY7,3.718414846398554
ADCY8,6.582459129042778
ADCY9,2.6985425745269533
ADH1A,0.019973876863083148
ADH1B,1.077369713782997
ADH1C,0.026484192386854195
ADH4,0.015122554659783618
ADH5,500.9890404987125
ADH6,0.006667729002139882
ADH7,0.5527883878721532
ADHFE1,18.523684334522446
ADI1,41.00611011413788
ADK,9.713109211504309
ADO,19.43168069032761
ADPGK,82.94107175899201
ADPRH,10.081801945361759
ADSL,211.92993204548293
ADSS,148.88596816746085
ADSSL1,7.140785313067522
AFMID,26.06256994490247
AGA,48.07616026744132
AGK,14.282282013745643
AGL,0.37208611007378484
AGMAT,0.5651911497979695
AGPAT1,13.375969454074959
AGPAT2,31.19043485237792
AGPAT3,31.40105193785049
AGPAT4,1.79302319260352
AGPAT5,15.383600312706644
AGPS,20.102257805033165
AGT,310.72883465913753
AGXT,0.04677246859428508
AGXT2,0.05471074803724876
AHCY,4048.422269263019
AHCYL1,118.5966939541881
AHCYL2,12.235825772387681
AICDA,0.02460038993500046
AK1,954.8205893834021
AK2,353.77400644373535
AK3,88.68916254734219
AK4,229.65812443077527
AK5,38.38980467491613
AK7,0.7247893898908735
AKR1A1,130.6992311928939
AKR1B1,206.50864332929424
AKR1B10,0.04545900789639643
AKR1B15,2.0793115605776
AKR1C1,1.4697701321715406
AKR1C2,5.374928107064706
AKR1C3,4.427414623156709
AKR1C4,5.522781755496033
AKR1C8P,0.3354345050980549
AKR1D1,0.0008211509319439778
AKR7A2,399.15348103397366
AKR7A3,0.8649993916763574
AKT1,3.2270977075908744
AKT2,1.0889521090547964
AKT3,25.399439165759777
ALAD,1092.6474878089446
ALAS1,44.404938145844945
ALAS2,1.367856469335874
ALB,5.045953749173518
ALDH18A1,98.3390106256091
ALDH1A1,82.12937272787805
ALDH1A2,0.12917770585850663
ALDH1A3,0.646946661193312
ALDH1B1,3.6891945379871527
ALDH1L1,12.113123971649605
ALDH1L2,1.40324772482876
ALDH2,2955.6005644207353
ALDH3A1,0.08595242783556613
ALDH3A2,84.88342003026297
ALDH3B1,1.7848420541834757
ALDH3B2,0.008712403088095585
ALDH4A1,93.86720105143733
ALDH5A1,47.7641051058541
ALDH6A1,57.33214546561264
ALDH7A1,82.19484067614354
ALDH9A1,768.8259761212147
ALDOA,6988.807531585384
ALDOB,0.6424153180290273
ALDOC,1256.8291264306283
ALG1,3.021054953007625
ALG10,0.14950895606683973
ALG11,0.216852525366975
ALG12,2.8414438192526514
ALG13,8.998235665169553
ALG14,0.8154415467341094
ALG1L,1.5291623099472467
ALG1L2,0.004698633828015269
ALG2,53.22523569718759
ALG3,1.2105618812427932
ALG5,26.14934729411745
ALG6,1.030312221262235
ALG8,8.078758395115852
ALG9,3.7732649898785193
ALK,0.6858344366192343
ALLC,0.0018491945194154078
ALOX12,0.14663074195893405
ALOX12B,0.21151093687148528
ALOX15,0.049297787773098074
ALOX15B,0.17006547947127204
ALOX5,19.113918031002342
ALPG,2.1334538652401167
ALPI,0.09522613776587274
ALPL,36.85282342399269
ALPP,0.12394730653401177
AMACR,291.3763949764813
AMD1,71.19584877502173
AMDHD1,0.22289754846564144
AMDHD2,10.636609004664791
AMFR,0.45408516979295854
AMHR2,0.0036004916022471085
AMN,0.040089000914887506
AMPD1,0.11167496795558433
AMPD2,30.1101006291105
AMPD3,10.429951420263512
AMT,11.702522302482746
AMY1A,2.6438139326066277
AMY1B,0.012814023563246835
AMY1C,2.6438139326066277
AMY2A,0.9103840632424416
AMY2B,13.671655388917163
ANAPC11,104.79945826338502
ANGPTL4,15.084753137459016
ANKRD1,0.048149958645959084
ANPEP,0.8318660711445268
ANXA3,439.8397898319285
AOAH,4.884778028157842
AOC1,0.0005096648821254404
AOC2,0.6300021169078891
AOC3,1.6693723845215063
AOX1,0.27754467950533873
APOA1,0.45521798604013636
APOA2,0.8312560561942324
APOA5,0.006264589159428802
APOB,0.0066707202689824125
APOC1,164.31194708171714
APOC2,4.670586996680084
APOC3,1.0931908859428712
APOE,7795.065861375588
APRT,480.7290746282101
AQP1,190.3388252706936
AQP10,0.007418268263580424
AQP2,2.053743019254548
AQP3,0.23416095921676716
AQP4,230.87063233916544
AQP5,2.3109516596863267
AQP7,0.2569049487693412
AQP8,0.0853232275781806
AQP9,0.10105120081903056
ARAF,0.6545412747293552
ARCN1,182.14146350569862
ARG1,0.024516983483206165
ARG2,6.1695214779377
ARSA,31.655399414356232
ARSB,1.785339061788405
ART1,0.05802489915683614
ART3,0.9992831578738137
ART4,0.006291040395576793
ART5,0.18650076432593637
AS3MT,8.333071840065822
ASAH1,152.60852493538286
ASAH2,0.02519716385725833
ASH1L,0.02115040693866496
ASL,240.6951128853013
ASMT,0.058982160966867425
ASNS,1038.9159448340886
ASPA,28.064463248708925
ASPG,0.6328170990679691
ASPH,121.37981625275025
ASRGL1,47.36754989571137
ASS1,401.70277608419104
ATE1,7.299504158324498
ATIC,549.7168334972182
ATM,1.4441808550698765
ATP10A,9.229878451507846
ATP11A,5.09760240608244
ATP11C,2.3060237293997443
ATP1A1,73.71210634623613
ATP1A2,494.04594523064634
ATP1A3,1249.6302540637757
ATP1A4,0.037714190417237115
ATP1B1,1499.3523467559744
ATP1B2,190.75470859083538
ATP1B3,81.09449710326042
ATP1B4,0.0013328324444887335
ATP2B1,21.65476777659204
ATP2B2,19.44923854664603
ATP2B3,7.617766343405833
ATP2B4,27.184381810296365
ATP4A,0.04714218451604336
ATP4B,0.13223788884983945
ATP5F1A,124.53265572432873
ATP5F1B,167.30632217246165
ATP5F1C,21.50971022167614
ATP5F1D,155.46511749348954
ATP5F1E,125.55773209538297
ATP5MC1,4.311892001287344
ATP5MC2,2.868050998110428
ATP5MC3,5.997867959791037
ATP5ME,117.38991896387836
ATP5MF,1.481717785000078
ATP5MG,179.57272888452187
ATP5MGL,23.718922705117464
ATP5PB,5.524565248774745
ATP5PD,6.7181129554220975
ATP5PF,4.959033242795014
ATP5PO,42.13932100131758
ATP5S,0.3354345050980549
ATP6V0A1,7.624236199642947
ATP6V0A2,0.45731777295246673
ATP6V0A4,0.09145069838940595
ATP6V0B,302.8796335751495
ATP6V0C,2254.5477433107976
ATP6V0D1,855.5809059056678
ATP6V0D2,0.020511225798386764
ATP6V0E1,156.34611284060887
ATP6V1A,692.7822346509217
ATP6V1B1,0.11852986065379394
ATP6V1B2,2435.4014346313566
ATP6V1C1,61.04912685462721
ATP6V1C2,0.46497266597577136
ATP6V1D,103.78417582271896
ATP6V1E1,590.0545565779195
ATP6V1E2,0.9172811888879221
ATP6V1F,123.4231329172055
ATP6V1G1,73.14713202099361
ATP6V1G2,875.0016655868253
ATP6V1G3,0.2330917175245828
ATP6V1H,51.58001812644503
ATP7A,0.6065014039010124
ATP7B,2.229221501697358
ATP8A1,22.20763000388383
ATP8B1,0.28034039440755376
ATP8B2,6.646073799052387
ATR,0.03467150090338969
AUH,8.180444462949387
AURKA,0.014168250587300243
AURKB,1.8763937446399233
AURKC,0.7101807195362709
AWAT1,0.0633604788899994
AWAT2,0.6905945531355334
AXL,0.06270470486827619
AZIN2,0.7963414524148358
B3GALNT1,32.19452888981766
B3GALNT2,0.842868589126406
B3GALT1,1.0381125362545214
B3GALT2,6.283565338023182
B3GALT4,4.2801977791973975
B3GALT5,0.18500281324749557
B3GALT6,21.606500276555
B3GAT1,67.98392275948451
B3GAT2,40.75762496386033
B3GAT3,104.92426974040114
B3GLCT,0.7866139610071975
B3GNT2,9.750577114606603
B3GNT3,1.2406923297536334
B3GNT4,0.6288771482423082
B3GNT5,0.8576039039858008
B3GNT6,0.3354345050980549
B3GNT7,3.658162967063092
B3GNT8,0.028906773775614
B3GNT9,4.715021142214963
B3GNTL1,2.959062786302343
B4GALNT1,21.43338857899194
B4GALNT2,0.0031348666568797013
B4GALNT3,0.6634502444566711
B4GALNT4,195.70597628693056
B4GALT1,3.3274057224054387
B4GALT2,67.91792668685589
B4GALT3,19.41868473672292
B4GALT4,1.986122760476671
B4GALT5,19.159543438352607
B4GALT6,7.812694107012442
B4GALT7,28.746976212979995
B4GAT1,2.277812689362301
BAAT,0.13477997992302762
BARD1,0.3308582159624816
BBOX1,14.408136287580653
BCAP31,2046.2718777446548
BCAT1,6.853764334887751
BCAT2,18.22310164072381
BCHE,4.367958348745174
BCKDHA,8.2606732718768
BCKDHB,7.549243652242265
BCKDK,26.229128453531683
BCO1,0.06461878427195712
BCR,1.2315024411119089
BDH1,11.036085203303365
BDH2,94.81119740247537
BHMT,0.07864537604373772
BHMT2,5.460221876696719
BIRC6,3.128237432528265
BLK,0.009841683449942466
BLVRA,786.7105129318464
BLVRB,808.068294510854
BMP1,4.591116013336573
BMP2K,0.40479869990901046
BMPR1A,1.880055954080651
BMPR1B,1.4582616312974666
BMPR2,19.464520697852986
BMX,0.2368221164841342
BPGM,23.435362858947016
BPNT1,9.058173849061088
BRAF,5.000629919896167
BRAP,0.2618451816395486
BRPF1,2.8650311826366717
BRSK1,402.63049319825984
BRSK2,50.76868732250183
BSCL2,674.5165505075482
BSG,116.08715137279589
BTD,2.813562123345622
BUB1,0.006413428735435982
BUB1B,0.01792599238320239
C1GALT1,5.23990120168228
CA1,0.09815819234817798
CA12,5.135920879756262
CA13,9.016811055514946
CA14,6.91586795850256
CA2,142.5649570218902
CA3,0.6846812769662629
CA4,1.718906774567507
CA5A,0.4298383676592025
CA5B,0.8722351760873326
CA6,10.425839500790367
CA7,1.0348603224533124
CA8,7.135079829728909
CA9,0.16284960564260156
CAD,35.99771046956419
CALM1,2883.3017396492774
CAMK1,27.521430223954855
CAMK1D,7.165905213518809
CAMK1G,5.104845433593696
CAMK2A,293.40353024537563
CAMK2B,112.05848603188566
CAMK2D,894.4928848083208
CAMK2G,33.283755777445336
CAMK4,1.86691739970504
CAMKK1,25.217953438453144
CAMKK2,17.909036995174464
CANT1,9.98884611068483
CARM1,16.06292341906295
CARNS1,214.92052562080514
CARS,18.78030247051099
CARS2,12.204920805981567
CASK,18.683150649368187
CAT,48.623806497501825
CBLC,0.01719291390775778
CBLL1,5.4275323867476795
CBLL2,0.027434690025870352
CBR1,199.60916320017193
CBR3,108.49112175101484
CBR4,67.20174578178575
CBS,60.81669914736252
CBSL,0.3354345050980549
CBX1,234.88064260082177
CCNB1IP1,17.953805913316486
CD36,0.11112881935212487
CD38,1.2241864459985412
CDA,28.933478546462347
CDC14A,0.6215791531092251
CDC14B,5.249289160230826
CDC25A,0.4951189458509312
CDC25B,33.69099388300401
CDC25C,0.0074136404804294636
CDC34,9.70797229434096
CDC42BPA,3.0862626413325907
CDC42BPB,4.761871839359894
CDC42BPG,0.09457660150910514
CDC7,2.184637251358353
CDIPT,193.2012470405062
CDK1,0.1976859889145196
CDK10,33.996248908330344
CDK11A,12.838111971296001
CDK11B,23.037960673073176
CDK12,2.270796776884896
CDK13,6.981535490696708
CDK14,32.19452888981766
CDK15,0.008934710764624203
CDK16,97.07332569306239
CDK17,16.639649711964314
CDK18,148.30346931285214
CDK19,13.014468535501111
CDK2,2.049300589077971
CDK20,15.52650714031873
CDK3,8.802387326472628
CDK4,4.945772282859035
CDK5,152.12526900931024
CDK6,8.654744932950377
CDK7,97.30335217818909
CDK8,4.595130301644675
CDK9,117.71232421739442
CDKL1,0.32314266564050553
CDKL2,1.9071902237013383
CDKL3,1.6106398654357064
CDKL4,0.026820068293320353
CDKL5,0.10744728442852208
CDKN3,1.2826188185664056
CDO1,41.023251312553754
CDS1,10.534217530284455
CDS2,44.443812225867134
CDY1,0.256335927830294
CDY1B,0.256335927830294
CDY2A,0.04923577690024244
CDY2B,0.04923577690024244
CEL,3.8903552302794497
CEPT1,1.280646128393732
CERCAM,555.0776752322623
CERK,67.25899436490747
CERS1,101.47070493609584
CERS2,51.13280624471483
CERS3,0.028494933442842735
CERS4,31.29569178249714
CERS5,20.434297010329896
CERS6,3.3731779003101567
CES1,0.2043009565460016
CES2,25.267411940202127
CES3,0.5954025332008375
CES5A,0.09473855782215458
CFTR,0.0458256774117496
CH25H,2.388554071841874
CHAT,0.006971808375641066
CHD9,2.552736903985059
CHDH,6.800823495279552
CHEK1,0.491699913379837
CHEK2,0.6361998982493929
CHFR,5.970334107499642
CHI3L1,38.50161845478274
CHIA,0.004155869252026921
CHIT1,0.009438743636236244
CHKA,12.426176357561818
CHKB,57.143809145566514
CHMP4A,91.17160749258463
CHPF,63.00046966776214
CHPF2,13.136971203482533
CHPT1,13.287149695225283
CHST1,100.55710512189985
CHST10,9.538816155037193
CHST11,10.114921593069168
CHST12,13.300826920324317
CHST13,0.04959268064684891
CHST14,0.3789089861953814
CHST2,43.99735938135294
CHST3,4.142229871363083
CHST4,0.006226439200056874
CHST5,0.7864794803958424
CHST6,1.290931759958994
CHST7,3.6010031616604414
CHST8,10.636609004664791
CHST9,0.39306752171031084
CHSY1,4.2272035056705715
CHSY3,0.8606831089547239
CHUK,0.9724678247643789
CHURC1-FNTB,3.2507362769424972
CIDEA,0.12561056629398204
CINP,1.0030650964914223
CIT,65.16305014694883
CKB,4692.80416600239
CKM,0.06868196981651471
CKMT1A,7.809179777119124
CKMT1B,13.014468535501111
CKMT2,5.004745342885108
CLC,0.04538054758419164
CLCF1,0.21763646223634261
CLK1,4.812153807206887
CLK2,21.82740978601539
CLK3,0.7249169825368917
CLK4,0.5410466640645588
CLOCK,3.0602124746908586
CLPS,13.948249218790655
CLTRN,0.5786685643266595
CLYBL,1.3264355515833468
CMA1,0.7504889198679588
CMAHP,2.085090206343214
CMAS,215.75167621767267
CMPK1,911.0507294118685
CMPK2,4.338318188506517
CMTR1,29.831555114318192
CNDP1,49.35990687691338
CNDP2,127.36156288723278
CNOT4,4.096534309957742
CNP,778.0044876879334
COASY,692.9690540236212
COL4A3BP,4.075639406849216
COLGALT1,25.829908169221582
COLGALT2,9.082645519562211
COMT,93.1240122639757
COMTD1,422.61362633510424
COP1,0.4785008438550989
COPA,282.8634628758503
COPB1,98.74599735253835
COPB2,42.33886265993542
COPE,636.7162725973698
COPG1,147.38574375759652
COPG2,121.47283620877481
COQ2,1.6291597720847788
COQ3,11.702522302482746
COQ5,2.7562618087495028
COQ6,6.8932659446975
COQ7,0.2792516629943361
COX1,7.766401376158287
COX17,74.45055629804523
COX2,5.3369352212394165
COX3,0.33446363282071023
COX4I1,1601.4743745763856
COX4I2,4.143203720331354
COX5A,426.51139202044214
COX5B,1480.0514245082625
COX6A1,73.25282768596723
COX6A2,9.033721422238223
COX6B1,182.91480839489054
COX6B2,0.10556997002695491
COX6C,216.35210409837367
COX7A1,55.99679933717858
COX7A2,144.7770346741501
COX7A2L,76.26428052306402
COX7B,130.72929223184815
COX7B2,0.011676970684919057
COX7C,395.7789713282651
COX8A,2229.5726404041875
COX8C,0.021851444657069948
CP,0.5650968221691984
CPA1,12.407006573823383
CPA2,2.682225797527075
CPA5,0.027405162752923665
CPA6,0.04817656274169252
CPOX,120.23311961024076
CPS1,0.5592041445939349
CPT1A,0.30458102842030027
CPT1B,19.053133476301884
CPT1C,63.58226887155692
CPT2,47.41264573871697
CRAT,14.199323824295373
CREBBP,0.12467464064508856
CRLS1,10.330303051696104
CROT,8.056835884996733
CS,3974.206093092432
CSAD,17.28570831582614
CSF1R,175.60313473478843
CSGALNACT1,10.304895521014505
CSGALNACT2,9.48918732923351
CSK,28.047461740223966
CSNK1A1,25.18215441371647
CSNK1A1L,0.015255615497969515
CSNK1D,67.76400849067974
CSNK1E,4.299568475720738
CSNK1G1,1.250898037404353
CSNK1G2,118.2662334844196
CSNK1G3,8.202063180099422
CSNK2A1,346.0160793338749
CSNK2A2,199.08733683419763
CSNK2B,528.8204754191948
CTBP1,92.17835583842073
CTDP1,1.1338111679834477
CTDSP1,36.74242766044699
CTDSP2,73.43594483162288
CTDSPL,5.787014025778136
CTDSPL2,1.0608343864736602
CTGF,0.3354345050980549
CTH,2.239797855749773
CTPS1,4.506054636966586
CTPS2,2.7364392094302814
CTSA,167.57458530652391
CTSB,312.44290394258974
CTSC,6.544598524330956
CTSD,1124.134010178465
CTSE,0.015772014201538752
CTSF,221.8131130308839
CTSG,0.01066721926728566
CTSH,34.95305119506255
CTSK,6.50235911402696
CTSL,4.38635770600002
CTSO,15.412150872033592
CTSS,18.795429649659646
CTSV,0.9564376974538621
CTSW,0.23572279961344758
CTSZ,12.27264228779049
CUBN,0.19608223606838168
CWC27,14.184618074550393
CYB5D1,14.943046806391479
CYB5R1,18.87111873236982
CYB5R2,10.610984097100566
CYB5R3,2872.7867458383544
CYBB,25.267411940202127
CYBRD1,18.64431768760128
CYC1,716.5746006074183
CYLD,8.535821433298233
CYP11A1,0.6916087032741726
CYP11B1,0.18685605719400214
CYP11B2,0.08105018928386314
CYP17A1,0.5931899375589096
CYP19A1,0.5188841604526386
CYP1A1,0.02456070219669889
CYP1A2,0.0008203385142136189
CYP1B1,3.2763578210844013
CYP21A2,1.3819813586899554
CYP24A1,0.030781150543390853
CYP26A1,0.2741829596195733
CYP26B1,0.9761937169104906
CYP27A1,64.53371515649228
CYP27B1,0.040594311311353
CYP2A13,0.015008773221545155
CYP2A6,0.03345240611976579
CYP2A7,0.01314995911370766
CYP2B6,0.003139669262876326
CYP2C18,0.004576201902613761
CYP2C19,0.1750227487879086
CYP2C8,3.260906704900078
CYP2C9,0.0018760126908148637
CYP2D6,2.295357068022828
CYP2E1,4.901133706343232
CYP2F1,0.001255837169602582
CYP2J2,10.152833937299075
CYP2S1,3.4154487612933218
CYP2U1,2.7424823957128597
CYP39A1,0.7602008678520386
CYP3A4,0.01952245889522305
CYP3A43,0.01571438972725466
CYP3A5,0.09698177023960894
CYP3A7,0.0034514310908974025
CYP46A1,18.599053451873583
CYP4A11,0.0874363338577109
CYP4B1,0.09920736165410937
CYP4F11,0.5210122703347555
CYP4F12,0.9577087242975802
CYP4F2,0.017212624626352837
CYP4F22,0.0008579506859935115
CYP4F3,0.5564889270476485
CYP4F8,0.0011937623252580003
CYP4V2,7.96071078449543
CYP4X1,11.794877806636816
CYP4Z1,0.4409531274713819
CYP51A1,47.34330226510671
CYP7A1,0.005196236198251002
CYP7B1,0.23424530566481475
CYP8B1,0.029828104829392816
CYTB,10.283962318241796
DAD1,874.411832233682
DAGLA,9.452015244876899
DAGLB,27.25178984540689
DAO,0.24729661595977523
DAPK1,6.588032227967762
DAPK2,2.0819016050256094
DAPK3,4.825891071032768
DARS,3135.2758665415527
DARS2,1.7173995452635882
DBH,0.14519776323786707
DBI,530.4970307971034
DBT,2.5959755536676297
DCK,13.950129947523706
DCLK1,232.43542881473928
DCLK2,51.274612579080774
DCT,0.37649783254261054
DCTD,14.762492169204613
DCTPP1,29.210362547063532
DCXR,325.2118763309865
DDAH1,270.05231069179337
DDAH2,104.63894972476434
DDC,0.2144234571297684
DDO,1.8963229269225577
DDOST,360.1199852906642
DDR1,89.18881514573256
DDR2,4.243866138454639
DECR1,35.07999823114527
DECR2,5.596864018206053
DEGS1,14.43470794271538
DEGS2,6.4192261793205505
DERA,36.66350668645452
DGAT1,43.339797471302845
DGAT2,2.2691621629935463
DGKA,5.137994528598737
DGKB,2.3076660323236124
DGKD,6.265980558307145
DGKE,3.7628444090848343
DGKG,5.1172690188937455
DGKH,1.7917040781002853
DGKI,1.518973754056668
DGKQ,26.898441086032985
DGKZ,59.03526075461907
DGUOK,35.127154615035046
DHCR24,9.06237635208904
DHCR7,35.99064668794663
DHDH,0.8209057821970742
DHFR,347.0005109822066
DHODH,1.8046865798889284
DHRS2,0.2822532599000082
DHRS3,23.698863637825653
DHRS4,169.96129789146437
DHRS9,2.802258090287438
DIO1,0.0020533937771324783
DIO2,1.4496475737468189
DIO3,0.03054789616997058
DLAT,562.9085170330479
DLD,896.0704587940842
DLST,243.72369367614263
DMGDH,0.4690978748229017
DMPK,67.54430192386329
DNAJC6,144.47959322851744
DNMT1,9.169222977625353
DNMT3A,2.1660709329900447
DNMT3B,0.3029965570368378
DNMT3L,0.008080688015782446
DOLPP1,15.312291433377045
DOT1L,4.516037782733125
DPAGT1,14.478194131429028
DPEP1,0.1515853842139864
DPEP2,1.565711368678408
DPEP3,0.02788041377825777
DPH5,44.306490472609966
DPM1,852.7492309764928
DPM2,48.400591767183826
DPM3,40.61778497211526
DPYD,1.706859734468193
DPYS,1.5015539145429262
DPYSL2,17212.160227563443
DPYSL3,156.38563401915803
DSTYK,16.552108107340512
DTYMK,13.999532912051876
DUOX1,0.28944890416778984
DUOX2,0.017647918955106125
DUPD1,0.006038165355094614
DUSP1,202.65708385812903
DUSP10,1.1104060655425998
DUSP11,3.7618974999232484
DUSP12,8.317051224657332
DUSP13,0.04196780828010271
DUSP14,0.7354908064997898
DUSP15,4.426421768154857
DUSP16,4.09071147263519
DUSP18,0.7858793567514957
DUSP19,0.32592529596207465
DUSP2,1.4360391057192745
DUSP21,0.08186674790155296
DUSP22,23.796036719629658
DUSP23,44.404938145844945
DUSP27,0.13270228675410414
DUSP28,4.063570165815576
DUSP3,344.0764669031126
DUSP4,0.11618493771944717
DUSP5,2.7632313380595037
DUSP6,12.824575145012426
DUSP7,12.206409336858705
DUSP8,49.86171630217621
DUSP9,1.5164772751894322
DUT,365.52710294968955
DYRK1A,11.152862503774942
DYRK1B,24.905373017268506
DYRK2,0.9091316707563044
DYRK3,0.3658878116431062
DYRK4,8.81451915293528
DZIP3,21.906464487451878
EARS2,1.1601662141906366
EBP,233.00075897398665
ECH1,240.35066415472724
ECHDC2,23.021909253214826
ECHS1,267.14755334516684
ECI1,36.24684314147136
ECI2,62.077125513464914
EGFR,0.5470682826475527
EHHADH,0.9615247531705361
EHMT1,0.36265909230719073
EHMT2,2.943666110741916
EIF2AK1,69.21926791087725
EIF2AK2,48.03772250189567
EIF2AK3,2.4954158804508055
EIF2AK4,0.2762269378712086
EIF4EBP3,30.404312934044306
ELOVL1,16.07905363035246
ELOVL2,2.787495915824468
ELOVL3,0.028889764644596173
ELOVL4,22.82954672151806
ELOVL5,2.0069805492689077
ELOVL6,4.589109252480002
ELOVL7,22.318887180684083
ELP3,2.580975061918827
ENGASE,38.576213577439475
ENO1,1884.5762110763012
ENO2,1116.1714202966707
ENO3,23.836583606721767
ENOPH1,784.1436655413542
ENPP1,0.47893763629157277
ENPP2,154.77803438165517
ENPP3,0.23830431617884634
ENPP6,3.87793066081249
ENPP7,0.2621620114119895
ENTPD1,9.353097830002481
ENTPD2,10.508664787390376
ENTPD3,10.829368181333344
ENTPD4,17.418736495715955
ENTPD5,1.6128589956254464
ENTPD6,80.46055225333727
ENTPD8,0.021178246718148417
EP300,1.3056362613156915
EPHA1,0.05988726774207184
EPHA10,4.559038537063015
EPHA2,0.3421145474678559
EPHA3,0.30449777660342287
EPHA4,8.124933913417838
EPHA5,1.7551954820063276
EPHA6,0.12196806208009608
EPHA7,2.2040599252056663
EPHA8,2.1170542286941725
EPHB1,1.8284306813531512
EPHB2,0.10525315360663583
EPHB3,2.9246872015899226
EPHB4,0.23257553360010838
EPHB6,16.304805850649664
EPHX1,153.9678059646382
EPHX2,6.598067267397339
EPM2A,9.42725748205352
EPRS,32.123764366813454
EPX,0.09132245386564347
ERBB2,0.08739141675544916
ERBB3,16.45014645637219
ERBB4,1.3763263312008311
ERN1,0.4460325233319067
ERN2,0.002882257535969009
ESD,717.899176890943
ETFA,1795.2172013726788
ETFB,1504.912302420036
ETFDH,20.108841405590756
ETNK1,21.010203614338597
ETNK2,3.1641461630830285
ETNPPL,194.15100403303006
EXT1,0.9691700540425575
EXT2,9.87577298969426
EXTL1,10.49589519736722
EXTL2,18.559357843015643
EXTL3,19.31185669382698
EYA1,0.9066283931799255
EYA2,2.2838860214611953
EYA3,1.7017579413798678
EYA4,0.06765167876493866
EZH1,67.39063106059999
EZH2,0.016537847538327963
F13A1,3.3530157017090505
F13B,0.952082265681838
F2,0.04358691966713407
FAAH,39.455846464845045
FAAH2,1.7173995452635882
FABP1,0.1817824180688575
FABP12,0.07361943011456162
FABP2,0.004428144797757229
FABP3,157.10379358754415
FABP4,1.3027351606138324
FABP5,1536.5021182459445
FABP6,82.9675146499823
FABP7,37.092344850406604
FABP9,1.0553661478381027
FADS1,19.709509792438595
FADS2,9.676644197398124
FADS3,2.130169532377382
FADS6,3.4080862979109074
FAH,3.4958133796768687
FAM20B,31.858801916880076
FANCL,29.710469716998702
FAR1,36.08138964270164
FAR2,5.718432555042525
FARS2,1.2743719919161602
FARSA,1858.8243086293742
FARSB,4.14005836563741
FAS,1.7476171381457821
FASN,80.78426286665021
FASTK,88.54655494206403
FAXDC2,32.49578342232943
FBP1,2.7373022839723724
FBP2,0.07739006402346145
FDFT1,99.84272574251428
FDPS,39.530975109736076
FDXR,7.963077154501959
FECH,9.156175776877008
FER,1.447496383685776
FES,5.744122690273404
FGA,0.29102013953318634
FGFR1,33.458105597059856
FGFR2,20.636110955577823
FGFR3,102.21322564435691
FGFR4,0.27758899213680627
FGGY,1.7955196260823054
FGR,6.276969363424358
FH,872.7389942655108
FHIT,3.8331078334903235
FHL2,0.7950873169885754
FIG4,25.16852317685611
FITM1,0.4445069257434345
FITM2,6.335303538342897
FKBP10,9.682898860372338
FKBP11,3.1004114706419084
FKBP14,2.4485420577703336
FKBP1A,492.3346140446742
FKBP1B,51.436816956487206
FKBP2,1517.5860310146652
FKBP3,1847.9895091303515
FKBP4,645.1969348698526
FKBP5,2.6230895241855183
FKBP6,0.04478681670065178
FKBP7,3.7221438676716736
FKBP8,151.24528894667543
FKBP9,46.789833861715515
FKBP9P1,0.3354345050980549
FLAD1,5.736224048015466
FLT1,20.807327043252513
FLT3,0.57119668664334
FLT4,1.600295704565746
FLVCR1,2.4576921299201113
FMO1,0.03259437357289925
FMO2,0.8841897056288104
FMO3,0.3300190298304225
FMO4,0.4851827802262049
FMO5,0.6703146233336833
FMO6P,0.3354345050980549
FN3K,83.9016843015191
FN3KRP,48.042265982834415
FNTA,44.73701789846203
FNTB,16.5958620952175
FOLR1,0.41880670911250967
FOLR2,8.056290423462858
FOLR3,0.3354345050980549
FOSL1,0.3639682347273937
FPGS,1.036302220057867
FPGT,1.9461491941602986
FRK,0.10694348772673112
FRMPD2,0.27202187466226135
FTCD,0.589323676041055
FTMT,0.3764543508002139
FUCA1,15.52650714031873
FUCA2,15.013851270685524
FUK,8.60894217380986
FUT1,0.4404461208433356
FUT10,0.5575745520591203
FUT11,3.393375266110035
FUT2,0.34163554376755223
FUT3,0.029967028697261498
FUT4,0.43538541555633165
FUT5,0.0427365868272197
FUT6,0.005143465738744174
FUT7,0.008424417093217404
FUT8,0.8921003641481622
FUT9,5.933537035565791
FYN,191.47786636758389
G0S2,2.2961770688425864
G6PC,0.001824539407278106
G6PC2,0.004801602752075937
G6PC3,62.78477592780713
G6PD,309.4550353820897
GAA,54.6500186315384
GAD1,53.35383771911939
GAD2,28.781227032842015
GAK,3.810147508151808
GAL3ST1,14.073241552904877
GAL3ST2,0.024102790159589802
GAL3ST3,5.735555585055129
GAL3ST4,9.963686358552676
GALC,14.717129312673197
GALE,5.412788149201557
GALK1,145.84453268270636
GALK2,15.178240661099954
GALM,3.3045880761517075
GALNS,4.865376361814734
GALNT1,9.788087005047263
GALNT10,0.2754211622116812
GALNT11,25.16852317685611
GALNT12,1.0478869861375097
GALNT13,8.42753199774838
GALNT14,3.1785609639216306
GALNT15,26.17912845300838
GALNT2,6.909085091537607
GALNT3,0.19276662520250354
GALNT4,0.7277215012554022
GALNT5,0.0010618888596979719
GALNT6,3.1911895575874043
GALNT7,0.31367917964162856
GALNT8,0.15303638506831227
GALNT9,24.85612214937773
GALNTL5,0.02570530110686491
GALT,39.94492565426809
GAMT,77.09112697346245
GANC,2.5951257058745796
GAPDH,9732.686271584704
GAPDHS,0.007035526663732899
GARS,317.54291795621543
GART,51.31049873643798
GATM,131.10210128467995
GBA,12.897417774269966
GBA2,98.90889224410301
GBA3,0.009286853784182139
GBE1,7.575312189374543
GBGT1,2.876408297167744
GC,0.014126222940820964
GCAT,371.26884114936666
GCDH,9.47679191254069
GCH1,4.737284114333843
GCK,4.603161943336376
GCLC,8.30920080593124
GCLM,34.82332460259343
GCNT1,0.5695569797852139
GCNT2,0.5788667705281334
GCNT2P,0.3354345050980549
GCNT3,0.004955896279368726
GCNT4,0.01114357722106186
GCNT7,0.006245505694315458
GCSH,28.524635807208444
GDA,8.298474523798602
GDE1,21.13781510051342
GDPD2,5.832149803639085
GFPT1,152.11118972300474
GFPT2,4.121794458560983
GGCT,40.3412295939153
GGH,16.33384390253936
GGPS1,507.5771218849773
GGT1,3.732577787350474
GGT2,0.0026427919734641155
GGT3P,0.3354345050980549
GGT5,22.22351396783304
GGT6,0.0018553733391364106
GGT7,75.03862099269486
GGTLC1,0.5642767148917974
GGTLC2,0.02563885490787995
GIF,0.3354345050980549
GK,4.489701568014856
GK2,0.003732413524575811
GK3P,0.007702145423825947
GLA,5.989841715303142
GLB1,8.948289786571669
GLB1L,2.1515730185774604
GLCE,0.41278888722112406
GLDC,1.3048213595083533
GLIPR1,6.75249317151048
GLO1,2086.3761666294045
GLRX,94.77734540113985
GLRX2,18.575833440542873
GLS,237.9638465797181
GLS2,26.797731385388317
GLT6D1,0.013168189791242789
GLT8D1,1.9239008809172655
GLT8D2,1.30412585183501
GLTP,54.87968540297474
GLUD1,3419.5080482903154
GLUD2,0.4526610009240507
GLUL,21.622006130117224
GLYAT,26.66571856032572
GLYCTK,1.0037909891562509
GM2A,24.120781719173362
GMDS,47.91881736986021
GMPPA,15.531293093745303
GMPPB,37.519189725336176
GMPR,94.69001853459125
GMPR2,86.78358582801395
GMPS,75.84851701652394
GNE,6.970194435967405
GNMT,1.0760543191003304
GNPAT,28.371002805893095
GNPDA1,21.9856023812215
GNPDA2,3.5608681767778525
GNPNAT1,24.14330063696022
GNPTAB,12.353420894836447
GNS,14.48892727956877
GOT1,12869.76184495869
GOT2,3163.025987251557
GPAA1,132.56969703025638
GPAM,0.1772537103970608
GPAT2,0.9035021255613808
GPAT3,0.6582069289240687
GPAT4,1.352005973421296
GPCPD1,13.341883177631487
GPD1,6.697541682404477
GPD2,120.1073433615537
GPHN,17.781702834124953
GPI,3709.1192343041694
GPIHBP1,36.28348582116111
GPLD1,1.2160013669881735
GPT,3.040615351713529
GPT2,38.61352690684204
GPX1,169.89693730014832
GPX2,0.06959829056120294
GPX3,205.20220782289547
GPX4,384.235298231178
GPX5,0.793289329058847
GPX6,2.01032323162201
GPX7,2.665937884024403
GPX8,0.19508182547666203
GRHL1,0.6070579126936646
GRHPR,58.92971036328852
GRK1,0.027089654783411795
GRK2,4.014622265826703
GRK3,1.2623639556998993
GRK7,0.0017127822199814453
GSR,189.38021539217112
GSS,315.7384470847756
GSTA1,0.10973978524924827
GSTA2,0.006189820643810156
GSTA3,0.01040067254281937
GSTA4,71.57523692812252
GSTA5,0.58469847618054
GSTK1,41.30840796791077
GSTM1,40.095764175037985
GSTM2,43.62954271279684
GSTM3,267.74173329991345
GSTM4,9.033721422238223
GSTM5,10.527658729212511
GSTO1,2280.340163021161
GSTO2,1.0083047252257515
GSTP1,7633.4319449643735
GSTT1,171.93046408677716
GSTT2,3.57019019586245
GSTZ1,13.67021589573984
GTF2F1,12.582186291511057
GTF3C4,0.8588404580637192
GUCA1A,4.678656812426496
GUCY1A1,2.9663227089166733
GUCY1A2,2.4168061729468184
GUCY1B1,1.0453859436592674
GUCY1B2,0.3354345050980549
GUCY2C,0.010087137367256143
GUCY2D,0.05013015956816647
GUCY2F,0.13808747592085474
GUK1,260.7438391446165
GUSB,3.8646286879505816
GYG1,46.06578105740886
GYG2,9.41488569642553
GYS1,32.86538254233476
GYS2,0.049110395672754346
H6PD,10.437312727055254
HAAO,3.5673928447245404
HACD1,0.6699772991826155
HACD2,3.095013644366691
HACD3,4.330319334841662
HACD4,0.5979568033382378
HACE1,8.911748705984126
HACL1,10.014024336746285
HADH,808.4805931713043
HADHA,806.0649438119966
HADHB,139.21876724454208
HAGH,112.93058019503613
HAGHL,21.669550463184027
HAL,0.0057381711765960635
HAO1,0.03870895879588812
HAO2,0.0013902615905961669
HARS,283.03523343804306
HARS2,32.88674793884766
HAS1,2.9502373834478126
HAS2,0.09055408904808544
HAS3,0.2570349341434147
HAT1,35.573987206013896
HCCS,11.023132069975615
HCK,10.178131773419874
HCST,23.005861092775778
HDAC3,1.2748113715934049
HDC,70.97295386439723
HDLBP,64.72294532438146
HECTD1,4.89222704234386
HECTD2,1.42532203371301
HECTD3,2.582558051639909
HECW1,1.3096929361511938
HECW2,1.1470795310855186
HELZ2,1.0472345264554694
HEPH,5.783793952889991
HERC1,0.8097828668461007
HERC2,0.3528397862429775
HERC3,8.480276976164898
HERC4,8.047581364772869
HEXA,24.75770567016913
HEXB,1.6423344572801468
HEXDC,0.3354345050980549
HGD,0.0325468959070258
HIBADH,33.08289753612548
HIBCH,10.152833937299075
HIF1AN,4.489098069274116
HIGD2A,27.223869324872094
HIPK1,13.713041484118037
HIPK2,155.02973630755307
HIPK3,10.470369591645571
HIRIP3,0.4457434868027929
HK1,433.547618494982
HK2,20.162759800610083
HK3,0.6777742081634642
HKDC1,0.04480638063249042
HLCS,3.545967724882091
HLTF,0.14900524985367808
HMBS,60.921493927024045
HMGCL,112.5131143151747
HMGCLL1,8.86309509072626
HMGCR,22.366618375851992
HMGCS1,80.64548338711182
HMGCS2,0.05267874410660108
HMOX1,79.3314780582145
HMOX2,240.3741590626251
HNMT,6.459091098024437
HPD,0.4083548435445533
HPGD,0.3472982650776058
HPGDS,4.098475791800379
HPRT1,1848.5809014779418
HS2ST1,7.488849339462064
HS3ST1,0.5882203835462513
HS3ST2,1.6559364625524353
HS3ST3A1,0.010839111849480066
HS3ST3B1,0.005939601007080944
HS3ST4,33.90638478373795
HS3ST5,1.5591139986788682
HS3ST6,0.00240504343156338
HS6ST1,35.6985000011245
HS6ST2,3.3155348382154965
HS6ST3,0.5093391549506742
HSD11B1,11.570953507300233
HSD11B1L,76.26428052306402
HSD11B2,0.29963805813260425
HSD17B1,0.7900830226773043
HSD17B10,91.14764295740251
HSD17B11,130.2787942049901
HSD17B12,189.50554034503227
HSD17B14,61.884370748646106
HSD17B2,0.006792194176244387
HSD17B3,3.612226981113409
HSD17B4,163.43064433726303
HSD17B6,6.068057141226577
HSD17B7,2.824092235157455
HSD17B7P2,4.249751624586647
HSD17B8,2.764775065773252
HSD3B1,0.8561440324619417
HSD3B2,0.03402802077994643
HSD3B7,2.5925766489207187
HSPG2,0.05404771399751554
HTATIP2,42.91698277537347
HUNK,0.25998639835063314
HUWE1,4.448447519817006
HYAL3,2.7909673248246873
HYALP1,0.3354345050980549
HYI,33.78069149499418
HYKK,0.41083639730200433
IARS,537.2620103420111
IARS2,37.203045523905246
ICK,3.8302519604650858
ICMT,21.088385571358092
IDH1,16.464701166610336
IDH2,123.02465992314364
IDH3A,674.6675611749376
IDH3B,353.0929942239893
IDH3G,146.15840176238078
IDI1,129.63927575057727
IDI2,2.1272734354694633
IDO1,3.009139787559683
IDO2,0.0650322570798734
IDS,774.4266412294687
IDUA,14.703042796773886
IGF1R,3.561800059154059
IKBKB,14.872339936949658
IKBKE,1.5131606392450365
IL4I1,0.16490197280936494
ILK,23.9663517775928
ILKAP,31.27988146662253
IMPA1,493.236439116106
IMPA2,5.970125316221837
IMPDH1,50.612555259925884
IMPDH2,101.66855622523033
INMT,0.15963425196536746
INPP1,806.8563442628123
INPP4A,10.559788341709524
INPP4B,1.3131758694903883
INPP5A,23.77983316382423
INPP5B,2.1757519488410466
INPP5D,32.88685270514647
INPP5E,39.80284700740563
INPP5F,8.602077144541061
INPP5J,6.91021543471922
INPPL1,9.480193123587156
INSL3,0.14125100574726146
INSR,7.64801996951915
INSRR,0.11739017877410973
IP6K1,52.00570546821231
IP6K2,27.032891705374105
IP6K3,1.734000224253708
IPMK,0.8069627953505091
IRAK1,53.57950123384392
IRAK2,2.397683864714844
IRAK3,1.3145697970502186
IRAK4,4.422450996892395
IREB2,3.3667588364892698
ISYNA1,81.23877359579247
ITK,0.012518349427172209
ITPA,294.8826406961866
ITPK1,189.50785247540435
ITPKA,1.3048213595083533
ITPKB,87.24244039664511
ITPKC,6.106185108907138
IVD,708.8986848552122
JAK1,40.606064376790044
JAK2,2.77882290233577
JAK3,4.115961179597934
JMJD7-PLA2G4B,0.19276672646590834
KALRN,1.2276016124329732
KANSL3,19.694171842611595
KARS,405.1067366978047
KAT2A,268.7879522192564
KAT2B,41.27035384660722
KAT5,26.764185950383414
KAT6A,3.6197151772131755
KAT6B,2.1515730185774604
KAT7,20.387806692533797
KAT8,53.41535479478857
KCNJ11,5.840758667739624
KCNJ8,4.2095815488166695
KDR,4.590112600961971
KDSR,19.7708963581003
KHK,6.883102073086331
KIT,11.570953507300233
KL,0.41780798291731824
KMO,0.025882735616777435
KMT2A,6.21002501737647
KMT2B,0.3354345050980549
KMT2C,3.942088650766954
KMT2D,4.1831888677676465
KMT2E,13.520218682730244
KMT5A,0.08744585611927874
KMT5B,0.052531638327043204
KMT5C,0.3350355754164824
KPNA6,52.225979604245595
KYAT1,0.41426786262502635
KYAT3,10.315561941178165
KYNU,0.732420043622271
L1CAM,118.49897290892063
L2HGDH,0.5435096657639372
LALBA,0.0024764653044596478
LAP3,633.1127540143831
LARS,447.54748170661713
LARS2,8.494678596424663
LATS1,0.3343338992913327
LATS2,0.9545320794815065
LBR,29.507167853902313
LCAT,16.552108107340512
LCK,0.08275765264207557
LCLAT1,0.55974764986016
LCT,0.0037488426173028647
LDHA,3890.4532461694657
LDHAL6A,0.028769302448850894
LDHAL6B,10.847952267467784
LDHB,2682.215326549373
LDHC,0.0350907033905722
LDHD,42.01424756974676
LDLR,0.8207877178144588
LGALS13,0.15367013122523115
LGMN,29.796944649432543
LGSN,0.011001418392542029
LHPP,658.9594404741234
LIAS,1.398193391586393
LIMK1,217.94174675623364
LIMK2,17.108800444284377
LIPA,42.915856952957604
LIPC,0.08950068220300214
LIPE,16.62505010545838
LIPF,5.031519611899219
LIPG,0.5098680771593507
LIPT1,1.8854737414859402
LIPT2,0.24413188036299127
LMTK2,9.094888564421236
LMTK3,34.03221395242852
LOC102724197,0.3354345050980549
LOC286297,0.3354345050980549
LOC344967,0.3354345050980549
LOX,0.5274117935402444
LOXL2,0.5998349140768076
LPCAT1,2.771626490010491
LPCAT2,16.33384390253936
LPCAT3,3.8827079712012846
LPCAT4,7.593553678409945
LPIN1,28.952659177273805
LPIN2,37.75798708060325
LPIN3,2.118656143923563
LPL,19.26612583595327
LPO,0.013369211759582176
LRAT,1.1490898602703667
LRP1,5.76132382039207
LRP2,3.579519310760839
LRRK1,0.16660630536310758
LRRK2,2.671935331543985
LRSAM1,25.56475470463301
LRTOMT,2.94670937323778
LSS,235.18519748408184
LTA4H,368.0234840184846
LTC4S,1.1193264282750504
LTK,0.12907133268099627
LYN,9.813116891758558
LYPLA1,58.28303234452481
LYPLA2,93.22259543982342
LYZL1,1.4145390562382973
MACROD1,6.331492840949278
MACROD2,1.2351247240573227
MAGEA2B,0.1626710879648594
MAK,0.03845956007952706
MAN1A1,0.6356181975750108
MAN1A2,3.070476554069706
MAN1B1,1.7862352370533474
MAN1C1,5.371776599825153
MAN2A1,2.4045996667921674
MAN2A2,38.48297624724617
MAN2B1,26.915236731292715
MAN2C1,83.15410471818423
MANBA,9.87577298969426
MANSC1,11.43981907127727
MAOA,463.66790392381995
MAOB,187.55332868587024
MAP2K1,727.361355627871
MAP2K2,611.6784333188184
MAP2K3,4.5898162554749815
MAP2K4,98.06301782067251
MAP2K5,7.9548217061156565
MAP2K6,1.9365339056616333
MAP2K7,3.903000087347817
MAP3K1,2.337285619391718
MAP3K10,211.72780954573744
MAP3K11,45.908710694531095
MAP3K12,24.299936952004593
MAP3K13,4.008481232355363
MAP3K14,5.544845361215428
MAP3K15,0.0628563779253596
MAP3K2,2.959945748828909
MAP3K20,0.20179825659102824
MAP3K21,0.03839897316107535
MAP3K3,10.829368181333344
MAP3K4,6.125820843626361
MAP3K5,14.74531412898086
MAP3K6,10.444862100362823
MAP3K7,0.49456716856112
MAP3K8,2.1258691280415136
MAP3K9,6.813203182655819
MAP4K1,1.901754314097378
MAP4K2,26.42940604020234
MAP4K3,8.068113399580806
MAP4K5,37.67864427921556
MAPK1,601.2468095724349
MAPK10,14.776288706013247
MAPK11,37.23996709601255
MAPK12,9.107136412082976
MAPK13,2.064389739861536
MAPK14,25.06993313309585
MAPK15,0.5510700609693902
MAPK3,318.9037599475651
MAPK4,17.626258427506254
MAPK6,16.610454232753074
MAPK7,5.139031444455327
MAPK8,8.095325400735867
MAPK9,23.879909635150582
MAPKAPK2,1.4731754102805332
MAPKAPK3,8.802387326472628
MAPKAPK5,17.152977694887475
MARCH1,4.229162824106604
MARCH10,0.06959829056120294
MARCH11,1.6559364625524353
MARCH2,120.0799352824628
MARCH3,2.9220477769560183
MARCH4,2.7597700184451917
MARCH5,9.494634612134998
MARCH6,35.680263878331594
MARCH7,20.527370111524252
MARCH8,9.738083144984005
MARCH9,10.343013649413418
MARK1,9.328415894225072
MARK2,20.024061186983037
MARK3,35.407048120401704
MARK4,38.61352690684204
MARS,158.33658372067129
MARS2,1.30412585183501
MAST1,81.0157163832574
MAST2,20.171260402357632
MAST3,23.16648925741987
MAST4,2.326576966775752
MASTL,0.06753637579514826
MAT1A,0.02918228817744193
MAT2A,213.14389243544767
MAT2B,204.0242515990122
MATK,10.547000678574003
MBOAT1,1.2228211557138067
MBOAT2,12.932986110313438
MCAT,22.86767544418125
MCCC1,14.731219757265167
MCCC2,15.765987663167522
MCEE,5.437016992143602
MDH1,12417.513519248332
MDH1B,2.353788405297423
MDH2,5362.984939307897
MDM2,0.014093109657232544
MDP1,166.18997221526433
ME1,823.0636778694275
ME2,79.15370191036708
ME3,30.64825736538925
MECR,10.49589519736722
MED1,0.28764028695825283
MELK,0.0063254048556883906
MERTK,6.1914056959997374
MET,0.38285266808978985
METTL1,9.608836375371892
METTL3,27.640327759338
MGAM,0.025439817280049556
MGAT1,35.62557180021901
MGAT2,0.9583984604322735
MGAT3,48.59999643553902
MGAT4A,7.971314324062183
MGAT4B,28.473397955383806
MGAT4C,0.5429708030075926
MGAT4D,0.02696149145334556
MGAT5,25.66409384000371
MGAT5B,22.47810658193932
MGLL,38.83762736943027
MGMT,10.103034746860937
MGRN1,17.74516326670508
MGST1,145.37022094456984
MGST2,40.62631806892152
MGST3,107.83199678509698
MIA3,8.477877398304523
MIB1,6.927177043975776
MIB2,59.415697284778034
MID1,1.489250343425854
MIF,91.59316084887558
MINK1,0.6634077916293559
MINPP1,5.335048839384708
MIOX,0.03764002098229772
MIP,0.05088545741708743
MKNK1,20.171260402357632
MKNK2,36.100380342893594
MKRN1,47.90312673025565
MKRN2,29.69318351844315
MKRN3,0.31070735687091144
MLKL,14.435707478114644
MLYCD,11.036085203303365
MMAA,0.5613790880495848
MOCS1,8.972674689003965
MOCS2,49.92203270765361
MOGAT1,0.008416413374393208
MOGAT2,0.0022455065094753508
MOGAT3,0.06832763191888709
MOGS,87.33975678568892
MOK,3.5580729558938486
MOS,0.04003857138947772
MOXD1,1.1276993468546186
MPC1,190.48732467292723
MPC2,106.52567028941083
MPI,23.359672093654044
MPO,0.13070518844141027
MPST,2378.82733456065
MRPL58,13.330417578133794
MSMO1,93.38416924175401
MSRA,6.378328918587939
MST1R,0.11187624907021723
MT1A,1.6619040784414352
MT2A,1034.5431869759348
MT3,8811.69669762387
MT4,0.3354345050980549
MTAP,156.22454518573724
MTFMT,4.806289627403578
MTHFD1,126.93786520230026
MTHFD1L,6.037604914033832
MTHFD2,4.919905626246207
MTHFD2L,1.4231814276684571
MTHFD2P1,0.3354345050980549
MTHFR,4.87150077362072
MTHFS,12.514380318293886
MTMR1,2.7801618970159145
MTMR14,17.138248257526435
MTMR2,1.1628464308580906
MTMR3,0.38758579148697364
MTMR6,6.424466816828605
MTMR7,5.295256219314776
MTMR8,0.09135451008150387
MTPAP,2.326576966775752
MTR,0.3589654226890369
MTRR,6.669555658143422
MTTP,0.05656971841338208
MUL1,19.878456525017047
MUSK,0.0012037415523275283
MUT,0.3354345050980549
MVD,167.38130551812094
MVK,18.553821282889317
MYBBP1A,59.20272969003391
MYCBP2,0.2663074285543201
MYLIP,9.070407280207078
MYLK,0.5083502014611735
MYLK2,1.2543347242452407
MYLK3,0.08670924265053134
MYLK4,0.25842263564210166
MYO3A,0.06426969557761117
MYO3B,0.16383684773170262
MYO5B,0.3706995942284732
NAA10,83.87829295416938
NAAA,3.359427126748568
NADK,14.380140884304058
NADSYN1,12.608553075956026
NAGA,11.623529017381319
NAGK,36.100380342893594
NAGLU,9.390156329707501
NAGPA,7.659665276138427
NAGS,0.8841897056288104
NAMPT,168.1292882962748
NANP,0.6266289690824002
NANS,190.21367477213312
NAPRT,25.164291606310147
NAPSA,0.5349065866090033
NARS,3547.8686324787423
NARS2,6.935096605611298
NAT1,1.6724488890083813
NAT2,0.4207973018325792
NCOA1,24.561214398355947
NCOA2,0.3256614953143829
NCOA3,1.1558515248082697
NCOA6,7.03033654406149
NCOR1,0.08181233550978974
NCOR2,1.6805994821785546
ND1,0.7496282848946749
ND2,6.647572110665278
ND3,3.518721426725826
ND4,15.91921099634504
ND4L,0.3354345050980549
ND5,3.9860139175064595
ND6,2.1511623729121254
NDST1,32.62006669231047
NDST2,10.355728798931532
NDST3,1.0629261648890125
NDST4,0.004167602244960855
NDUFA1,2117.296807785786
NDUFA10,84.96197295878719
NDUFA11,141.18898298567356
NDUFA12,19.89743608218818
NDUFA13,1597.91580758348
NDUFA2,28.3623421624897
NDUFA3,18.242820147904833
NDUFA4,94.92591803303762
NDUFA5,52.703157402969026
NDUFA6,67.59347460927127
NDUFA7,7.640900293986364
NDUFA8,169.19710088716838
NDUFA9,31.202403390046157
NDUFAB1,228.70041365344673
NDUFB1,195.19722249685208
NDUFB10,236.37258411611145
NDUFB2,136.65022463361333
NDUFB3,224.81440982733253
NDUFB4,191.49801458322133
NDUFB5,195.24574285873055
NDUFB6,47.486937991077575
NDUFB7,442.6349690954829
NDUFB8,232.7423596819484
NDUFB9,48.403872901191605
NDUFC1,127.0710772013256
NDUFC2,70.57322206272882
NDUFS1,48.87692910534859
NDUFS2,67.10109020804975
NDUFS3,348.09786723208026
NDUFS4,142.8653353704376
NDUFS5,1570.7390454441822
NDUFS6,23.273656457630647
NDUFS7,40.734308058233914
NDUFS8,105.99352800915649
NDUFV1,120.83030864981599
NDUFV2,135.96467487063828
NDUFV3,14.39413660331673
NEDD4,0.7154674140146365
NEDD4L,3.4731420314018466
NEK1,5.171206041821678
NEK11,4.044215778072774
NEK2,0.023604159996495722
NEK3,9.452015244876899
NEK4,10.330303051696104
NEK5,0.2488834285000178
NEK6,0.6807975129739405
NEK7,36.948144318238874
NEK8,0.751301946674836
NEK9,1.8170087082788575
NEU1,40.51142258401905
NEU2,0.007446052618644285
NEU3,0.5920845400658452
NEU4,12.878747397975332
NEURL1,0.14715923590013888
NEURL1B,5.766629052228775
NGLY1,14.212502133703206
NHLRC1,3.2763578210844013
NIT2,527.4310720619144
NKTR,31.947051690336966
NLK,15.583777526914783
NLN,56.9148419420517
NME1,7777.164056041573
NME2,281.45765578880633
NME3,216.02893399354713
NME4,95.69308049547978
NME6,0.304471301376727
NME7,1.159731335136352
NMNAT1,1.4755342543354997
NMNAT2,43.06987665929308
NMNAT3,1.2303357400512707
NMRK1,13.920517296282352
NMT1,88.84708989075187
NMT2,4.534576063200929
NNMT,0.5365166160786257
NNT,12.500943867221597
NOL9,2.4627122843538847
NOS1,1.2337558899631191
NOS2,0.3639682347273937
NOS2P1,0.3354345050980549
NOS2P2,0.3354345050980549
NOS3,5.723781899767817
NOX1,0.04566842827151538
NOX3,0.0032835201574267538
NOX4,0.04148302384387415
NOX5,0.041203110410830496
NPAS2,20.403300037588505
NPC1,16.33384390253936
NPC1L1,0.013479233216934757
NPR1,1.703851833810634
NPR2,10.868040821357594
NQO1,194.25668808104066
NQO2,224.10805152071032
NR1D1,24.82330401989928
NRF1,1.612559052657673
NSD1,4.968768861974664
NSD2,0.8117852405670956
NSD3,0.8238692165195934
NSDHL,809.5486694540738
NSF,588.2712480269128
NT5C,147.97118528712764
NT5C1A,0.38963915174979463
NT5C1B,0.004788017101462188
NT5C1B-RDH14,0.037698419756150243
NT5C2,66.34310789548674
NT5C3A,11.452912909891833
NT5DC3,7.9629693931907335
NT5E,3.6873116642147155
NT5M,8.86309509072626
NTAN1,2.7972912226555087
NTRK1,0.0851661380902243
NTRK2,42.45476390759353
NTRK3,4.4572304069647615
NUAK2,0.6864112283781307
NUDT10,18.704719827315
NUDT11,32.76227379370943
NUDT12,4.441321400969172
NUDT2,72.62718292920714
NUDT3,58.80815219648315
NUDT4,8.241302251993437
NUDT5,116.6109822381521
NUDT9,20.4602253783324
OARD1,10.001432915688307
OAT,807.3641099910659
OBSL1,2.1019986942706876
OCRL,44.61886813865765
ODC1,3.4162064443976985
OGA,13.207835039605774
OGDH,460.40129780802664
OGT,76.67895670546943
OLAH,0.041610439558936584
OPLAH,5.519418526102589
OTC,0.045485170105795454
OTUD5,115.92048839633573
OXCT1,373.6525708451755
OXCT2,0.01812637746676834
OXSM,4.006552269003034
OXSR1,7.0064911004419805
P4HA1,11.55782048356604
P4HA2,10.369855174617607
P4HA3,0.03369189784339723
P4HB,112.77173584569516
PADI1,1.4539527442111424
PADI2,115.35544425822451
PADI3,1.4480638550391858
PADI4,0.018749868045576743
PADI6,0.0026188388344638935
PAFAH1B2,1025.9623077652152
PAFAH1B3,542.1703008376862
PAFAH2,2.821395752812902
PAH,0.5744802156570602
PAICS,229.96271976124007
PAK1,94.80059510268997
PAK2,116.72691389718779
PAK3,10.027934490857263
PAK4,0.23224297550418171
PAK5,0.1843105272396382
PAK6,4.498072755963922
PAM,1.2543116923493813
PAN2,29.831555114318192
PANK1,2.8475536058396727
PANK2,8.434718848227044
PANK3,9.925981411549186
PANK4,9.082645519562211
PAOX,4.807845935910119
PAPOLA,4.866919338563814
PAPOLB,0.008401975436483555
PAPOLG,1.6955880820933915
PAPSS1,120.60291452372003
PAPSS2,5.148366429301562
PARP1,65.85301606873513
PARP10,1.858837969807874
PARP11,1.363627254744474
PARP12,1.4720004251999366
PARP14,6.781704158060511
PARP15,0.1687990111168618
PARP16,1.7544372178731615
PARP2,27.227087677782123
PARP3,30.64839504602275
PARP4,1.7409047395862325
PARP6,57.52066218255535
PARP8,3.7884371727879316
PARP9,5.3423885177078905
PARS2,1.0609609951537051
PASK,1.116383388632018
PBK,0.060587985463918206
PC,239.649766398098
PCBD1,162.1254529734159
PCBD2,3.0725947387930463
PCCA,8.286554141689153
PCCB,2.970610583770921
PCK1,0.5548616458015152
PCK2,2.1523777138907234
PCMT1,1694.313941824388
PCYOX1,81.08388147063303
PCYT1A,13.141623706553506
PCYT1B,6.717712742170353
PCYT2,39.54976377469978
PDE10A,1.43675440819403
PDE11A,0.3711817786179635
PDE1A,2.0287046316713084
PDE1B,33.1007366161008
PDE1C,4.856193953652417
PDE2A,12.32665340696036
PDE3A,0.6418495528901621
PDE3B,0.4557298862686835
PDE4A,32.05304522429973
PDE4B,14.380140884304058
PDE4C,0.1051689446498469
PDE4D,1.2392338778381018
PDE5A,1.4324641504032911
PDE6A,0.0013864741793975569
PDE6B,15.98638351409264
PDE6C,0.052133415142084964
PDE6H,0.7090157752979924
PDE7A,3.296384929252247
PDE7B,3.16864873784306
PDE8A,25.912931881601338
PDE8B,16.62505010545838
PDE9A,12.273169211012002
PDF,2.4101499173401058
PDGFRA,12.98729116554755
PDGFRB,16.84443548861841
PDHA1,252.1986905498886
PDHA2,8.963593332760542
PDHB,126.59615404924351
PDHX,21.654310287328293
PDIA2,92.34811375489213
PDIA3,1262.8750775236224
PDIA4,200.4359126384143
PDIA5,6.032868212186345
PDIA6,158.70490434882575
PDK1,0.15565929895078034
PDK2,34.32033259930372
PDK3,4.497262099717131
PDK4,24.971084995492934
PDP1,6.722197598773563
PDP2,0.812410458343631
PDPK1,1.6099183610896366
PDPR,2.3902132793835174
PDXK,90.52520981591198
PDXP,92.13579721439544
PDZD4,354.74566957097755
PEAK1,4.936967206694494
PECR,66.28602330852287
PEMT,21.512025423964005
PEPD,42.342979952299004
PEX11A,5.351829564636664
PFAS,60.18352314441691
PFKFB1,0.05576286924202999
PFKFB2,4.648415944359062
PFKFB3,88.61785038834519
PFKFB4,3.2454768860931997
PFKL,316.91230861602037
PFKM,101.1000365619246
PFKP,1516.3761086960965
PGAM1,179.09406460806895
PGAM2,92.14558842160893
PGAM5,38.98884403894185
PGAP1,3.615970514509277
PGD,2098.6014492316162
PGGHG,0.02991860446325157
PGK1,183.5151244112889
PGK2,23.296392096478
PGLS,1083.8227929786278
PGLYRP1,0.014294012833811596
PGLYRP2,13.13342928945454
PGLYRP3,0.01572942767765221
PGLYRP4,0.2601296063498426
PGM1,232.02386258577732
PGM2,88.55326562497363
PGM2L1,17.418736495715955
PGM3,44.60025294858684
PGP,195.69785894096876
PGS1,22.717552650861922
PHEX,0.22339654810333734
PHGDH,801.6144838399415
PHKA1,0.35428373910676597
PHKA2,3.8331078334903235
PHKB,10.94550642663166
PHKG1,4.035515090875923
PHKG2,14.618606291997603
PHLPP1,14.240402138157274
PHLPP2,4.5380233385276645
PHOSPHO1,1.1517718935751784
PHPT1,183.22136937993142
PHYH,20.001590331734313
PHYKPL,7.785762687360521
PI4K2A,2.231615973545188
PI4KA,4.558417835939638
PI4KB,1.54346348124036
PIGA,2.353788405297423
PIGB,2.4895367554597643
PIGC,5.70666912714142
PIGF,2.2406120252272403
PIGG,4.20175645501459
PIGH,20.79174492324265
PIGK,8.42872968222785
PIGL,1.5995575792261674
PIGM,2.0834957279953508
PIGN,1.7219223882988877
PIGO,5.397003724735952
PIGP,2.1668772038527817
PIGQ,33.47600336695244
PIGS,15.515851475291727
PIGT,9.02485910202329
PIGU,2.1680926090786863
PIGV,5.052143493854653
PIGW,1.7658211928519536
PIGX,3.0957595498534185
PIGY,0.3354345050980549
PIGZ,23.295225900459535
PIK3C2A,1.0705877686769074
PIK3C2B,6.532363134851515
PIK3C2G,0.006102193434334579
PIK3C3,0.09553811597977814
PIK3CA,2.622360982470385
PIK3CB,0.8998030661653051
PIK3CD,9.42725748205352
PIK3CG,0.20832468306604696
PIK3R1,3.8201979898526144
PIK3R2,43.24334079719453
PIK3R3,16.84443548861841
PIK3R4,21.097452719474095
PIK3R5,2.7571748582893787
PIKFYVE,5.736626269487601
PIM1,7.530692345584806
PIM2,10.140191898842716
PIM3,45.92833594198562
PIN1,2475.165389021052
PIN4,7.643363292331235
PINK1,348.7084618405347
PIP4K2A,201.90139571234064
PIP4K2B,29.526668474716043
PIP4K2C,19.464520697852986
PIP5K1A,0.4018926207702411
PIP5K1B,0.28311778983385083
PIP5K1C,50.16351058342859
PIP5KL1,0.6120731743882339
PIPOX,4.794091074635922
PISD,2.6596981175136536
PJA1,70.4833025648474
PJA2,276.37130177558913
PKLR,0.17064205761689022
PKM,1635.445606454243
PKMYT1,0.30354220496719414
PKN1,128.34006737040932
PKN2,2.8673433958872865
PKN3,4.695818636591575
PLA2G10,0.028175806419250812
PLA2G12A,1.420403776397018
PLA2G12B,0.007586979788636514
PLA2G15,15.59810471718747
PLA2G16,224.61275524327405
PLA2G1B,3.647836095042932
PLA2G2A,0.5876689632016522
PLA2G2C,0.007866420004058242
PLA2G2D,0.002246595790177482
PLA2G2E,0.10480083352838437
PLA2G2F,0.017105401618544066
PLA2G3,0.04924422596160894
PLA2G4A,14.126268755968947
PLA2G4B,36.59538350089057
PLA2G4C,14.928897618740967
PLA2G4D,0.0026313777937845397
PLA2G4E,0.008338094367101385
PLA2G4F,0.00397717756167938
PLA2G5,2.092269753673131
PLA2G6,11.927180332785065
PLA2G7,0.49145142920916696
PLB1,1.1230358089994537
PLCB1,7.0121664461488376
PLCB2,45.02811030343925
PLCB3,1.532789009864862
PLCB4,9.675683363268126
PLCD1,10.636609004664791
PLCD3,33.54697835425146
PLCD4,2.027122839462376
PLCE1,1.3222440922694552
PLCG1,3.357710065129636
PLCG2,5.963835692496654
PLCH1,1.946930710935501
PLCH2,35.09814446254527
PLCL1,9.279109070660711
PLCL2,3.874110046377588
PLCXD2,0.06823986113517685
PLCZ1,0.001971803758620963
PLD1,2.4660607112339528
PLD2,24.16960392833705
PLD3,67.96051532610345
PLD4,29.50322893533518
PLD6,8.984874386591715
PLG,0.00553169750235615
PLIN1,1.1908650726917278
PLIN2,3.0843135370838985
PLIN3,25.912931881601338
PLIN4,4.342266811942112
PLK1,0.8532532862185311
PLK2,13.920517296282352
PLK3,6.531251157493311
PLK4,0.21701749621685765
PLOD1,17.03684921481111
PLOD2,7.182212957980311
PLOD3,19.10016340897086
PLPBP,1.3790311261442316
PLPP1,5.389883230682263
PLPP2,2.123055391477898
PLPP3,4.2032094621878
PLPP4,0.019762828557283812
PLPP5,0.0656688155578048
PLPP6,0.050042688733332445
PLPP7,1.1305815492037874
PLPPR2,0.3307009692228308
PLPPR3,0.9307949846236876
PLPPR4,0.11900942508124815
PLPPR5,0.012456429933028047
PLTP,47.16963386091379
PLXNB3,38.14786681186465
PMM1,20.267131953999446
PMM2,6.919245846270689
PMPCA,33.1409298176068
PMVK,617.7632827587203
PNCK,18.07334870146701
PNKP,27.008310803674387
PNLIP,9.725593843116235
PNLIPRP1,0.1423076689327357
PNLIPRP2,0.3842694343485669
PNLIPRP3,0.018139233522564087
PNMT,35.93581636837465
PNP,537.2770778579883
PNPLA2,75.01597821067557
PNPLA3,0.08775301152746588
PNPLA4,14.604547321019517
PNPLA6,2.180250648113746
PNPLA7,6.161867336659319
PNPLA8,22.941701064200096
PNPO,16.000817519943762
PNPT1,7.061535944267123
POLA1,2.5994121782316233
POLA2,1.8319413677043628
POLB,23.830232526265934
POLD1,0.7459947290138498
POLD2,6.622965378196794
POLD3,0.257894580031091
POLD4,47.98262048027495
POLE,0.03118031715436988
POLE2,0.055901740123904364
POLE3,31.73994853576952
POLE4,11.132950697182235
POLG,15.09894518225433
POLG2,1.7061076144267773
POLH,0.9845134248970895
POLI,4.7961235395872555
POLK,2.920288546250728
POLL,8.405982158203747
POLM,8.766021071002116
POLN,0.809382660691767
POLQ,0.0014531856332792347
POLR1A,0.6200582716064398
POLR1B,0.2798054435892246
POLR1C,12.359236932609369
POLR1D,25.415956655757213
POLR1E,12.586756759139893
POLR2A,2.6309378807080894
POLR2B,12.648428138685821
POLR2C,92.52779750028076
POLR2D,7.295011339340784
POLR2E,201.397681664262
POLR2F,14.310221824434864
POLR2G,24.02473300606663
POLR2H,156.00984272404267
POLR2I,100.41842694380908
POLR2J,37.37854354376344
POLR2K,129.2942164240658
POLR2L,296.10202663422086
POLR3A,0.2707014712483198
POLR3B,1.2919210820831863
POLR3C,0.48764272881908244
POLR3D,2.6181000133652588
POLR3E,12.0998145206561
POLR3F,8.972674689003965
POLR3G,1.736386013516468
POLR3GL,80.22956235113102
POLR3K,20.74501897363886
POLRMT,11.066699849211535
POMGNT1,45.12570918996065
POMT1,20.434297010329896
POMT2,10.140191898842716
PON3,1.4260357772903098
POR,120.98029284447188
PPA1,2781.205253522868
PPA2,131.00654103122494
PPARA,2.6146926918001525
PPAT,7.003023832852808
PPCDC,1.205112852842676
PPCS,65.87489042020319
PPEF1,0.1004980177357267
PPEF2,0.007835051818134708
PPIA,1112.6929768330874
PPIAL4A,0.3354345050980549
PPIAL4C,0.004758168182947044
PPIAL4E,0.3354345050980549
PPIAL4G,0.03670242594709843
PPIB,1441.5867317102666
PPIC,6.575109640339452
PPID,841.9388338244529
PPIE,9.014551636014735
PPIF,536.3212980008907
PPIG,8.718461086281518
PPIH,609.0109960121853
PPIL1,156.41894974089467
PPIL2,0.9222926872882884
PPIL3,90.51999894950899
PPIL4,3.327788903869884
PPIL6,1.0707974251372323
PPIP5K1,8.596893500801327
PPIP5K2,1.8754157528638262
PPM1A,3.3568138012353326
PPM1B,34.086182282858985
PPM1D,1.993988421821004
PPM1E,1.4203287446928219
PPM1F,33.30630069528531
PPM1G,15.529930173688959
PPM1K,31.05025310261394
PPM1M,16.37742918771029
PPOX,13.273476570059954
PPP1CA,136.69258202308296
PPP1CB,220.19801731231266
PPP1CC,50.385163204128304
PPP1R1A,18.750058759139502
PPP1R1B,523.7047571347384
PPP1R2,109.025172060659
PPP1R3A,0.00038327333617871166
PPP1R3B,1.1064263812199517
PPP1R3C,7.996071897292325
PPP2CA,239.51978087921609
PPP2CB,359.3826649182092
PPP2R1A,707.0746555394319
PPP2R1B,13.32107911505457
PPP2R2A,90.52616281016516
PPP2R2B,41.25133061768501
PPP2R2C,136.43456333991898
PPP2R3A,1.3446431017850133
PPP2R3B,22.096534957481904
PPP3CA,917.6662685464229
PPP3CB,63.40972154711478
PPP3CC,11.010183369047613
PPP3R1,565.9922371765239
PPP3R2,2.4370537589271226
PPP4C,48.9737276379299
PPP5C,57.15605183543808
PPP6C,184.3802082156028
PPT1,12.661631597533464
PPT2,24.071988279389362
PPWD1,25.22459288301529
PRAG1,0.3354345050980549
PRDX1,29098.471093918593
PRDX2,14535.653859368864
PRDX3,137.4058198704237
PRDX6,973.2872527072647
PREP,58.60603477898704
PRKAA1,16.64550184979806
PRKAA2,1.024473246587174
PRKAB2,10.419372741970445
PRKACA,1138.0837094652968
PRKACB,346.2482129557419
PRKACG,5.25292276820224
PRKAG2,19.8630803817319
PRKAR1A,41.272076614212814
PRKAR1B,626.098369922376
PRKAR2A,23.550440000971424
PRKAR2B,158.313305677581
PRKCA,12.98729116554755
PRKCB,11.152862503774942
PRKCD,4.357491654023359
PRKCE,5.70132444777796
PRKCG,39.530975109736076
PRKCH,5.454945511810706
PRKCI,4.344530411422008
PRKCQ,6.188121624526704
PRKCSH,299.398297176994
PRKCZ,42.39722939096388
PRKD1,0.36981402354260123
PRKD2,2.9997583365399945
PRKD3,5.213849244908106
PRKDC,0.8328523456072792
PRKG1,0.5279461133972542
PRKG2,1.8816034298901843
PRKN,0.21524163632635238
PRKX,11.99349255610814
PRKY,0.0013760743365637653
PRODH,50.56672691590978
PRODH2,0.008536701404722529
PRPF19,786.8236318327738
PRPF4,114.59170584310657
PRPF4B,27.125846370037586
PRPS1,1302.647910632231
PRPS1L1,1.6993128857058533
PRPS2,11.062004758472197
PRRT2,117.43979620878109
PSAP,77.61928596922596
PSAT1,879.7509092774369
PSKH1,9.42725748205352
PSKH2,0.11813839957802594
PSPH,1225.6306425964524
PSPHP1,0.3354345050980549
PTDSS1,26.312523511318886
PTDSS2,27.979485729516796
PTEN,9.105966645327696
PTGDS,6217.321320975643
PTGES,25.729620190855798
PTGES2,176.88736046916893
PTGES3,4171.292531739221
PTGIS,8.648528938068521
PTGR1,125.61472760745733
PTGS1,12.564629773027201
PTGS2,0.43235718436722154
PTK2,2.879306886046991
PTK2B,32.815647890035414
PTK6,0.28886593397150623
PTK7,0.4629790637511396
PTP4A2,6.596563993201408
PTP4A3,72.42540058441351
PTPDC1,3.356678936294064
PTPMT1,29.42588758532859
PTPN1,14.260558880976035
PTPN11,53.08276922672249
PTPN12,4.855902244088504
PTPN13,4.476143855990782
PTPN14,0.48153691494899337
PTPN18,43.28191595408845
PTPN2,6.266202921990312
PTPN21,3.006852331514944
PTPN22,0.05693250338444101
PTPN23,17.39884117058987
PTPN3,12.407006573823383
PTPN4,2.578145788110652
PTPN5,29.365303444650444
PTPN6,13.328193663284614
PTPN7,0.8532984230285744
PTPN9,0.49743877907781187
PTPRA,1.4141491934001742
PTPRB,6.872942571564247
PTPRC,7.2402729647230935
PTPRD,20.01699762340229
PTPRE,4.590112600961971
PTPRF,23.537166218103174
PTPRG,3.6459593958627132
PTPRH,1.8238279969283937
PTPRJ,2.366187664189509
PTPRK,5.954091936585305
PTPRM,25.581303432214945
PTPRN,186.87359536204386
PTPRN2,189.18168880251622
PTPRO,4.742348139193331
PTPRQ,0.00036447236451493236
PTPRR,3.2745389386787433
PTPRS,32.47803995506022
PTPRT,1.8322688319532066
PTPRU,20.76059088737115
PTPRZ1,48.799639718685206
PTRH1,3.6986971557002746
PTRH2,406.9022123835839
PTS,58.21342955828423
PUS1,6.135811089155771
PXDN,0.3810032828560936
PXDNL,0.033835831501394215
PXYLP1,0.3900283303635837
PYCR1,4.5770740564449985
PYCR2,430.6513920049643
PYCR3,18.52640291410028
PYGB,840.378362086755
PYGL,7.009896147235812
PYGM,11.023132069975615
PYURF,2.3381099550288775
QARS,217.47978875542378
QDPR,9121.271369369646
QPCT,44.61886813865765
QPRT,42.915856952957604
QTRT1,94.06061690700022
QTRT2,3.0803803903498332
RAD1,1.541273609320773
RAD18,0.6266289690824002
RAD9A,7.339010052536005
RAF1,0.39309194322607666
RAG1,0.03259437357289925
RALBP1,47.72440626688421
RARS,198.55268513192433
RARS2,10.483815013199184
RBBP6,0.3350238982564952
RBKS,1.1317011422417202
RBP1,823.0234260895555
RBP2,0.004288089889517615
RBP4,92.03555136075177
RCHY1,14.059337482744276
RCL1,4.325672492073253
RDH10,1.0964954080232
RDH11,552.3373540874732
RDH12,1.993988421821004
RDH13,3.4193550850898444
RDH14,23.5390956395726
RDH16,0.29945682857012135
RDH5,4.771750534250572
RDH8,0.004200244385185319
REG3A,0.017410093044957126
RENBP,21.811608839854703
RET,3.9133232816270107
REV3L,2.5400599905981522
RFC5,19.997083040924704
RFK,49.06242721690766
RFWD3,1.8592013895410984
RGL1,16.27578285571121
RHAG,0.013131735795680506
RHBG,0.005719569988088607
RHCG,1.1343712986410353
RING1,99.27720531915715
RIOK1,0.641125470298115
RIOK2,0.1689102860328725
RIOK3,14.282282013745643
RIPK1,5.496838433299784
RIPK2,2.0904580852416195
RIPK3,6.046508528842339
RIPK4,0.003626765195286368
RIPOR1,1.8350848174091228
RNF103,22.621685546187337
RNF115,8.17949575170254
RNF123,11.636683738423471
RNF125,1.8715514712855834
RNF126,65.20651809038912
RNF128,3.946888841285559
RNF13,78.2281431104207
RNF130,35.607346539535484
RNF133,0.014219368302854748
RNF138,7.048520332137829
RNF139,15.440716846355782
RNF14,33.404429020912865
RNF144A,15.957526889880569
RNF144B,3.9142811380806544
RNF146,55.022016349265925
RNF149,14.045437416977888
RNF152,3.548760172953466
RNF167,194.83833453386313
RNF180,3.5171499679178253
RNF182,9.976263924162815
RNF185,31.453770679747276
RNF187,334.2732072813505
RNF19A,19.7708963581003
RNF19B,17.909036995174464
RNF2,5.127848853127045
RNF20,3.133404653278742
RNF216,11.426729596945929
RNF217,0.8866747929166232
RNF25,35.498052052286404
RNF31,15.255313876889906
RNF40,2.080788543451114
RNF41,65.53279661090276
RNF5,104.40035252150837
RNF8,7.701631079106758
RNGTT,5.715668798845815
RNMT,81.77808115819442
ROCK1,2.9953282182920855
ROCK2,9.155310777736654
ROR1,0.06409614500234798
ROR2,0.01041158137420588
RORA,1.9798367565708297
ROS1,0.16602267687961664
RPAP2,1.2743215424237122
RPE,102.81386176958057
RPE65,4.157819453235893
RPIA,18.561030608340246
RPL14,2166.5863975065113
RPN1,460.79761940006824
RPN2,219.6793951453998
RPP14,23.821362152193874
RPS6KA1,29.507446944591123
RPS6KA2,20.923397063616427
RPS6KA3,1.6511395587041107
RPS6KA4,2.3994871849528567
RPS6KA5,2.746801334037078
RPS6KA6,0.33459543023738
RPS6KB1,1.4577798962740411
RPS6KB2,28.866906033790883
RPS6KC1,0.8106936668022536
RPUSD4,1.4234224317710609
RRM1,14.54730930799104
RRM2,0.09148207605431133
RRM2B,11.100917280011986
RTCA,25.548209097007685
RWDD2A,6.048475585651096
RXRA,13.671655388917163
RYK,7.591032660210429
SACM1L,25.597855278910806
SAE1,225.48731910685296
SAP130,0.8928791235326085
SARDH,0.44117185167303663
SARS,276.87264185501675
SARS2,17.894121260062935
SAT1,469.9124384106206
SAT2,266.81982480758535
SBK1,16.93242384369456
SC5D,49.92203270765361
SCARB1,22.97377455395155
SCARF2,4.071319453230252
SCD,1539.5994670686994
SCD5,491.30361127521394
SCLY,3.3274057224054387
SCP2,140.219887237142
SDC1,0.45636045406291603
SDHA,388.038130520603
SDHB,235.63537986109677
SDHC,25.069459225221106
SDHD,3.2989329787682133
SDR16C5,2.62150862718351
SDR42E1,0.012595679113719551
SDR42E2,0.12151495009970224
SDR9C7,0.004033903038720457
SDS,9.070407280207078
SDSL,8.158132799763813
SEC11A,209.39909184414125
SEC11C,12.573550314804711
SELENOI,0.1784505883933933
SEPHS1,637.370054848231
SEPHS2,49.66081512669586
SERPINA1,6.434720659409199
SERPINA3,10.829368181333344
SETD1A,0.23038075517404877
SETD1B,4.081012107633673
SETD2,0.0433718207491629
SETD5,15.455005610417306
SETD7,3.339661566589543
SETDB1,0.19960744781658352
SETDB2,2.4585286150803385
SETMAR,4.741335208142177
SFXN3,2463.89671728553
SGK1,21.764226007753745
SGK2,1.5131606392450365
SGK3,6.098553951261732
SGMS1,8.033840690057842
SGMS2,0.6617373692187208
SGPL1,29.60649458061225
SGPP1,18.553821282889317
SGPP2,5.891410349518411
SGSH,13.068872887880772
SH3RF1,5.754836807995489
SH3RF2,0.05951908395485306
SH3RF3,2.9088610738317118
SHMT1,70.93342962274444
SHMT2,204.58701190343794
SHPK,2.506344964436925
SHPRH,0.19496187642051327
SI,0.0007128543295962436
SIAE,45.69299434388462
SIAH1,1.7204143889595698
SIAH2,9.390156329707501
SIK2,9.180724206160011
SIK3,7.3691041940203315
SIN3A,2.4570985710632103
SIN3B,0.3631527198075808
SIRT1,5.098636940870774
SIRT2,309.01751530824464
SIRT3,18.44840444259195
SIRT5,7.5933562412701905
SIRT6,15.583777526914783
SIRT7,11.38748738052479
SLC10A1,0.7013693927428878
SLC10A2,0.058748703153154044
SLC10A6,0.018447412155707256
SLC11A1,14.39413660331673
SLC11A2,18.568895107568327
SLC12A1,0.15767644913625672
SLC12A2,4.680235509879331
SLC12A3,0.0426595262248133
SLC12A4,0.2781554566175503
SLC12A5,107.85716386335973
SLC12A6,0.09237652297726189
SLC12A7,2.1549072188806826
SLC13A1,1.3898493503991496
SLC13A2,0.004580223084666244
SLC13A3,6.029998834275996
SLC13A4,0.7113462206934046
SLC13A5,0.7870797374640436
SLC14A1,34.374433553381856
SLC14A2,0.00037820692330274
SLC15A1,0.02013877210055059
SLC15A2,4.23014258249966
SLC15A3,24.659403023432283
SLC15A4,6.57800163928333
SLC16A1,11.729419557834591
SLC16A10,0.014631316983039367
SLC16A2,6.551275183539023
SLC16A3,4.474151868271618
SLC16A7,0.020449012228179284
SLC16A8,2.637717168624083
SLC17A1,0.06505057075080632
SLC17A2,0.014797084619435076
SLC17A3,0.004422835949999961
SLC17A4,0.016758172785412122
SLC17A5,10.752143525270018
SLC17A6,52.209321100633105
SLC17A7,5.652221933066315
SLC17A8,0.15106549542019365
SLC18A1,0.027134662155099694
SLC18A2,11.874207743239609
SLC18A3,0.04862948645160688
SLC19A1,4.332397215929433
SLC19A2,1.6091609398880264
SLC19A3,2.247128482753347
SLC1A1,16.45014645637219
SLC1A2,57.961234679736215
SLC1A3,140.33159007286739
SLC1A4,7.348765660247609
SLC1A5,5.672488407346023
SLC1A6,4.786979424019561
SLC1A7,0.6277527654878772
SLC20A1,17.330018027465144
SLC20A2,34.69955982621197
SLC22A1,0.08229081596449365
SLC22A10,0.10034501076203277
SLC22A11,0.0077521030071557905
SLC22A12,1.368484858340572
SLC22A13,0.011277550628094343
SLC22A16,0.01719291390775778
SLC22A18,2.751986672329431
SLC22A2,0.0006895744586336375
SLC22A3,0.9197929908437804
SLC22A4,0.6962382550109266
SLC22A5,4.929794425283749
SLC22A6,1.619521722876157
SLC22A7,0.04155945961403733
SLC22A8,0.0048628766716982
SLC22A9,0.0010054145433461277
SLC23A1,0.09254288979300114
SLC23A2,33.583448510118735
SLC24A1,0.7288953108591747
SLC24A2,25.217953438453144
SLC24A3,42.81967630346856
SLC24A4,1.8553468773408226
SLC25A1,810.1960375124386
SLC25A10,8.948289786571669
SLC25A11,2092.2179239101824
SLC25A12,1144.4679872870115
SLC25A13,147.39643323039653
SLC25A14,12.824575145012426
SLC25A15,1.0192911711015313
SLC25A16,2.636863362210795
SLC25A17,6.384186487325398
SLC25A18,140.30441736244128
SLC25A19,2.4068237956602374
SLC25A2,0.005499149719541291
SLC25A20,12.960130352326942
SLC25A21,0.053911754299021585
SLC25A22,103.5288574460016
SLC25A26,8.34978899129054
SLC25A27,61.00848027448939
SLC25A28,129.79862422580288
SLC25A29,27.066534856860237
SLC25A3,1932.0902068494709
SLC25A37,11.426729596945929
SLC25A4,953.9861100453476
SLC25A5,3345.138359843427
SLC25A6,916.0303361954177
SLC26A1,0.6783490175864603
SLC26A11,49.92203270765361
SLC26A2,1.1956088466233097
SLC26A3,0.01952245889522305
SLC26A4,0.06271267752120788
SLC26A6,6.2571935538691585
SLC26A7,0.0258383436644211
SLC26A8,2.0113247075952154
SLC26A9,0.34777138095268206
SLC27A1,5.806915771067325
SLC27A2,0.7119291799974369
SLC27A3,4.528026048427106
SLC27A4,8.469846126595971
SLC27A5,13.177879640338256
SLC27A6,0.9583444220758345
SLC28A1,0.015752799217154886
SLC28A2,0.012489611029185905
SLC28A3,0.006542449647077349
SLC29A1,37.8878173261204
SLC29A2,13.50647609670978
SLC29A3,5.676757725041829
SLC29A4,18.765178839939807
SLC2A1,85.63238132967125
SLC2A10,0.5284805908280493
SLC2A11,16.362897000201652
SLC2A12,0.8916510568136496
SLC2A13,10.432115153400142
SLC2A14,0.022765641097284375
SLC2A2,0.7271472329221568
SLC2A3,42.493132876092005
SLC2A4,0.6053888325015347
SLC2A5,21.21365245913515
SLC2A6,18.44840444259195
SLC2A7,0.02769435809366143
SLC2A8,12.273169211012002
SLC2A9,0.13878233565740072
SLC30A1,10.66225190795598
SLC30A6,2.3232848801989876
SLC30A7,7.467149372775797
SLC31A1,5.330856057490608
SLC32A1,17.894121260062935
SLC33A1,416.3693631787734
SLC34A1,0.00042866361399730956
SLC34A2,0.012694791066254952
SLC34A3,0.06153795819143339
SLC35A1,22.00143993203568
SLC35A2,5.451780406253647
SLC35A3,2.195961059049535
SLC35B2,0.7137849446067008
SLC35B4,8.86309509072626
SLC35C1,5.407525182474266
SLC35D1,3.54503705116798
SLC35D2,11.584090874604309
SLC36A1,2.163652644945023
SLC36A2,0.007959168462443314
SLC36A4,10.547000678574003
SLC37A1,2.624918532553307
SLC37A4,8.044472499490047
SLC38A1,26.145810563877326
SLC38A2,56.851200687634034
SLC38A3,25.2509226365839
SLC38A4,0.0057024152859360445
SLC38A5,16.96178295257745
SLC39A7,22.29656357655908
SLC3A1,0.007345863104705799
SLC3A2,73.35769391290947
SLC40A1,16.610454232753074
SLC41A1,10.355728798931532
SLC41A2,2.4184710721720855
SLC43A1,1.5146133091519942
SLC43A2,7.0019517878102215
SLC46A1,2.993555096844718
SLC47A1,0.42481362171232956
SLC47A2,0.25764178571635515
SLC4A1,0.04682523321805979
SLC4A10,13.410392107927294
SLC4A2,9.725593843116235
SLC4A3,109.37031327574655
SLC4A4,4.148073965296986
SLC4A5,0.35631943812773303
SLC4A7,0.4074393700412507
SLC4A8,3.115637465980539
SLC4A9,0.16734407552934796
SLC51A,0.15076864983236538
SLC51B,1.5826081164944732
SLC52A1,0.033739855867702444
SLC52A2,23.34355568352439
SLC52A3,3.0086265927558924
SLC5A1,0.007302826597060864
SLC5A10,0.04407871251082292
SLC5A11,37.092344850406604
SLC5A12,0.014070421405596582
SLC5A2,0.08864148030596591
SLC5A3,0.1255683507315296
SLC5A5,0.030501307363746854
SLC5A6,36.66888410973901
SLC5A7,0.22427057907788883
SLC5A8,0.1350313710196858
SLC5A9,0.016312790800237415
SLC6A1,158.20010264975883
SLC6A10P,0.002902190730556864
SLC6A11,19.78625168546515
SLC6A12,12.12643768398162
SLC6A13,2.158818430522992
SLC6A14,0.3354345050980549
SLC6A18,0.020564936803086797
SLC6A19,0.1185497404542115
SLC6A2,0.05126577654728052
SLC6A20,0.05194294101482326
SLC6A3,0.04745975778711401
SLC6A4,0.004397644279957781
SLC6A5,0.008790106123618675
SLC6A6,1.6863593606011968
SLC6A7,18.795429649659646
SLC6A8,80.64548338711182
SLC6A9,18.25309538979418
SLC7A1,18.87111873236982
SLC7A10,7.473961780814311
SLC7A11,4.152945876537225
SLC7A2,0.5613790880495848
SLC7A3,2.265893964130266
SLC7A5,18.714154258094542
SLC7A6,3.0148389072902777
SLC7A7,3.046846821114006
SLC7A8,4.913410910404186
SLC7A9,0.07227849647693295
SLC8A1,5.312000428440449
SLC8A2,17.923956349925618
SLC8A3,3.5655282988597286
SLC8B1,6.129095250947065
SLC9A1,12.98729116554755
SLC9A2,0.2302486448863487
SLC9A3,0.39355800248075257
SLC9A4,0.0012119243468153523
SLC9A5,7.630561691264812
SLC9A7,1.380566968663723
SLC9A8,5.702393266939095
SLCO1A2,64.16562302348893
SLCO1B1,0.005142079162957195
SLCO1B3,0.0028904604749780535
SLCO1C1,1.0531109220673316
SLCO2A1,0.5093391549506742
SLCO2B1,101.54488601264387
SLCO3A1,11.663006178400787
SLCO4A1,10.026620371435262
SLK,12.975296014580934
SMARCD3,213.4452348311031
SMG1,0.6784052523963424
SMPD1,40.700770469869056
SMPD2,4.2943835757015085
SMPD3,5.973584087968236
SMPD4,11.127343911287134
SMS,318.28253973555263
SMURF1,9.464401216895544
SMURF2,5.042859705889492
SMYD3,8.089817377218498
SNRK,13.644084912967251
SOAT1,3.492292121768466
SOAT2,0.3336611291146565
SOD1,6433.457599416322
SOD2,31.66490298832879
SOD3,11.847747221997876
SORD,3.004191511409009
SPCS1,296.7777741365352
SPCS2,351.25195967139564
SPCS3,243.65602313357888
SPEG,9.365445919712378
SPHK1,1.4217548777626627
SPHK2,5.647320937351526
SPR,257.7394055060845
SPRYD3,383.1922613563608
SPTLC1,22.208482614715457
SPTLC2,4.335932243991658
SPTLC3,0.3506140113886227
SQLE,0.6977879199549224
SRC,8.969059221521777
SRD5A1,13.86510171682546
SRD5A2,0.004849240694971077
SRD5A3,5.609624829325893
SREBF1,74.24730974735606
SRM,693.9432549360722
SRMS,0.029274295308740546
SRPK1,3.205457336719934
SRPK2,59.86043828965133
SRPK3,4.97287663165931
SSH1,9.688153969070175
SSH2,4.628287134560804
SSH3,18.298112942851848
SSR4,203.85470582490328
SSU72,344.46513081758474
ST3GAL1,1.7023484631678016
ST3GAL2,5.141105459013551
ST3GAL3,20.558421844059776
ST3GAL4,11.61037863169769
ST3GAL5,33.18997401888457
ST3GAL6,4.646401918595394
ST6GAL1,35.78972131471142
ST6GALNAC1,1.7924669985246808
ST6GALNAC2,1.0465821851668167
ST6GALNAC3,2.7996513506163985
ST6GALNAC4,8.152201535479145
ST6GALNAC5,1.4453461245075983
ST6GALNAC6,215.4129465051764
ST8SIA1,1.474092607736603
ST8SIA4,2.182212941033877
ST8SIA5,0.9941385952916673
STAMBP,17.641035888356377
STAMBPL1,1.6940868397763627
STARD3,57.22749188962655
STK10,0.3937720789647957
STK11,63.280400732183814
STK16,1.8526120554906296
STK17A,6.011538560342214
STK17B,0.47530554103029254
STK19,10.547253284770106
STK24,35.6985000011245
STK25,6.137672355578574
STK26,0.629690691282171
STK3,2.9887579836167153
STK31,0.21073350091082543
STK32A,7.591032660210429
STK32B,2.4284674768526386
STK32C,27.302377771772054
STK33,2.710583889664029
STK35,5.749479022129757
STK36,11.99349255610814
STK38,7.623802360226091
STK38L,8.584849744819191
STK39,68.01478933702245
STK4,1.1129974755618912
STRA6,0.06871147328461076
STS,11.755270982153922
STT3A,4.096826036836813
STT3B,26.613383095846963
STUB1,187.23479180846783
STYK1,1.335530288030506
STYXL1,13.989877230955262
SUCLA2,322.14596039271925
SUCLG1,362.46422815590034
SUCLG2,427.53582827418205
SULT1A1,26.646873385641502
SULT1A2,0.55974764986016
SULT1A3,0.23508925657278307
SULT1B1,0.24712524584494447
SULT1C2,0.009260511541731164
SULT1C4,6.659489050207495
SULT1E1,0.0036217564124932477
SULT2A1,0.009075091895781139
SULT2B1,0.14641001699129103
SULT4A1,365.47281056689525
SUOX,6.693061625006385
SUV39H1,3.1210165314567364
SUV39H2,0.7388948980466038
SYK,11.53156747504757
SYNJ1,0.38675674634203944
SYNJ2,0.18047574700968544
SYVN1,0.7353980992502237
TAF1,5.282708173776461
TALDO1,280.35213424308785
TAOK1,3.707126113408276
TAOK2,31.559285401794796
TAOK3,23.942013275441017
TARS,106.17909108884317
TARS2,2.440549750318707
TARSL2,22.915410420236334
TAT,0.06208153573553621
TBCB,418.9855978425132
TBK1,1.1926165833248414
TBL1X,11.21804736913402
TBL1XR1,8.806151810812908
TBXAS1,9.070407280207078
TCIRG1,45.37679020717777
TDO2,0.060398150844153564
TECR,340.2369724764588
TECRL,0.0002857026097347689
TENT2,0.15316461371698084
TENT4A,0.45357387630786017
TESK1,41.365508301146555
TESK2,3.369509427703127
TFRC,52.520590560648024
TGDS,3.8140803996705945
TGFBR1,9.119389059850384
TGFBR2,31.841160497866007
TGM1,0.48466145205713196
TGM2,56.72593110604075
TGM3,0.38378235580972375
TGM4,0.015179539151175217
TGM5,0.026797638234492653
TGM6,0.018105422639918517
TGM7,0.0010357121173303356
TGS1,2.7589048860374588
TH,5.707738238058626
THNSL1,2.7727564798201056
THTPA,5.718171407896146
TIAM2,0.3940486613806832
TICRR,0.058615610472310814
TIPARP,3.004191511409009
TK1,0.7066875591057197
TK2,16.116426028237726
TKFC,17.655218887752373
TKT,211.60529106754026
TKTL1,0.029643165867186256
TKTL2,0.009955785290755017
TLK1,16.785850835818362
TLK2,0.34074973943097886
TM7SF2,48.59999643553902
TMEM91,20.527370111524252
TMLHE,0.9800310263146164
TMX3,11.71570299279472
TNFRSF21,48.819617155091045
TNIK,11.676173893251157
TNK1,0.34304868035840824
TNK2,260.94081416548556
TNKS,10.842254598964
TNKS2,16.391965132480195
TNNI3K,1.6239679831806575
TNS2,1.434061794943761
TOPORS,5.513067139190018
TP53RK,4.079073039692162
TPH1,0.13564245995221189
TPH2,0.009463576241120856
TPI1,12717.666092942805
TPI1P2,0.11225051072701472
TPK1,1.30412585183501
TPMT,13.177879640338256
TPO,0.011214855659809984
TPP1,101.52015723252094
TPSAB1,0.040164679861511815
TPSB2,0.28403606695108047
TPSD1,0.014895242500989591
TPST1,21.35483568791307
TPST2,12.273169211012002
TPTE,0.01008376310580299
TPTE2,0.06703568658561224
TRAF7,23.601806484350387
TRDMT1,0.28167455218397763
TREH,0.00813610113578777
TREX1,6.813899583658884
TREX2,0.3520378516004793
TRHDE,0.39601307642497374
TRIB3,0.9393270861208254
TRIM11,2.426800575440843
TRIM32,1.640922037203306
TRIM33,3.678320776597687
TRIM63,0.06983533389644271
TRIO,1.261770655850894
TRIP12,9.576153699160837
TRIT1,9.26679426510931
TRMT1,11.883655145191472
TRMT11,9.021502431992463
TRMT1L,5.306766209009707
TRMU,9.402518644777533
TRPM6,0.4706475616758106
TRPM7,2.1781741668927435
TSSK1B,0.20447763106973466
TSSK2,0.0231714118888251
TSSK3,2.244684165188085
TSSK4,0.22974523089027515
TSSK6,0.3706995942284732
TST,41.784945080615834
TSTA3,123.6073307286414
TTC3,59.479172541374695
TTK,0.005359087895790354
TTL,1.2483559867848082
TTLL10,0.04671972130438277
TTN,0.027022184552942984
TUSC3,4.486391419275069
TUT1,0.282119606319853
TUT4,0.6950417161591614
TUT7,0.1907089895411479
TXN,1807.5581821044113
TXN2,61.56782066049796
TXNRD1,114.12107901461917
TXNRD2,8.491077524042073
TXNRD3,0.6771572577431799
TYMP,23.812243490169028
TYMS,20.04235491665642
TYR,0.1046323172264974
TYRO3,28.2857556565923
TYRP1,0.00546524654435725
UAP1,20.662060419241715
UAP1L1,18.523684334522446
UBA1,503.9443905694944
UBA2,150.44993904314535
UBA3,89.50386043465006
UBA6,45.299665474316754
UBA7,43.84237958119517
UBE2A,55.42868584300093
UBE2B,68.27012136191277
UBE2C,0.22209496096488834
UBE2D1,8.42753199774838
UBE2D2,58.99874323568021
UBE2D3,892.4974890539914
UBE2D4,12.12643768398162
UBE2E1,85.30863393695351
UBE2E2,7.539509571546116
UBE2E3,16.410068363747907
UBE2F,3.021859938560467
UBE2G1,17.563211826130605
UBE2G2,11.035620875062751
UBE2H,376.04512017381677
UBE2I,451.0678180907793
UBE2J1,10.57719217137321
UBE2J2,22.58975610125145
UBE2K,704.3585052529703
UBE2L3,2676.456665720159
UBE2L6,52.330461303747306
UBE2M,455.0787251766661
UBE2N,55.35329731867386
UBE2NL,0.0026679537450352404
UBE2O,31.752996117376366
UBE2Q1,8.458620667848216
UBE2Q2,2.692226023942996
UBE2QL1,31.19043485237792
UBE2R2,16.377234272753903
UBE2S,87.64492825011463
UBE2T,5.981674449690442
UBE2U,0.023784263818109993
UBE2W,3.5301559558765603
UBE2Z,72.13236363149551
UBE3A,21.458764248873692
UBE3B,5.794529559065995
UBE3C,3.7323133373957105
UBE4A,0.5445297327174158
UBE4B,4.606576635493557
UBLCP1,145.42719403394779
UBR1,0.78902064163872
UBR2,2.909709567593946
UBR3,0.04573902839002738
UBR4,6.526596386177465
UBR5,0.47081624729696947
UBR7,18.313125970136877
UCK1,28.277550255111933
UCK2,3.115444305864444
UCKL1,25.449001017607124
UCP1,0.1962824969738108
UCP2,9.80059962075105
UCP3,0.27874184346133757
UEVLD,5.0078325572330975
UGCG,10.94550642663166
UGDH,26.186119276382296
UGGT2,2.444319653265038
UGP2,2208.656495494825
UGT1A1,0.5818457107151666
UGT1A10,0.14272264379251745
UGT1A3,1.0114790584917612
UGT1A4,0.0951329295757727
UGT1A5,0.4044927492424471
UGT1A6,0.17846484523713252
UGT1A7,0.817507176308654
UGT1A8,0.1293154038699776
UGT1A9,0.11549856641655931
UGT2A1,0.3354345050980549
UGT2A3,1.2389146853275619
UGT2B10,0.0035530906933119643
UGT2B11,0.23720441855058141
UGT2B15,0.01510357370936519
UGT2B17,0.00320592161524905
UGT2B28,0.6936387983112186
UGT2B4,0.7544150219594951
UGT2B7,0.1550237091590488
UGT3A1,0.12021469926971337
UGT3A2,0.06968715429700971
UGT8,63.49597813581248
UHMK1,41.441677807249384
UHRF1,0.16955565495969013
UHRF2,4.9021564648872165
ULK1,42.915856952957604
ULK3,72.60475459402853
ULK4,0.1372639204889694
UMPS,77.326008371265
UPB1,0.03667784908678578
UPP1,7.285864661416798
UPP2,0.3425774460432745
UPRT,5.347797110152351
UQCR10,109.07407568406103
UQCR11,236.86175939706203
UQCRB,293.9203642570004
UQCRC1,1937.1009570085096
UQCRC2,2832.0471285389444
UQCRFS1,644.364427730255
UQCRH,177.9437793070976
UQCRQ,219.42113789259912
UROC1,0.023108579598502956
UROD,65.90605647591491
UROS,43.417007867538345
USP1,8.409572681842134
USP10,5.470783546596187
USP11,463.74189201289863
USP12,26.88164849520298
USP13,2.3084873114938818
USP14,132.56082967245376
USP15,3.518274285881519
USP16,31.612081345972936
USP17L2,0.0013572241118680562
USP17L22,0.04998256910149056
USP17L30,0.050968258904732194
USP17L5,0.050968258904732194
USP17L9P,0.3354345050980549
USP18,1.4604174671396026
USP19,1.3207566784668594
USP2,7.8513821136443225
USP20,33.20782989561847
USP21,25.56475470463301
USP22,115.2014809708047
USP24,2.083844154616622
USP25,0.09399754392903897
USP26,0.08118014005684498
USP28,2.4610385679970572
USP29,0.08228852752006045
USP3,0.5099981668766788
USP30,0.34375668845120033
USP31,5.112091455989825
USP32,0.6889217087630554
USP33,42.22476230130561
USP34,7.893650633943689
USP35,7.483215375210236
USP36,5.799899536354718
USP37,0.11494904953649834
USP38,2.0294956625405476
USP4,2.5996900946210424
USP40,0.6533608959244434
USP41,0.01834435481333142
USP42,1.80392214783162
USP43,0.6418495528901621
USP44,0.09363884909413082
USP45,1.4374698144222835
USP46,16.712703703679004
USP47,7.100062388974249
USP48,0.46596619576926895
USP49,1.1323685094797096
USP51,1.1243676738635904
USP6,0.1516225390317529
USP7,35.22359618022846
USP8,0.7754970810897832
USP9X,5.709495019050568
USP9Y,0.0037097002912032688
UST,18.719829251630948
UXS1,14.184618074550393
VARS,130.84345704682875
VARS2,193.08537158260643
VKORC1,36.52192586988007
VNN1,0.12889410079239308
VNN2,0.8361398229634448
VNN3,0.008112339148751667
VRK1,27.938632887461104
VRK2,2.0120153224132378
VRK3,11.492220590614895
WARS,607.4789705123627
WARS2,5.263285523474865
WDYHV1,20.978954527739283
WEE1,0.6852577861320752
WEE2,0.014033256148484264
WNK1,8.96600822122569
WNK2,16.421048288240993
WNK3,0.7195202906014623
WNK4,0.03591835207790666
WWOX,6.509023196280511
WWP1,17.55206128390488
WWP2,0.19270673847265016
XDH,0.054621981851993316
XPO6,0.5325802068031418
XPO7,35.15259955455259
XYLB,0.10990890698606694
XYLT1,2.3323413843415692
XYLT2,6.317676661514843
YARS,1609.6567421270925
YARS2,16.880425944432467
YES1,9.675683363268126
ZADH2,7.0633047302171414
ZAP70,0.7294824222736636
ZC3HAV1,1.3626547750718558
ZNRD1,6.125374308365753
ZNRF1,16.712703703679004
ZNRF2,3.1562582480311105
ZSWIM2,0.009524911175300414
