A4GALT,17.937425408073263
A4GNT,0.21321462884586356
AACS,4.139323288441718
AADAC,0.003203271319994661
AADAT,0.466324210325769
AAK1,8.822563204806443
AANAT,0.06815011836494701
AARS,263.88915218513654
AARS2,1.6534283022673495
AASDH,1.4313324856664011
AASDHPPT,11.277355147882098
AASS,3.1569086538044684
AATK,0.12700487915042805
ABAT,0.6265531289666987
ABCA1,36.56839184690154
ABCA3,3.9550237155575587
ABCA4,0.0023057190231839677
ABCA8,1.7865322311535572
ABCB1,0.08490210357449418
ABCB11,0.04664320692677182
ABCB4,2.2293295755984213
ABCB6,38.13994793045668
ABCC1,0.4430686514577967
ABCC11,0.0018416155594189287
ABCC2,0.2999808360233573
ABCC3,0.05075168369214704
ABCC4,11.121581061328836
ABCC5,12.214472332823572
ABCC8,3.5755198515769306
ABCC9,14.395955308242662
ABCD1,31.876626317063586
ABCD2,0.003483648060003622
ABCD3,32.76681846100263
ABCG2,0.02099771926349864
ABCG5,0.006667865145637175
ABCG8,0.0070627657896370315
ABHD12,5.708332531577179
ABHD5,5.103055351736082
ABHD6,0.907840273500002
ABL1,17.163484843049417
ABL2,1.4097270792987713
ABO,0.12402509402546069
ACAA1,20.01147102563324
ACAA2,112.71811586869153
ACACA,13.431683138755334
ACACB,32.22353487518987
ACAD10,2.944716909759948
ACAD11,0.03711002534211176
ACAD8,32.27396275333229
ACAD9,289.93544696428506
ACADL,6.333613811734172
ACADM,65.99110398816114
ACADS,183.08105698923697
ACADSB,196.89801921476936
ACADVL,1429.4116047785658
ACAT1,111.29792802570675
ACAT2,0.9941181161318287
ACE,0.2399030360494969
ACE2,0.030018985217547246
ACER1,0.00915426346477019
ACER2,0.20414488330061237
ACER3,0.7847148310456751
ACHE,46.43476081607773
ACLY,6.0174765138219035
ACMSD,0.010119214410016697
ACO1,13.290857913791374
ACO2,332.12540515346484
ACOT1,12.737327406778872
ACOT11,0.09589319079593422
ACOT12,0.013093886301300909
ACOT13,7.494770125513748
ACOT2,25.40825190418252
ACOT4,0.10021355044748397
ACOT6,0.037342053314831675
ACOT7,0.8765380175517559
ACOT8,29.677741995302856
ACOX1,5.233866168259785
ACOX2,1.8792355281237105
ACOX3,2.4159189763317896
ACP1,5132.266237572692
ACP2,3.005681253369679
ACP4,0.0036202735317779565
ACP5,0.4762339446193634
ACP6,2.935429046468252
ACP7,0.44999467512671487
ACPP,0.008570228554295437
ACSBG1,0.01603025285403412
ACSBG2,0.0013369768860530332
ACSF2,4.612944570696451
ACSF3,3.0780389961935337
ACSL1,369.9174594828369
ACSL3,5.297564387451066
ACSL4,4.442024899531024
ACSL5,0.6146932608854587
ACSL6,0.30629292529375735
ACSM1,0.08718980026595854
ACSM2A,0.0585122933778039
ACSM2B,0.06320048198640206
ACSM3,0.016938536386882783
ACSM4,0.002340436289208902
ACSM5,1.5038277975245546
ACSS1,7.061907236975
ACSS2,58.005971480323446
ACSS3,1.2783930618123966
ACVR1,16.094453343756417
ACVR1B,10.277003557187877
ACVR1C,0.1126829462472806
ACVR2A,2.553991757670056
ACVR2B,1.8310792694189009
ACVRL1,3.9077775756391935
ACY1,134.9855441753825
ACY3,0.24783957484406652
ACYP1,10.963710228962517
ACYP2,8.310615356404504
ADA,2.9067147289856328
ADCY1,0.29799924866522903
ADCY10,0.01868532277709002
ADCY2,37.28248151823421
ADCY3,4.497323641495029
ADCY4,6.408537963584683
ADCY5,0.7896824775263297
ADCY6,2.75389069530164
ADCY7,0.2059261307716869
ADCY8,0.006240504054159636
ADCY9,24.77683171673341
ADH1A,0.022337239955708302
ADH1B,38.46838629275062
ADH1C,14.794390684728915
ADH4,0.4604624408213301
ADH5,594.60486504467
ADH6,0.00917721272629092
ADH7,0.7371108903843818
ADHFE1,37.812083868859915
ADI1,77.1877817874368
ADK,8.619859017306425
ADO,11.103231263998419
ADPGK,27.77449032146299
ADPRH,18.740816148006736
ADSL,1791.4119369429452
ADSS,53.34733243977183
ADSSL1,228.63658028612855
AFMID,1.3413604150519158
AGA,20.75604714533429
AGK,4.46194625219914
AGL,3.291650492324838
AGMAT,1.3239831387633385
AGPAT1,6.357488931717466
AGPAT2,66.67314005393172
AGPAT3,21.79503844473072
AGPAT4,0.024293486504757475
AGPAT5,12.15252613743442
AGPS,17.194521611578235
AGT,48.755881896566564
AGXT,1.1981950333722313
AGXT2,0.07273189725255508
AHCY,6135.095147104511
AHCYL1,35.85662950068892
AHCYL2,12.388537260794628
AICDA,0.0016552719251687119
AK1,2902.356212810912
AK2,334.28158565706
AK3,118.33671483703289
AK4,14.052566687572169
AK5,0.01717288912549027
AK7,0.0978859616814639
AKR1A1,97.60870270437114
AKR1B1,246.3164986812234
AKR1B10,0.7649083722530303
AKR1B15,0.6777758662163715
AKR1C1,3.409292668218284
AKR1C2,80.61996760512912
AKR1C3,37.56266997154601
AKR1C4,5.522781755496033
AKR1C8P,0.3354345050980549
AKR1D1,3.5763124860476507
AKR7A2,402.82716583579634
AKR7A3,0.2406835056660472
AKT1,1.5196282497703255
AKT2,2.7471766680921266
AKT3,2.4937294642467367
ALAD,190.683531517376
ALAS1,28.46525487231439
ALAS2,0.022323486799877522
ALB,0.018314697237264754
ALDH18A1,23.836489299464393
ALDH1A1,14.012496247504567
ALDH1A2,0.9533618647052574
ALDH1A3,0.8692906057215497
ALDH1B1,131.2419679390899
ALDH1L1,139.5519754493346
ALDH1L2,0.1395140400392873
ALDH2,2712.447319456251
ALDH3A1,0.06655765667145518
ALDH3A2,102.25910207993749
ALDH3B1,0.5748371853474791
ALDH3B2,0.008491070873592622
ALDH4A1,28.494704852471816
ALDH5A1,15.44163847742442
ALDH6A1,10.229155337429974
ALDH7A1,12.703314582129034
ALDH9A1,1427.78048213486
ALDOA,28952.797385743746
ALDOB,0.12373277990588269
ALDOC,0.7705568397614597
ALG1,3.606442344453019
ALG10,0.47674656244080915
ALG11,0.6401321916197946
ALG12,2.2424928224677902
ALG13,4.406423347343158
ALG14,0.5536156184115446
ALG1L,2.55940262052844
ALG1L2,0.3354345050980549
ALG2,52.88065641599181
ALG3,1.6370195222201254
ALG5,20.50513329283685
ALG6,0.4741845961727217
ALG8,3.0705488320376113
ALG9,1.7047569249451549
ALK,0.0005405430591275514
ALLC,0.09874098907430014
ALOX12,0.0974217834176677
ALOX12B,0.015294506915576253
ALOX15,0.0013630132302763602
ALOX15B,0.03887529948666809
ALOX5,0.9622244714183695
ALPG,2.1334538652401167
ALPI,0.09522613776587274
ALPL,0.6867368625251073
ALPP,0.12394730653401177
AMACR,65.41749765805406
AMD1,33.192837369670976
AMDHD1,0.5881824374991463
AMDHD2,11.683846017995082
AMFR,1.1668397771361805
AMHR2,1.5884932097096325
AMN,0.006461479149695695
AMPD1,561.6992726113808
AMPD2,1.1189899300363144
AMPD3,32.787019344903925
AMT,4.520602527838919
AMY1A,2.6438139326066277
AMY1B,0.00834164756378258
AMY1C,2.6438139326066277
AMY2A,0.26183428936081277
AMY2B,8.360847328679196
ANAPC11,64.84015334547144
ANGPTL4,15.493660638258694
ANKRD1,400.42906848691297
ANPEP,0.8253493677524749
ANXA3,85.35837143633886
AOAH,0.07569521518962827
AOC1,0.006440112424321391
AOC2,0.40319258060989144
AOC3,4.868561689389951
AOX1,1.1016685283513512
APOA1,0.01044221860483984
APOA2,180.33762034675766
APOA5,0.11645175048604357
APOB,0.004667328035525698
APOC1,9.153152462163384
APOC2,27.211319250515267
APOC3,46.87519708233557
APOE,16.528294856427248
APRT,252.93090159856382
AQP1,77.48466019250814
AQP10,0.0037868645526527175
AQP2,0.0012447551570765275
AQP3,0.7116758288926271
AQP4,0.527974235313184
AQP5,0.009114130412608362
AQP7,3.631606663131468
AQP8,0.32764209512356324
AQP9,0.155106363793801
ARAF,2.42076723165375
ARCN1,105.25497216045433
ARG1,0.06522936578449207
ARG2,12.737327406778872
ARSA,6.919777359259091
ARSB,1.1461310069293742
ART1,24.690980176380958
ART3,156.1620179135396
ART4,0.005863514181843282
ART5,14.383139497863898
AS3MT,4.237890895495322
ASAH1,96.83210568799618
ASAH2,0.003999951082999442
ASH1L,0.026838191370202782
ASL,55.822624737348654
ASMT,0.0067324617093989375
ASNS,38.91490588133223
ASPA,1.72887440184077
ASPG,0.005229045511415261
ASPH,78.1678967371234
ASRGL1,1.7681068456299387
ASS1,299.86456506132936
ATE1,11.883902282013457
ATIC,449.3091399509049
ATM,0.2696244478448379
ATP10A,0.0947845875205683
ATP11A,6.384629649459361
ATP11C,0.9703631435238322
ATP1A1,9.91233048290115
ATP1A2,2521.5304795964953
ATP1A3,0.05103626977476655
ATP1A4,0.2823014167552504
ATP1B1,546.6175214127533
ATP1B2,0.4899204505402414
ATP1B3,10.048988594452945
ATP1B4,31.020209564234946
ATP2B1,11.02935482644264
ATP2B2,0.5184393077352538
ATP2B3,0.0076083107667285505
ATP2B4,1.3184636915507706
ATP4A,0.10925286887108747
ATP4B,0.09248346966705488
ATP5F1A,124.53265572432873
ATP5F1B,167.30632217246165
ATP5F1C,21.50971022167614
ATP5F1D,155.46511749348954
ATP5F1E,125.55773209538297
ATP5MC1,4.311892001287344
ATP5MC2,2.868050998110428
ATP5MC3,5.997867959791037
ATP5ME,117.38991896387836
ATP5MF,1.481717785000078
ATP5MG,179.57272888452187
ATP5MGL,23.718922705117464
ATP5PB,5.524565248774745
ATP5PD,6.7181129554220975
ATP5PF,4.959033242795014
ATP5PO,42.13932100131758
ATP5S,0.3354345050980549
ATP6V0A1,3.652595606211342
ATP6V0A2,0.5822544553014227
ATP6V0A4,0.006778294077882597
ATP6V0B,117.80577618164835
ATP6V0C,436.54647229213975
ATP6V0D1,753.1944408405832
ATP6V0D2,0.1314675993445951
ATP6V0E1,149.13838500613045
ATP6V1A,45.395652942923114
ATP6V1B1,0.04973795918447539
ATP6V1B2,544.6197370510965
ATP6V1C1,12.951401914223528
ATP6V1C2,0.24705784682574525
ATP6V1D,32.38886541935002
ATP6V1E1,399.1716828147893
ATP6V1E2,0.7726771916462679
ATP6V1F,34.80821110657795
ATP6V1G1,71.57525446458429
ATP6V1G2,0.3325779063588704
ATP6V1G3,0.2330917175245828
ATP6V1H,21.82219875526388
ATP7A,0.8998114905327509
ATP7B,0.35174627832234456
ATP8A1,12.487792976148084
ATP8B1,0.6640367159767386
ATP8B2,0.8845242702285874
ATR,0.01694902126730208
AUH,3.5964984719836
AURKA,0.016420701191907233
AURKB,0.0921535678851337
AURKC,1.367512307653333
AWAT1,0.009243256850186832
AWAT2,0.6905945531355334
AXL,0.018185333716978624
AZIN2,0.7963414524148358
B3GALNT1,0.14136323647557822
B3GALNT2,2.3103106930584185
B3GALT1,0.7158498332013871
B3GALT2,0.005455230625060569
B3GALT4,0.6674661326391533
B3GALT5,0.031081715321663605
B3GALT6,11.573395158380647
B3GAT1,0.002392708910633283
B3GAT2,0.09700440720653322
B3GAT3,3.8332085667482882
B3GLCT,0.7866139610071975
B3GNT2,1.5656061234006815
B3GNT3,0.008491070873592622
B3GNT4,0.09427735594191398
B3GNT5,7.069669960952955
B3GNT6,0.0016999495180322803
B3GNT7,0.008573058374895129
B3GNT8,0.19283100011160212
B3GNT9,0.6299423367207291
B3GNTL1,0.5286286032836051
B4GALNT1,3.0490353206784557
B4GALNT2,0.0023839805210712547
B4GALNT3,2.6299546165083347
B4GALNT4,0.009108400049046882
B4GALT1,9.943025617573712
B4GALT2,25.739592267927513
B4GALT3,12.004117422655185
B4GALT4,0.9268747785677504
B4GALT5,43.10923218234137
B4GALT6,0.5077063306553208
B4GALT7,18.232791538157183
B4GAT1,2.277812689362301
BAAT,0.4100794390927439
BARD1,7.883990142679864
BBOX1,0.21317434517705625
BCAP31,632.5653020046536
BCAT1,0.06672944478411877
BCAT2,24.177149547905543
BCHE,0.16161046042562907
BCKDHA,18.703018213078884
BCKDHB,1.627884414217999
BCKDK,29.29218275768118
BCO1,0.06461878427195712
BCR,0.059466967953585484
BDH1,2.0467280370836556
BDH2,18.219344548954115
BHMT,0.02980005352693837
BHMT2,1.5143591829956564
BIRC6,4.028303914140983
BLK,0.03097142993766355
BLVRA,866.9248807815321
BLVRB,1330.423236275918
BMP1,2.5404748039473195
BMP2K,0.10956904292461588
BMPR1A,3.1042837464232056
BMPR1B,0.576834995325606
BMPR2,5.45524413705098
BMX,0.13946413059050528
BPGM,7.942655724255769
BPNT1,1.563973921088613
BRAF,4.167051801036092
BRAP,0.35404471852259833
BRPF1,8.801536897507852
BRSK1,0.0965873959617811
BRSK2,0.025856356545824934
BSCL2,13.277192391485839
BSG,247.66149010702628
BTD,1.138264669876503
BUB1,0.06685834494161251
BUB1B,0.006744062892894277
C1GALT1,1.8167663072698497
CA1,0.007464962356123294
CA12,0.15709789410806527
CA13,0.9875922969136863
CA14,0.47527308870736645
CA2,30.392221815766224
CA3,1572.6308745194822
CA4,1.2292450917712112
CA5A,0.004873293131146904
CA5B,0.10542736374152263
CA6,0.0042511285840425
CA7,0.1495136882661207
CA8,0.18608527482313908
CA9,0.06771896887989987
CAD,9.338642961085275
CALM1,645.5400481530593
CAMK1,1.6617752070930403
CAMK1D,0.38709354446011696
CAMK1G,0.09060519254498574
CAMK2A,25.79730566323948
CAMK2B,29.900645224619293
CAMK2D,852.6482005456496
CAMK2G,15.754511006893647
CAMK4,0.007802149574471314
CAMKK1,1.207528278728198
CAMKK2,2.9410049645046956
CANT1,4.7220052103527586
CARM1,25.7683573253418
CARNS1,19.505697677956
CARS,10.085884082388677
CARS2,12.38960495716266
CASK,3.1350932788681063
CAT,219.15409625668843
CBLC,0.0519195983521084
CBLL1,12.350978864801032
CBLL2,0.027434690025870352
CBR1,9.469857572366212
CBR3,21.73334810156069
CBR4,33.44766924815888
CBS,0.25290238492998807
CBSL,0.3354345050980549
CBX1,61.3297164245698
CCNB1IP1,13.694567176904757
CD36,21.599984757779534
CD38,0.9881684302592999
CDA,3.28386275697589
CDC14A,1.1936092172902277
CDC14B,1.361163032325496
CDC25A,0.1469402760800977
CDC25B,4.162072304754183
CDC25C,0.029217836677357844
CDC34,12.600571931574734
CDC42BPA,0.6640740242596693
CDC42BPB,1.2962603982034702
CDC42BPG,0.05140264085730938
CDC7,0.121205293376617
CDIPT,55.08587789549441
CDK1,0.1920849872675099
CDK10,3.394000826586449
CDK11A,21.990447856421522
CDK11B,46.04474842890096
CDK12,3.530200968801711
CDK13,7.8307310046295315
CDK14,2.18381959561327
CDK15,0.11125112762164203
CDK16,78.47868763847288
CDK17,6.360739532349327
CDK18,0.3649889337903067
CDK19,0.627908365732628
CDK2,1.8277094590576688
CDK20,0.2749476559297727
CDK3,1.0487408380130498
CDK4,7.693094932641011
CDK5,10.618336379250213
CDK6,1.1834963324315781
CDK7,130.11419149665363
CDK8,3.635481252959154
CDK9,22.875804736516677
CDKL1,0.30196508954663653
CDKL2,0.027460297831775206
CDKL3,1.2510402299894585
CDKL4,0.018370855539147638
CDKL5,0.37058155391404896
CDKN3,0.6770875519243456
CDO1,1.1359703045302674
CDS1,0.021082642192172672
CDS2,13.214183931295052
CDY1,0.256335927830294
CDY1B,0.256335927830294
CDY2A,0.04923577690024244
CDY2B,0.04923577690024244
CEL,1.6823649198700594
CEPT1,0.7641738955615591
CERCAM,0.39917079025676544
CERK,36.320673427015684
CERS1,1.0540096623144808
CERS2,10.577077633850395
CERS3,0.0053753297916249
CERS4,1.5354666483707151
CERS5,2.3306473228011684
CERS6,2.6963348648449115
CES1,0.9703631435238322
CES2,32.79835389708837
CES3,13.504525717606473
CES5A,0.0033685838330476127
CFTR,0.005116689718207036
CH25H,0.904189028423809
CHAT,0.014545141103376102
CHD9,3.9008971779170016
CHDH,2.8734300404375026
CHEK1,0.15785119851487128
CHEK2,0.15317088806143692
CHFR,3.700505112627201
CHI3L1,29.55899920866156
CHIA,0.007313950940882618
CHIT1,0.020074940634725997
CHKA,2.2077397114180357
CHKB,11.893055047900086
CHMP4A,18.677668804349192
CHPF,22.522623172165098
CHPF2,11.340925359589486
CHPT1,6.753932287533056
CHST1,8.480368473470685
CHST10,1.109272626662522
CHST11,0.27982661276030596
CHST12,2.582876554796961
CHST13,0.016714565430745808
CHST14,0.24683926528018724
CHST2,0.8837976388744012
CHST3,9.305366547818007
CHST4,0.02226550981150046
CHST5,0.033752086302968935
CHST6,0.0031916937292400427
CHST7,0.9232080653967017
CHST8,0.014220006199187205
CHST9,0.008178749592762472
CHSY1,3.869475394568811
CHSY3,0.5378070046710405
CHUK,0.7467830605487688
CHURC1-FNTB,3.2507362769424972
CIDEA,0.7642029087204052
CINP,0.49141497511105076
CIT,0.04628303202351216
CKB,18.246240544936907
CKM,89874.89532981
CKMT1A,0.001945686116526077
CKMT1B,1.8693742925614412
CKMT2,633.0632321552879
CLC,1.416608020365395
CLCF1,0.4575372262933663
CLK1,3.3736932910651443
CLK2,10.601159197803725
CLK3,0.5753087565730007
CLK4,0.7924590198587063
CLOCK,3.570693110227851
CLPS,3.7638108954434664
CLTRN,0.5786685643266595
CLYBL,2.8632753002943074
CMA1,0.34159575189809566
CMAHP,0.5140755633505142
CMAS,51.38179628963281
CMPK1,393.7040707996912
CMPK2,0.9224750777234992
CMTR1,23.382264182390802
CNDP1,0.06819326390277841
CNDP2,11.036516636453328
CNOT4,6.484730473149232
CNP,7.913484146650821
COASY,380.38373188210755
COL4A3BP,4.746345214261062
COLGALT1,14.114545845311115
COLGALT2,1.9600548563125637
COMT,41.10968940795233
COMTD1,1009.8332346728165
COP1,0.4785008438550989
COPA,196.8080836809017
COPB1,49.76874479088195
COPB2,21.960722601794576
COPE,371.43785445574616
COPG1,108.01117499959145
COPG2,73.2954753975235
COQ2,5.579679987686066
COQ3,10.87889357680047
COQ5,4.277434037136547
COQ6,11.819130373882238
COQ7,0.264681144167029
COX1,7.766401376158287
COX17,121.09747860076449
COX2,5.3369352212394165
COX3,0.33446363282071023
COX4I1,835.0436642456083
COX4I2,1.5778586610800527
COX5A,961.3669594423385
COX5B,1436.0019069391747
COX6A1,2.425077375213037
COX6A2,6820.833074539513
COX6B1,136.9199451200943
COX6B2,0.0031224080919745535
COX6C,138.30504128128393
COX7A1,787.9439426661929
COX7A2,46.282983284301466
COX7A2L,23.015059393696365
COX7B,163.50260413473785
COX7B2,0.3354345050980549
COX7C,332.27323610691104
COX8A,1858.9423124614452
COX8C,0.1271517962572589
CP,0.08715281966352222
CPA1,6.461853496044851
CPA2,0.6258757340376337
CPA5,0.006870147933672341
CPA6,0.03585936529958674
CPOX,16.411856778918512
CPS1,0.057627168356967996
CPT1A,0.10210059550579445
CPT1B,130.90049459735184
CPT1C,0.11187112500753227
CPT2,119.41284186549956
CRAT,52.82568254128244
CREBBP,0.18666743517400516
CRLS1,23.15615203711155
CROT,7.537635843176608
CS,10503.721860971556
CSAD,2.7593850672386866
CSF1R,0.8325209699687353
CSGALNACT1,0.8389861768774795
CSGALNACT2,11.43869039881586
CSK,5.298939533114345
CSNK1A1,38.585594105241334
CSNK1A1L,1.680314482853118
CSNK1D,55.78546640866397
CSNK1E,1.7524750971649512
CSNK1G1,0.672273341115448
CSNK1G2,25.566610082582002
CSNK1G3,2.0760755489450617
CSNK2A1,500.30809687013357
CSNK2A2,215.83614357478885
CSNK2B,606.4265057465194
CTBP1,44.997207551660026
CTDP1,1.6330013399574541
CTDSP1,25.307582866442594
CTDSP2,72.5537328273644
CTDSPL,11.365350609961117
CTDSPL2,1.0173890582068108
CTGF,0.3354345050980549
CTH,1.577041221190903
CTPS1,4.628202152967812
CTPS2,0.6374116473828263
CTSA,160.5423024991904
CTSB,178.14981299574856
CTSC,1.880929826326858
CTSD,1491.157910973074
CTSE,0.027772639546473046
CTSF,204.39184322816118
CTSG,3.5668326723905897
CTSH,3.5446516610048824
CTSK,25.40825190418252
CTSL,3.8467013306852365
CTSO,3.3282156256953845
CTSS,1.3200401978010476
CTSV,0.04856728571703454
CTSW,0.5781676512769439
CTSZ,4.260224185871363
CUBN,0.009644424628524636
CWC27,6.9213717172835505
CYB5D1,3.003305164294033
CYB5R1,389.36830493333764
CYB5R2,0.6062965310603631
CYB5R3,1682.0469987129463
CYBB,0.576834995325606
CYBRD1,14.037994520775081
CYC1,1521.8939227291228
CYLD,6.0266627102069075
CYP11A1,0.9445159849557959
CYP11B1,0.8426372984421979
CYP11B2,0.08105018928386314
CYP17A1,0.38273734371287715
CYP19A1,0.02226505512057303
CYP1A1,0.253522178133178
CYP1A2,4.881250664873969
CYP1B1,1.3913754112952343
CYP21A2,0.025477889920991297
CYP24A1,0.002573049645376409
CYP26A1,0.0019415010644001848
CYP26B1,1.5934063574678614
CYP27A1,34.657621273020155
CYP27B1,0.14840453047876115
CYP2A13,0.04638837469548625
CYP2A6,0.007076371132994267
CYP2A7,0.012254349755711406
CYP2B6,0.02889595120271605
CYP2C18,0.003338189208445458
CYP2C19,0.1750227487879086
CYP2C8,0.06314101116842041
CYP2C9,0.13627582512980346
CYP2D6,0.06377883360411739
CYP2E1,0.7473116847274422
CYP2F1,0.013929970839435852
CYP2J2,3.8950016580659055
CYP2S1,0.02910893185335193
CYP2U1,1.0067852450885388
CYP39A1,0.10749863223237921
CYP3A4,0.02896385427566171
CYP3A43,0.006010576674259717
CYP3A5,0.056337561779342925
CYP3A7,0.002597442616815869
CYP46A1,0.19485884985138766
CYP4A11,0.00834164756378258
CYP4B1,0.4716254423997087
CYP4F11,0.09520000638031278
CYP4F12,0.03601087174387792
CYP4F2,1.3721447209835187
CYP4F22,0.049333638477575444
CYP4F3,0.005493978162305518
CYP4F8,0.3354345050980549
CYP4V2,0.7291001309697592
CYP4X1,1.3389880749970446
CYP4Z1,0.12383020235519254
CYP51A1,18.123936043414687
CYP7A1,0.028182998189221306
CYP7B1,0.038913790756760554
CYP8B1,0.00560017143870573
CYTB,10.283962318241796
DAD1,447.5549106701332
DAGLA,1.1184115563068546
DAGLB,8.634873089306009
DAO,0.001187500819966023
DAPK1,1.207528278728198
DAPK2,19.54660801067839
DAPK3,11.12225366924734
DARS,4862.147926348702
DARS2,4.29493673395815
DBH,0.010224697380298837
DBI,27.321576852670265
DBT,4.593633028553374
DCK,3.5167738045165744
DCLK1,7.58788209202629
DCLK2,0.2656976865111
DCT,0.06522936578449207
DCTD,9.153879961135925
DCTPP1,24.262635136916284
DCXR,223.69892729087988
DDAH1,130.1325712117619
DDAH2,8.012145828202657
DDC,0.128622863003493
DDO,4.543905823324354
DDOST,396.4930317209081
DDR1,8.332167837550914
DDR2,1.1107947218395933
DECR1,45.83377159124229
DECR2,27.657821881520686
DEGS1,4.099477172702611
DEGS2,0.1231972354848844
DERA,31.646309195537086
DGAT1,45.05649402807572
DGAT2,0.912225713087824
DGKA,0.560892196695185
DGKB,0.030751098808032697
DGKD,51.830469948882495
DGKE,0.2894627369918752
DGKG,1.7430441770203295
DGKH,0.47073040470255506
DGKI,0.01974911352906167
DGKQ,1.4177212849984306
DGKZ,102.530071541959
DGUOK,10.070172787312055
DHCR24,7.213313104489389
DHCR7,2.1899348013976434
DHDH,0.03144990761622323
DHFR,184.93577771397582
DHODH,3.743334387557357
DHRS2,0.0016209152267984606
DHRS3,63.72803409189712
DHRS4,174.53818665539123
DHRS9,0.010978141834036677
DIO1,0.004107570118808908
DIO2,0.21264723528504909
DIO3,0.5051112959450356
DLAT,1090.3488772264432
DLD,1957.2865784558464
DLST,540.7847865399903
DMGDH,0.0775509103743099
DMPK,258.4800143110472
DNAJC6,0.04884934215877078
DNMT1,2.2212994638591526
DNMT3A,4.789533417329123
DNMT3B,0.05567429186567031
DNMT3L,0.003326513913198022
DOLPP1,2.7621330882035866
DOT1L,5.856918963197823
DPAGT1,2.7355922342944226
DPEP1,0.3191303602896498
DPEP2,0.10180263147454564
DPEP3,0.05168794657761144
DPH5,35.96264754307669
DPM1,1447.0522674159158
DPM2,9.2139767993302
DPM3,28.14469690263766
DPYD,0.9100324559558766
DPYS,0.010163138603045309
DPYSL2,513.4562865446555
DPYSL3,36.71945069018094
DSTYK,4.879872873439188
DTYMK,2.821759776198583
DUOX1,0.06931699104605342
DUOX2,0.015908211470029857
DUPD1,104.06101552112109
DUSP1,179.219489295952
DUSP10,10.951585365681218
DUSP11,4.248887650001462
DUSP12,3.4282064633091234
DUSP13,147.16142247307405
DUSP14,0.6193211077835653
DUSP15,0.026257272458902126
DUSP16,7.78093806469147
DUSP18,0.059761574893992905
DUSP19,0.1627426466062501
DUSP2,3.3768142429467733
DUSP21,0.08186674790155296
DUSP22,17.776731594067286
DUSP23,42.96509722354076
DUSP27,175.80112476090716
DUSP28,4.426625826648672
DUSP3,1047.9085450020596
DUSP4,0.6977984998285834
DUSP5,1.226137875292505
DUSP6,2.978167172156124
DUSP7,3.829291994227357
DUSP8,5.311493520301619
DUSP9,0.09316830421993326
DUT,111.46754727446852
DYRK1A,35.4255812933765
DYRK1B,182.8660869918594
DYRK2,10.806300453649278
DYRK3,0.17896879526141485
DYRK4,2.7301075398326673
DZIP3,3.589041776870394
EARS2,0.7844229035590475
EBP,60.45710445356736
ECH1,749.658975502267
ECHDC2,12.46289489609167
ECHS1,282.6868117739416
ECI1,69.73327716473965
ECI2,117.35387861426558
EGFR,1.1351209614147268
EHHADH,0.10863585759852899
EHMT1,0.30985668211499234
EHMT2,0.2757165992727587
EIF2AK1,29.885774461080132
EIF2AK2,10.736041355118374
EIF2AK3,5.189351026661952
EIF2AK4,0.22814083233077753
EIF4EBP3,184.80266275851065
ELOVL1,1.953076673509539
ELOVL2,0.051769543873650396
ELOVL3,0.028889764644596173
ELOVL4,0.048929990680407556
ELOVL5,0.2254181127609116
ELOVL6,0.152001824104005
ELOVL7,0.1010541952435855
ELP3,2.044648117715288
ENGASE,17.19005639922468
ENO1,334.3110292788004
ENO2,1.784855591904702
ENO3,11456.326990952537
ENOPH1,87.04804758774128
ENPP1,0.4890828692627604
ENPP2,1.482810030453418
ENPP3,0.0024233092235200963
ENPP6,0.030274816522865892
ENPP7,0.2621620114119895
ENTPD1,0.4974717584909093
ENTPD2,0.17944146534346084
ENTPD3,0.09547715737577922
ENTPD4,6.598267451619315
ENTPD5,2.120255278968468
ENTPD6,9.080738471112392
ENTPD8,0.5085502988520169
EP300,2.3352651664851867
EPHA1,0.08919026285038086
EPHA10,0.002588567029994091
EPHA2,0.6285908078451826
EPHA3,0.08205033239269012
EPHA4,0.43616072768999986
EPHA5,0.11374458455259583
EPHA6,0.0014407426021169913
EPHA7,0.025033681513802492
EPHA8,0.11945315526060056
EPHB1,0.8685665383753717
EPHB2,0.0016511919525271038
EPHB3,0.2022053040029103
EPHB4,0.2255288343191995
EPHB6,0.38273734371287715
EPHX1,89.61558310223084
EPHX2,3.063997985402049
EPM2A,31.78625425061422
EPRS,54.92579564470718
EPX,0.061066614090169793
ERBB2,0.12785664372213498
ERBB3,1.0902823842906706
ERBB4,0.30746475639473786
ERN1,2.3076607648580665
ERN2,0.0022129443183289727
ESD,784.0871441277242
ETFA,5383.352037756857
ETFB,1505.10296506477
ETFDH,50.61168578687412
ETNK1,1.9199840481974342
ETNK2,0.208360161137408
ETNPPL,0.1390649858452387
EXT1,0.453346819087942
EXT2,4.0895100712170525
EXTL1,0.952624067911044
EXTL2,1.0935531378968215
EXTL3,8.909516895379864
EYA1,0.30553172359115016
EYA2,0.15083458622663762
EYA3,0.875366968069188
EYA4,12.98786023766618
EZH1,28.67153464304713
EZH2,0.02757021995856535
F13A1,1.846259012563825
F13B,0.952082265681838
F2,0.0023643654151773844
FAAH,7.205240658502889
FAAH2,0.023888350459509346
FABP1,0.19662336815915682
FABP12,0.07361943011456162
FABP2,0.004652328797023223
FABP3,1684.970578957581
FABP4,130.41872295382828
FABP5,297.9788066940793
FABP6,0.974167366043698
FABP7,0.039067833251525755
FABP9,1.0553661478381027
FADS1,0.7102855985246288
FADS2,0.24366860060434753
FADS3,1.0619266370148424
FADS6,0.007802149574471314
FAH,8.901380057580152
FAM20B,9.205784137127232
FANCL,1.4578294002677323
FAR1,16.512586957783622
FAR2,0.13563207151220683
FARS2,2.0006363349281187
FARSA,1120.1793654493117
FARSB,2.9357066425763167
FAS,1.5541879894118151
FASN,11.85608099120279
FASTK,87.98255741802747
FAXDC2,0.6524036849413408
FBP1,0.12057508471044531
FBP2,394.639443651504
FDFT1,84.75338323945533
FDPS,7.840923876275797
FDXR,6.376732626487556
FECH,17.26982118040011
FER,0.15914583742197969
FES,1.864000844034385
FGA,6.990622680771628
FGFR1,6.586239802134712
FGFR2,0.023505542344248335
FGFR3,0.10551437296419641
FGFR4,1.533028141787621
FGGY,15.989634519084193
FGR,1.4441671276269972
FH,1973.1318816729909
FHIT,0.485285208945868
FHL2,6.343066555542513
FIG4,3.24280523103991
FITM1,188.68819903747365
FITM2,4.597697246588077
FKBP10,3.7418541869445203
FKBP11,0.5575822654360093
FKBP14,0.40642363606257104
FKBP1A,213.42073199031708
FKBP1B,0.1705565150054822
FKBP2,164.60927764491055
FKBP3,1803.0347796852204
FKBP4,493.317074339916
FKBP5,23.085054596300697
FKBP6,0.10950378332115708
FKBP7,2.773858402078445
FKBP8,25.79313576759595
FKBP9,22.452499648219682
FKBP9P1,0.3354345050980549
FLAD1,5.018984238874277
FLT1,2.064844409561126
FLT3,0.018261874340333738
FLT4,1.2090768645090348
FLVCR1,0.5622172837802714
FMO1,0.005177913170218078
FMO2,2.7905618153744616
FMO3,0.10707280145260913
FMO4,0.29236064380355115
FMO5,0.10745130072890605
FMO6P,0.001893505391609043
FN3K,19.233409012643456
FN3KRP,7.438696123845901
FNTA,34.53777103095978
FNTB,13.758034096415248
FOLR1,0.00820398397420809
FOLR2,1.5208474546612707
FOLR3,0.041627174697578664
FOSL1,1.859773469493326
FPGS,2.4450534358334934
FPGT,1.175101745911395
FRK,0.2428045170489307
FRMPD2,0.0015107814188188911
FTCD,0.021617543426513057
FTMT,0.3764543508002139
FUCA1,10.408819658945808
FUCA2,2.7832197038278776
FUK,2.7301075398326673
FUT1,0.5901895827864955
FUT10,0.12154491300338889
FUT11,1.337406989711072
FUT2,0.01795216886132967
FUT3,0.24163191121739452
FUT4,0.3187012519265899
FUT5,0.39312273333961184
FUT6,0.33433562982165704
FUT7,0.04696195391989397
FUT8,0.04138355555228082
FUT9,0.0012956099893113278
FYN,15.252905630196995
G0S2,121.78968615910733
G6PC,0.2573661812362027
G6PC2,0.003483648060003622
G6PC3,39.94087393742827
G6PD,24.316738385169803
GAA,37.74969892838496
GAD1,0.007735578898670585
GAD2,0.03730519390911924
GAK,1.630016485447528
GAL3ST1,0.4138119093906485
GAL3ST2,0.13876578010114057
GAL3ST3,0.02168246104374598
GAL3ST4,0.7501215480323153
GALC,4.389349328735838
GALE,0.455314063900528
GALK1,42.193654595283796
GALK2,7.8064257411266125
GALM,2.754806269247609
GALNS,1.2207040999274896
GALNT1,15.937277416303731
GALNT10,0.06385705854222418
GALNT11,5.188309570726628
GALNT12,0.0750786898195461
GALNT13,0.13507794190168348
GALNT14,0.0164718094232521
GALNT15,2.141980840745065
GALNT2,23.76483764030017
GALNT3,0.04394255679769901
GALNT4,0.084747401715496
GALNT5,0.0031154965843960937
GALNT6,0.0212458892832517
GALNT7,0.02672577826413516
GALNT8,0.0048052758809839545
GALNT9,0.006845809218840838
GALNTL5,0.003214857428612342
GALT,10.866787860596846
GAMT,310.9428785838436
GANC,2.934511353212466
GAPDH,23972.468297533585
GAPDHS,0.011681952958246637
GARS,246.38947184991642
GART,48.86472028826282
GATM,8.434357977859662
GBA,2.6653233765939635
GBA2,32.178242652161785
GBA3,0.3354345050980549
GBE1,62.87425102778992
GBGT1,0.1019430882042372
GC,0.1128901827185453
GCAT,101.35877842565775
GCDH,22.382326363139455
GCH1,0.9151517249991006
GCK,0.0027425273817721784
GCLC,3.8452144768216883
GCLM,47.60385540762342
GCNT1,0.08317195391509709
GCNT2,0.04374535373686995
GCNT2P,0.3354345050980549
GCNT3,0.010380395040084022
GCNT4,0.31163208535475223
GCNT7,0.019953888605048316
GCSH,14.15285322890343
GDA,0.11349595892143285
GDE1,19.912175511900585
GDPD2,0.007152659251142332
GFPT1,76.64560554679818
GFPT2,1.9182826501969088
GGCT,16.068235581327468
GGH,0.7487163482586745
GGPS1,244.24866860749287
GGT1,0.5755029653372258
GGT2,0.002046671636567646
GGT3P,0.0020657213397034238
GGT5,8.88743471248387
GGT6,0.030347992186013154
GGT7,6.780314551056237
GGTLC1,0.5642767148917974
GGTLC2,1.7831684152107201
GIF,0.3354345050980549
GK,1.020368409107652
GK2,0.9456388863331135
GK3P,0.3354345050980549
GLA,3.365366391801102
GLB1,4.096456825095846
GLB1L,0.41126064351094144
GLCE,0.05256370133752797
GLDC,0.05275053552048114
GLIPR1,0.30342579438209494
GLO1,1718.1270150753664
GLRX,514.4542333895434
GLRX2,13.96391823442766
GLS,25.48566605820579
GLS2,0.14136323647557822
GLT6D1,0.06930364432416915
GLT8D1,0.5400940371563142
GLT8D2,0.48953383834216396
GLTP,13.884908478558895
GLUD1,547.7172445274985
GLUD2,0.1378191614048984
GLUL,12.522448789626416
GLYAT,0.013654584417350622
GLYCTK,0.8375485854423391
GM2A,1.4578294002677323
GMDS,8.874962944467923
GMPPA,12.493874532848075
GMPPB,36.13539071212572
GMPR,424.77721970041756
GMPR2,31.15983343191159
GMPS,58.71543822693041
GNE,2.457190106107157
GNMT,1.0052933029748934
GNPAT,82.06004835649337
GNPDA1,20.437241076105288
GNPDA2,2.2153061851075577
GNPNAT1,18.821406519433506
GNPTAB,4.646524764211449
GNS,16.09868885431112
GOT1,18128.19931081347
GOT2,6971.591154492969
GPAA1,106.8282680275124
GPAM,0.11001936629202463
GPAT2,0.7277030383068046
GPAT3,0.6582069289240687
GPAT4,1.352005973421296
GPCPD1,4.1024130934943575
GPD1,543.1283889799162
GPD2,107.83960789322619
GPHN,17.43874166939952
GPI,2803.8644947574467
GPIHBP1,6.8243314045734245
GPLD1,0.11994554534148506
GPT,11.060807197274942
GPT2,12.36340383172031
GPX1,60.92644393809801
GPX2,0.02990947862605544
GPX3,2054.5593040237163
GPX4,418.7533105397532
GPX5,0.793289329058847
GPX6,0.006018475877015067
GPX7,3.7326176757065226
GPX8,0.30301665253181287
GRHL1,0.36747915998633235
GRHPR,39.866647347915745
GRK1,0.0009618571339747166
GRK2,4.014622265826703
GRK3,1.2623639556998993
GRK7,0.05242312236946347
GSR,162.14367821040503
GSS,104.08206361152715
GSTA1,0.014191781455433474
GSTA2,5.619549002346362
GSTA3,3.8201241689736465
GSTA4,12.388261385369486
GSTA5,0.58469847618054
GSTK1,36.80093832090218
GSTM1,86.2449756638217
GSTM2,41.84741785908187
GSTM3,127.98029744726192
GSTM4,15.963451601505625
GSTM5,4.265392547337832
GSTO1,1775.3593407210947
GSTO2,0.22572363175190083
GSTP1,5137.949179932806
GSTT1,49.44679004852811
GSTT2,1.2487013148700252
GSTZ1,20.980604572574514
GTF2F1,5.198973378240094
GTF3C4,1.1085969899995083
GUCA1A,0.01700031581228111
GUCY1A1,2.9663227089166733
GUCY1A2,0.4633914402352725
GUCY1B1,1.0453859436592674
GUCY1B2,0.014260795395864018
GUCY2C,0.1407129546458825
GUCY2D,0.002814536722881941
GUCY2F,0.13808747592085474
GUK1,69.01438747638262
GUSB,1.9941868806820178
GYG1,768.6090499751914
GYG2,0.3171078807766749
GYS1,375.1695238537123
GYS2,0.024153568065806864
H6PD,29.52951645500859
HAAO,0.8954382802493136
HACD1,0.6699772991826155
HACD2,3.095013644366691
HACD3,4.330319334841662
HACD4,0.5979568033382378
HACE1,0.7026492384557573
HACL1,15.584784928901968
HADH,3477.9636055867304
HADHA,2164.520171057279
HADHB,651.6577834175803
HAGH,82.24910541388559
HAGHL,0.11134646619894736
HAL,0.0033639040917956896
HAO1,0.007060045360245527
HAO2,2.123937704953015
HARS,99.709155272927
HARS2,25.52443301701567
HAS1,0.00527771563655706
HAS2,0.0025575512726907644
HAS3,0.08973744000868251
HAT1,108.43666253003262
HCCS,37.43808909377536
HCK,0.6380915624397504
HCST,0.8382673184745124
HDAC3,1.033957567574155
HDC,0.4165534166119978
HDLBP,181.39633455290206
HECTD1,13.313805429839874
HECTD2,1.162796232561539
HECTD3,3.175578454163508
HECW1,0.024780564347883876
HECW2,0.09723623788136133
HELZ2,0.5529550711437146
HEPH,0.054187814504504744
HERC1,0.7441909586890147
HERC2,0.2443404292456684
HERC3,3.641294712797371
HERC4,3.1072090433976443
HEXA,20.768115122818063
HEXB,1.747284209838971
HEXDC,0.3354345050980549
HGD,0.036314273614857125
HIBADH,96.4908181893302
HIBCH,3.7034221027271204
HIF1AN,27.789623264006554
HIGD2A,31.249222990045638
HIPK1,19.888203005308803
HIPK2,9.375790894177717
HIPK3,48.95308231803133
HIRIP3,0.32587282180819194
HK1,666.239980164363
HK2,33.80713171896165
HK3,0.6922631870167797
HKDC1,0.0010152896598335471
HLCS,2.1245967850588943
HLTF,0.029143644573956975
HMBS,50.241483317309175
HMGCL,174.33899452828112
HMGCLL1,0.019230728518043725
HMGCR,2.33153234570682
HMGCS1,17.336349138419447
HMGCS2,2.4749017618184173
HMOX1,857.8235239026278
HMOX2,45.023005820497275
HNMT,0.32871123618145065
HPD,0.031008182871412836
HPGD,0.1858206985578798
HPGDS,0.03360256648445227
HPRT1,642.7864387450193
HS2ST1,4.066187074455353
HS3ST1,0.041939625064875426
HS3ST2,0.05026457676306122
HS3ST3A1,0.010312769358587444
HS3ST3B1,0.07341046076165723
HS3ST4,0.012466929075615836
HS3ST5,0.0739364455353172
HS3ST6,0.3354345050980549
HS6ST1,16.68663474206684
HS6ST2,1.6649906909732133
HS6ST3,0.030567734415224028
HSD11B1,3.4648423835273983
HSD11B1L,2.2451273618683287
HSD11B2,0.20598015706025893
HSD17B1,0.18921303753563956
HSD17B10,99.0455353169454
HSD17B11,17.553741057347686
HSD17B12,114.81082253058173
HSD17B14,0.3189374449791293
HSD17B2,1.9024599930670496
HSD17B3,0.04084813731942402
HSD17B4,30.87045196230891
HSD17B6,0.005592387199447981
HSD17B7,0.31827356691462644
HSD17B7P2,0.3742382024048526
HSD17B8,1.9799485207298113
HSD3B1,0.8561440324619417
HSD3B2,0.9278984217862639
HSD3B7,23.48132853108031
HSPG2,0.07042106962675791
HTATIP2,39.919391239483765
HUNK,0.009679219583304106
HUWE1,4.7285828282746625
HYAL3,0.28917326964706647
HYALP1,0.3354345050980549
HYI,5.191434066076124
HYKK,1.4177212849984306
IARS,778.3706339248238
IARS2,50.42067410099643
ICK,1.5484853068815365
ICMT,53.38193420153564
IDH1,2.6699243556201537
IDH2,728.2425584174082
IDH3A,732.1656894181085
IDH3B,379.33094915460805
IDH3G,165.06381857409616
IDI1,96.45307287722244
IDI2,68.30525683654736
IDO1,0.6191100009196162
IDO2,0.0022344505238796196
IDS,14.408773439744982
IDUA,1.1206986690025942
IGF1R,2.8734300404375026
IKBKB,15.026749724135653
IKBKE,0.1814926253966057
IL4I1,0.2650150749255032
ILK,14.572495825532972
ILKAP,31.300792299507204
IMPA1,129.17470716902451
IMPA2,325.5303510701517
IMPDH1,3.166604439353924
IMPDH2,411.0453902653793
INMT,0.67639937993298
INPP1,229.54504454942696
INPP4A,1.690651230902035
INPP4B,1.4522005901351493
INPP5A,32.43506967433809
INPP5B,18.81290913769228
INPP5D,0.6660939348186787
INPP5E,5.630268289233521
INPP5F,0.16901680543203831
INPP5J,0.09289682060695335
INPPL1,11.028269868114345
INSL3,0.016068831604247245
INSR,12.177296926930156
INSRR,0.010927575295132773
IP6K1,11.036516636453328
IP6K2,7.597043868239289
IP6K3,375.88069966551086
IPMK,1.3042924184020277
IRAK1,105.76958874292126
IRAK2,4.200944438080043
IRAK3,0.6401321916197946
IRAK4,1.2269145294273092
IREB2,12.487792976148084
ISYNA1,13.432657554037426
ITK,0.15505536696177558
ITPA,201.91394105645406
ITPK1,13.365506477092707
ITPKA,0.12965465214019511
ITPKB,2.5756491643695534
ITPKC,8.253116682854676
IVD,253.09774761200904
JAK1,60.07246525541989
JAK2,3.743334387557357
JAK3,0.7627923790547575
JMJD7-PLA2G4B,0.19276672646590834
KALRN,1.5103068812434373
KANSL3,45.493379983782475
KARS,1129.370821451988
KAT2A,18.259691568410982
KAT2B,42.6771223622532
KAT5,30.228181882798026
KAT6A,7.1085095709901385
KAT6B,2.4123535878424374
KAT7,28.038928400631136
KAT8,39.55154855526324
KCNJ11,238.35010225551363
KCNJ8,5.056392023565307
KDR,5.791879412613961
KDSR,6.64861317644116
KHK,0.45779144216136647
KIT,0.23739788442017853
KL,0.11738593227596561
KMO,0.36449445000297004
KMT2A,2.961432434204178
KMT2B,0.3354345050980549
KMT2C,9.895498464771222
KMT2D,10.229155337429974
KMT2E,12.004117422655185
KMT5A,0.08744585611927874
KMT5B,0.052531638327043204
KMT5C,0.3350355754164824
KPNA6,77.61246869068405
KYAT1,0.41426786262502635
KYAT3,10.315561941178165
KYNU,0.033229359254761635
L1CAM,0.08900802189110449
L2HGDH,1.9540762089805142
LALBA,0.09996023381633702
LAP3,725.7933673959556
LARS,447.01736562335475
LARS2,2.60005809067859
LATS1,0.26397955826948977
LATS2,9.349956095837502
LBR,11.987223584141143
LCAT,2.3386149878671194
LCK,0.3608058638170457
LCLAT1,0.6592415811636672
LCT,0.004374168105756186
LDHA,6595.413523018221
LDHAL6A,0.004812823739882082
LDHAL6B,0.0032125395263357705
LDHB,176.01437959562926
LDHC,0.01370749112641803
LDHD,69.87464151806896
LDLR,0.11855685348522804
LGALS13,0.16621830202908744
LGMN,49.661042444514024
LGSN,0.059118472577440906
LHPP,19.433810601053374
LIAS,1.4663813191101829
LIMK1,26.462889537649225
LIMK2,6.543632338106942
LIPA,2.2468840709316447
LIPC,1.2398895451585645
LIPE,3.0939679043989288
LIPF,3.357738887605179
LIPG,0.3762524657558821
LIPT1,1.3255609845719123
LIPT2,5.081268281906644
LMTK2,9.144970833689039
LMTK3,0.010548375141282195
LOC102724197,0.3354345050980549
LOC286297,0.3354345050980549
LOC344967,0.3354345050980549
LOX,0.599574587016676
LOXL2,1.2565011572197642
LPCAT1,0.2025765612132682
LPCAT2,0.5286286032836051
LPCAT3,28.215180601031054
LPCAT4,0.4809058869205834
LPIN1,51.53126598765458
LPIN2,1.052503736019173
LPIN3,0.24112971965251365
LPL,18.58311886193858
LPO,0.1697122996292287
LRAT,0.001166149407684039
LRP1,1.681948132574732
LRP2,0.002140142074532867
LRRK1,0.023102486599185165
LRRK2,1.8293942064111806
LRSAM1,2.824570124582018
LRTOMT,1.420921539309022
LSS,82.49359453075245
LTA4H,426.5767645864941
LTC4S,1.1193264282750504
LTK,0.32189285554639036
LYN,1.0781637709300982
LYPLA1,98.55407334041169
LYPLA2,46.16588559790221
LYZL1,1.4145390562382973
MACROD1,47.02719138128117
MACROD2,0.128622863003493
MAGEA2B,0.1626710879648594
MAK,0.009292133877915625
MAN1A1,0.3650813923013592
MAN1A2,1.9499310592335866
MAN1B1,0.6584704879716079
MAN1C1,0.45874500735913315
MAN2A1,1.417195594956805
MAN2A2,43.22140497674811
MAN2B1,10.217200384258815
MAN2C1,99.02656169236272
MANBA,2.1864399721623458
MANSC1,0.8461816423174222
MAOA,179.2992052956091
MAOB,129.89721190085876
MAP2K1,464.16789522407555
MAP2K2,526.4434450720282
MAP2K3,62.49160281917015
MAP2K4,33.98811254072342
MAP2K5,7.677035014119648
MAP2K6,6.9988940143415475
MAP2K7,4.585628011007654
MAP3K1,0.8124724137875345
MAP3K10,7.949815172442639
MAP3K11,9.658561161295237
MAP3K12,1.258062310189425
MAP3K13,0.21340881745126755
MAP3K14,33.7711078775928
MAP3K15,0.002338263372197637
MAP3K2,17.24322457554765
MAP3K20,0.20179825659102824
MAP3K21,0.03839897316107535
MAP3K3,14.344706005742513
MAP3K4,6.812220996008352
MAP3K5,2.7749645352877232
MAP3K6,7.345803004090844
MAP3K7,0.5015443305809536
MAP3K8,1.921685752930927
MAP3K9,0.9129570373501914
MAP4K1,0.45188837119683717
MAP4K2,0.48753733186042847
MAP4K3,15.233906798728336
MAP4K5,11.279834678053215
MAPK1,268.7825301895958
MAPK10,0.057665821529594166
MAPK11,1.627884414217999
MAPK12,198.6916962200837
MAPK13,0.21020305347084908
MAPK14,25.96331231482273
MAPK15,0.01555920335902744
MAPK3,57.54317817339946
MAPK4,0.13931442404393635
MAPK6,27.54077223635091
MAPK7,2.062254369389069
MAPK8,5.471030529551222
MAPK9,5.282040162267537
MAPKAPK2,4.690369926806328
MAPKAPK3,240.620771956492
MAPKAPK5,18.907695257659807
MARCH1,0.4009641141443955
MARCH10,0.0182836997897873
MARCH11,0.007982758707868126
MARCH2,61.860274488303695
MARCH3,3.2636415646730956
MARCH4,0.015927672131572573
MARCH5,11.850475936282459
MARCH6,31.290143927083825
MARCH7,52.81365369381702
MARCH8,3.7979887831197736
MARCH9,5.897509900097094
MARK1,0.7445039687844137
MARK2,9.794111904655882
MARK3,41.30671832696215
MARK4,42.917074069121284
MARS,75.5574849126806
MARS2,3.3815865133350687
MAST1,0.0044508089667612055
MAST2,82.6997111789049
MAST3,0.2284240112913408
MAST4,2.857739435564454
MASTL,0.0316147127213942
MAT1A,0.0011820137441820497
MAT2A,234.03357582852644
MAT2B,100.06350737493639
MATK,0.025615704178105148
MBOAT1,0.6258757340376337
MBOAT2,0.2474503549809035
MCAT,17.720449388047978
MCCC1,7.015367374314331
MCCC2,27.041129991104533
MCEE,11.170248854468486
MDH1,6204.914908539117
MDH1B,0.3861109906552055
MDH2,14192.072110606465
MDM2,0.022565115859892865
MDP1,117.47885732126288
ME1,1176.5414682578626
ME2,68.63325461832588
ME3,7.322337634419281
MECR,10.963710228962517
MED1,0.4493362948033971
MELK,0.0007669602855835641
MERTK,0.4850922685851879
MET,1.718027509265996
METTL1,16.89031679680613
METTL3,14.614178221528782
MGAM,0.02032423607653527
MGAT1,20.61633036468677
MGAT2,1.0135729106091251
MGAT3,0.36401807361928373
MGAT4A,1.2207040999274896
MGAT4B,17.669766137660698
MGAT4C,0.3354345050980549
MGAT4D,0.02696149145334556
MGAT5,1.132148456645495
MGAT5B,0.02491408876539188
MGLL,12.475342672672358
MGMT,4.795230160562413
MGRN1,28.848586547135028
MGST1,11.263393622843532
MGST2,23.666331443852712
MGST3,38.01497945829321
MIA3,10.637302412113767
MIB1,2.619981385831838
MIB2,36.84748356615896
MID1,0.17723784597197273
MIF,8.724756600275542
MINK1,0.07616176802982717
MINPP1,3.0789755276329003
MIOX,0.03764002098229772
MIP,0.03852922737744857
MKNK1,10.50489988630826
MKNK2,4095.9334108829266
MKRN1,76.87146325807598
MKRN2,37.85888631930232
MKRN3,0.11565376458059205
MLKL,3.258556829867092
MLYCD,118.73031548530189
MMAA,1.8403527505898671
MOCS1,17.389608929412244
MOCS2,14.331899492139158
MOGAT1,0.04327280441381907
MOGAT2,0.06171353466959499
MOGAT3,0.06832763191888709
MOGS,50.2209641226161
MOK,0.32556524108242924
MOS,0.013816547491519495
MOXD1,0.018804772132504713
MPC1,132.2071030851763
MPC2,92.16997539054145
MPI,19.94296966389178
MPO,1.3564050246232011
MPST,2870.632257156839
MRPL58,13.330417578133794
MSMO1,2.1003076656781743
MSRA,4.256888928286352
MST1R,0.10839873502587412
MT1A,18.839980996721906
MT2A,6058.040893345598
MT3,0.28362696535191284
MT4,0.3354345050980549
MTAP,95.25006773514858
MTFMT,8.223369118590325
MTHFD1,321.93105958156815
MTHFD1L,0.30582444787953106
MTHFD2,9.70798255705561
MTHFD2L,1.753895729392251
MTHFD2P1,0.3354345050980549
MTHFR,4.820292360687088
MTHFS,11.10942087134292
MTMR1,2.9736311240257036
MTMR14,55.19520376553051
MTMR2,0.2923441560471355
MTMR3,0.41719586991338986
MTMR6,5.087365986075049
MTMR7,0.3825534999755715
MTMR8,0.030018985217547246
MTPAP,7.191882643973805
MTR,0.500545788120325
MTRR,11.942390176684713
MTTP,0.07946019149576335
MUL1,52.81365369381702
MUSK,0.5901895827864955
MUT,0.3354345050980549
MVD,23.90747874225613
MVK,7.047495354330221
MYBBP1A,75.3988761243532
MYCBP2,0.0904462532137613
MYLIP,20.78192495769824
MYLK,0.07603173874147601
MYLK2,233.59602039398848
MYLK3,2.0994412490647685
MYLK4,2.3297623682499733
MYO3A,0.0010373412581561145
MYO3B,0.003483648060003622
MYO5B,0.07231712147126916
NAA10,103.50551524762818
NAAA,2.0071585654142314
NADK,4.65976691051761
NADSYN1,2.449843431646199
NAGA,1.9225367202721693
NAGK,4.7199619502865255
NAGLU,11.536625700242114
NAGPA,4.939601725259802
NAGS,0.03067772628606322
NAMPT,436.9611273629723
NANP,0.9985851409701144
NANS,75.80755345608793
NAPRT,25.164291606310147
NAPSA,0.05546734831346097
NARS,3564.208101622581
NARS2,6.232913890570206
NAT1,0.45606545298763207
NAT2,0.12468797835378152
NCOA1,19.151874578132727
NCOA2,0.23710054048180892
NCOA3,2.667373988079901
NCOA6,5.82811274437781
NCOR1,0.10195639144953036
NCOR2,1.8432503176599837
ND1,0.7496282848946749
ND2,6.647572110665278
ND3,3.518721426725826
ND4,15.91921099634504
ND4L,0.3354345050980549
ND5,3.9860139175064595
ND6,2.1511623729121254
NDST1,5.643170408827716
NDST2,6.45858669953081
NDST3,0.019462942544334894
NDST4,0.024005586560330774
NDUFA1,1027.7711854887943
NDUFA10,64.29908027316954
NDUFA11,94.67142078114058
NDUFA12,25.8220220618628
NDUFA13,1030.7856338495585
NDUFA2,21.063938882371176
NDUFA3,13.880821758261453
NDUFA4,73.219228875107
NDUFA5,49.72764082362052
NDUFA6,99.76884437323544
NDUFA7,10.65657407549486
NDUFA8,122.62191152452105
NDUFA9,70.31427302527779
NDUFAB1,242.92459922677892
NDUFB1,146.99691819381468
NDUFB10,419.33780917892636
NDUFB2,72.58935453583697
NDUFB3,234.0616189633463
NDUFB4,273.55773418561625
NDUFB5,176.99624021116367
NDUFB6,39.464183211192235
NDUFB7,357.69917654125874
NDUFB8,94.42655483370193
NDUFB9,78.78473620119048
NDUFC1,103.14189512246232
NDUFC2,66.13972993808363
NDUFS1,104.18337613054435
NDUFS2,97.69007480091268
NDUFS3,386.06832097118087
NDUFS4,176.22768699873853
NDUFS5,1145.996803434349
NDUFS6,27.31697291697275
NDUFS7,48.86579871581795
NDUFS8,102.12679423373068
NDUFV1,135.69024763740507
NDUFV2,276.1352062243401
NDUFV3,34.85696119306269
NEDD4,15.882801568534223
NEDD4L,3.5256953620878524
NEK1,1.0978704744113172
NEK11,0.2826470902436693
NEK2,0.19030571978057356
NEK3,2.3120776554383276
NEK4,1.9463948414946775
NEK5,0.00915426346477019
NEK6,0.22661683697862645
NEK7,31.287959775327
NEK8,0.09970052754604407
NEK9,3.218796151003348
NEU1,28.200484341565407
NEU2,0.07868648115252536
NEU3,7.317869772400397
NEU4,0.06771896887989987
NEURL1,0.14715923590013888
NEURL1B,4.910748654577784
NGLY1,33.75586424725934
NHLRC1,2.8743535610919406
NIT2,805.8824464727755
NKTR,14.601323117637842
NLK,1.8606187881930534
NLN,64.7098500115942
NME1,1455.2233534172913
NME2,281.45765578880633
NME3,16.62062247719137
NME4,10.691333033303062
NME6,0.4773314766514994
NME7,0.20671845223248395
NMNAT1,4.960232082127712
NMNAT2,0.03218892284995614
NMNAT3,5.606116568697298
NMRK1,4.855200815387843
NMT1,79.31199112193407
NMT2,1.8022714541101157
NNMT,57.05459187987272
NNT,75.19927786195123
NOL9,10.050130631256554
NOS1,8.108019218423408
NOS2,0.035481169063168706
NOS2P1,0.3354345050980549
NOS2P2,0.3354345050980549
NOS3,1.0834622735815693
NOX1,0.0108236175897502
NOX3,0.09198887034239282
NOX4,0.13251302224523612
NOX5,0.0037399863834758356
NPAS2,4.147141088353076
NPC1,7.412930887726598
NPC1L1,0.03259686230544755
NPR1,1.166638873852313
NPR2,5.141488140236057
NQO1,89.74544153686251
NQO2,200.05314195529695
NR1D1,178.36364401672452
NRF1,1.4814837778890941
NSD1,8.122847630773533
NSD2,0.8117852405670956
NSD3,0.8238692165195934
NSDHL,370.84707120006067
NSF,60.79385621312648
NT5C,99.84189309769492
NT5C1A,19.369456020848254
NT5C1B,0.010978141834036677
NT5C1B-RDH14,0.037698419756150243
NT5C2,76.19980514529313
NT5C3A,43.23743450036354
NT5DC3,7.4304811918607765
NT5E,0.42386117386812194
NT5M,6.2448074950100265
NTAN1,1.1172014720170558
NTRK1,0.1444729308020667
NTRK2,0.18275722888203713
NTRK3,0.0776395042449566
NUAK2,0.8246329023799015
NUDT10,0.005887099167329129
NUDT11,0.03222596502941968
NUDT12,2.9002366036766074
NUDT2,30.16857581238485
NUDT3,30.09441113791313
NUDT4,24.877068368825867
NUDT5,12.917769949961503
NUDT9,10.605357300208757
OARD1,7.396137277361036
OAT,220.23192028933082
OBSL1,1.8950814239666938
OCRL,10.2052482757353
ODC1,20.601197033610962
OGA,13.207835039605774
OGDH,1770.3971453729982
OGT,41.574583678025704
OLAH,0.8033434226009533
OPLAH,16.38342044372692
OTC,2.3305572451444374
OTUD5,27.453051336392797
OXCT1,179.3178569646344
OXCT2,0.01135140256576384
OXSM,10.097807635234876
OXSR1,24.319659598328794
P4HA1,49.11753955413468
P4HA2,3.0641906627247857
P4HA3,0.011850970291548616
P4HB,597.027607499575
PADI1,0.038490813818347236
PADI2,369.1734210555898
PADI3,0.0033896590223573483
PADI4,0.10170901554548112
PADI6,0.3354345050980549
PAFAH1B2,228.99144426633003
PAFAH1B3,48.69706882006261
PAFAH2,10.56504103118068
PAH,0.0007681460127625394
PAICS,135.23039420096924
PAK1,51.84460685140738
PAK2,108.65220083082684
PAK3,0.020753885146826367
PAK4,0.06820735001938082
PAK5,0.1843105272396382
PAK6,0.4249877335552732
PAM,0.41956182733923014
PAN2,11.304307542664048
PANK1,5.588136927661399
PANK2,2.289128618022367
PANK3,4.478111720978901
PANK4,22.564746952972083
PAOX,0.8982355223387175
PAPOLA,2.2500219642343597
PAPOLB,0.0011205571263228744
PAPOLG,1.763088494489862
PAPSS1,4.092154264951277
PAPSS2,1.2783930618123966
PARP1,49.76651639419607
PARP10,0.942254104016394
PARP11,0.7054241534490716
PARP12,0.7333374568261494
PARP14,3.914660438383892
PARP15,0.08741665989360223
PARP16,2.063117642637759
PARP2,13.041571617945673
PARP3,16.8754286818523
PARP4,1.0436857503744985
PARP6,41.8155724557468
PARP8,0.3071717133054228
PARP9,2.7355922342944226
PARS2,1.2199282472676265
PASK,0.18714434463090246
PBK,0.05047916979689271
PC,27.882483467430674
PCBD1,84.16557530468656
PCBD2,6.980719751265207
PCCA,3.2645893152879775
PCCB,4.119769780075319
PCK1,0.33150621576210093
PCK2,0.49676080710051074
PCMT1,1789.1996981364234
PCYOX1,41.81184864797087
PCYT1A,22.268937064552897
PCYT1B,3.722585198742195
PCYT2,15.702104116083836
PDE10A,0.04712199189128516
PDE11A,0.4290609188601886
PDE1A,0.3136905907894667
PDE1B,0.5483357396753457
PDE1C,0.04147112799908576
PDE2A,2.8328550635750034
PDE3A,0.17378626281906775
PDE3B,0.03692262430625344
PDE4A,1.7664337395757952
PDE4B,8.036236671977097
PDE4C,0.14623445368835206
PDE4D,18.745264162581577
PDE5A,0.9777740076795483
PDE6A,0.017358881284795496
PDE6B,0.02344996617045937
PDE6C,0.10504304164507179
PDE6H,0.008780146106988285
PDE7A,31.680886196193924
PDE7B,0.6089895684677715
PDE8A,5.941369201511567
PDE8B,0.10414869716282839
PDE9A,0.5942080388390474
PDF,6.932416630228571
PDGFRA,1.5167916235751677
PDGFRB,25.36509807733047
PDHA1,469.58079425985875
PDHA2,8.963593332760542
PDHB,224.59504916368493
PDHX,50.873353930782415
PDIA2,0.14276590988596322
PDIA3,983.7195297578053
PDIA4,76.16379431707576
PDIA5,4.333155356336714
PDIA6,182.0016698753761
PDK1,0.13950192956359606
PDK2,166.47053944448592
PDK3,0.900760602059592
PDK4,866.5347450027032
PDP1,9.634931856354967
PDP2,0.3679654589898068
PDPK1,1.2222051693632088
PDPR,11.487636820671737
PDXK,3.480198501316295
PDXP,1.7654695176323802
PDZD4,0.2857620147603608
PEAK1,2.503603159637139
PECR,13.322381845646307
PEMT,16.38342044372692
PEPD,29.04996441730851
PEX11A,3.311097470336269
PFAS,28.173734954840246
PFKFB1,20.67149861340293
PFKFB2,21.808984485239748
PFKFB3,570.0838004962488
PFKFB4,0.08182638050176519
PFKL,16.40974193834266
PFKM,2759.7861921947924
PFKP,409.51301885257135
PGAM1,6.946780369461493
PGAM2,92.14558842160893
PGAM5,53.50948097682591
PGAP1,0.32758271917903486
PGD,822.1429610104439
PGGHG,0.02991860446325157
PGK1,321.4824050313559
PGK2,0.007531054235538047
PGLS,309.9299116225769
PGLYRP1,0.2525081318308596
PGLYRP2,13.13342928945454
PGLYRP3,0.01572942767765221
PGLYRP4,0.2601296063498426
PGM1,5599.878110546535
PGM2,15.210877287218155
PGM2L1,1.910630159345863
PGM3,12.278907503896948
PGP,152.37998680714816
PGS1,9.95491463820676
PHEX,0.03390174097347052
PHGDH,16.873418887896584
PHKA1,4.615450735510204
PHKA2,3.0855328696480333
PHKB,39.58303553333563
PHKG1,92.07649330641446
PHKG2,3.6074095443164342
PHLPP1,1.7147282102794674
PHLPP2,0.6346934629913366
PHOSPHO1,0.3434531466836891
PHPT1,82.48028442527963
PHYH,407.50034341186614
PHYKPL,9.184724102060521
PI4K2A,0.9385670525364179
PI4KA,1.5406075239661643
PI4KB,1.1430322873120402
PIGA,2.9605032893049836
PIGB,0.560892196695185
PIGC,3.2068793191718794
PIGF,1.655079068155889
PIGG,2.899311397272649
PIGH,21.36361482572918
PIGK,4.7332463544213965
PIGL,1.062300072354827
PIGM,0.6204619501517142
PIGN,1.0344669033604443
PIGO,4.607860988537161
PIGP,5.007748124030906
PIGQ,15.976541969278584
PIGS,17.91030649676506
PIGT,14.857990483939183
PIGU,0.7488345316516831
PIGV,1.964327591567603
PIGW,9.481629321139781
PIGX,0.8630065060850949
PIGY,0.3354345050980549
PIGZ,2.5494844855932346
PIK3C2A,0.5258986912541253
PIK3C2B,2.3714288751761012
PIK3C2G,0.08873409730034958
PIK3C3,0.05547413589019318
PIK3CA,3.6713609677406525
PIK3CB,0.8959327163885686
PIK3CD,0.37314044131535634
PIK3CG,0.006176900746401831
PIK3R1,4.745457513149039
PIK3R2,5.80253150242744
PIK3R3,6.506533344129623
PIK3R4,16.078979658567654
PIK3R5,0.12305125997664211
PIKFYVE,3.6868986788756843
PIM1,49.41384487504695
PIM2,0.7663196963555307
PIM3,174.52270181092152
PIN1,611.7078726383985
PIN4,6.107772363667079
PINK1,317.14889243377445
PIP4K2A,1.1589561725365207
PIP4K2B,12.353995131474111
PIP4K2C,10.553007217225176
PIP5K1A,0.39714338684682776
PIP5K1B,0.029469190444286354
PIP5K1C,10.480863002311004
PIP5KL1,0.03677034405957058
PIPOX,0.12960548132745295
PISD,0.8790683967765412
PJA1,2.224945332945398
PJA2,54.92579564470718
PKLR,0.004361832093326381
PKM,1385.2237516809732
PKMYT1,0.053406601971370087
PKN1,110.01708655102505
PKN2,2.591063545027452
PKN3,1.2487013148700252
PLA2G10,0.04014957674600867
PLA2G12A,0.7111002801220663
PLA2G12B,1.1304561412675453
PLA2G15,97.151846740385
PLA2G16,66.93584076468098
PLA2G1B,1.7122342803165373
PLA2G2A,164.4065673944496
PLA2G2C,0.3354345050980549
PLA2G2D,0.00423150877323634
PLA2G2E,0.10480083352838437
PLA2G2F,0.017105401618544066
PLA2G3,0.004182540236150485
PLA2G4A,0.5093008180021201
PLA2G4B,3.7618597733347507
PLA2G4C,45.380030950799544
PLA2G4D,0.0029278034068990332
PLA2G4E,0.30430290478464145
PLA2G4F,5.1872681573125625
PLA2G5,0.11450190607246197
PLA2G6,3.2721733343080466
PLA2G7,0.03707503241092455
PLB1,0.15505536696177558
PLCB1,0.5227452391149119
PLCB2,1.6848499434661672
PLCB3,0.19375343865959266
PLCB4,0.9144200433624027
PLCD1,0.909301608986259
PLCD3,18.448346758345767
PLCD4,30.99024625377837
PLCE1,3.0649336463743473
PLCG1,1.0843255398820641
PLCG2,0.5260121214451587
PLCH1,0.07332287096528302
PLCH2,0.028822545805508575
PLCL1,3.073357208572521
PLCL2,20.506083951809217
PLCXD2,0.032374220315971564
PLCZ1,0.07175189323406331
PLD1,0.13236486518325163
PLD2,2.0613911696400296
PLD3,8.79525429365429
PLD4,0.0024145582101034496
PLD6,3.2059350010892453
PLG,3.615722070737719
PLIN1,10.649355707631244
PLIN2,163.54462644653472
PLIN3,60.07246525541989
PLIN4,497.9269931276322
PLK1,0.0745226395980349
PLK2,9.765038373731693
PLK3,4.039960324952899
PLK4,0.07048787312887399
PLOD1,6.791218718238555
PLOD2,1.255933007736447
PLOD3,6.717601087748135
PLPBP,1.3790311261442316
PLPP1,5.389883230682263
PLPP2,2.123055391477898
PLPP3,4.2032094621878
PLPP4,0.019762828557283812
PLPP5,0.0656688155578048
PLPP6,0.050042688733332445
PLPP7,1.1305815492037874
PLPPR2,0.3307009692228308
PLPPR3,0.9307949846236876
PLPPR4,0.11900942508124815
PLPPR5,0.012456429933028047
PLTP,24.79114619710845
PLXNB3,0.08841626320484484
PMM1,3.749809929125031
PMM2,25.26145256852757
PMPCA,39.79548535979165
PMVK,144.14312365924218
PNCK,0.2544806467282153
PNKP,10.235377378971126
PNLIP,3.373951538945484
PNLIPRP1,0.1366750221007362
PNLIPRP2,0.167132018074518
PNLIPRP3,0.018139233522564087
PNMT,7.36369162298038
PNP,135.10983704657752
PNPLA2,331.3975124853925
PNPLA3,0.8721881014721782
PNPLA4,15.052612775493126
PNPLA6,1.087156935126101
PNPLA7,6.56329033172008
PNPLA8,13.441298883741483
PNPO,12.724826876566855
PNPT1,6.627208318895496
POLA1,1.924944434184923
POLA2,0.5307805275924955
POLB,16.473091967780903
POLD1,0.28984516055648823
POLD2,10.90518843271419
POLD3,0.16575184032677578
POLD4,56.25859357277018
POLE,0.04758875752705721
POLE2,0.10598613293517985
POLE3,63.17017933797621
POLE4,10.480633973710672
POLG,18.89414845302708
POLG2,2.027783904840239
POLH,0.6387716248936005
POLI,2.149813052418687
POLK,3.0042370256827624
POLL,12.177296926930156
POLM,5.395340677006323
POLN,0.09737539028897772
POLQ,0.1698289273386032
POLR1A,1.115307245176022
POLR1B,0.36937940950965265
POLR1C,7.5178133303391315
POLR1D,38.60932067393955
POLR1E,12.335772255366866
POLR2A,3.6885862633535917
POLR2B,21.09575241119412
POLR2C,134.84194121036398
POLR2D,39.11847001293079
POLR2E,146.9542832347039
POLR2F,6.908122552835826
POLR2G,9.179967585344947
POLR2H,71.93662640646319
POLR2I,66.89078809677878
POLR2J,43.51028378904798
POLR2K,23.878434659574406
POLR2L,251.121726771806
POLR3A,0.2143417882227619
POLR3B,0.5831176398272111
POLR3C,0.5108974524543075
POLR3D,8.985145336727797
POLR3E,43.97609509679711
POLR3F,8.324141174006117
POLR3G,0.21627500443776507
POLR3GL,124.10943755883301
POLR3K,8.888596654686019
POLRMT,19.483386319414677
POMGNT1,25.178270863456184
POMT1,7.754935683215938
POMT2,18.34044001054401
PON3,0.06411953766094639
POR,80.47373782792512
PPA1,1133.1578664158883
PPA2,92.55235757912709
PPARA,4.920019105525324
PPAT,2.5229014737083104
PPCDC,1.6361155344229215
PPCS,53.59427009275976
PPEF1,0.007179213845140771
PPEF2,0.0475767992202525
PPIA,85.06599418506232
PPIAL4A,0.3354345050980549
PPIAL4C,0.3354345050980549
PPIAL4E,0.008248884085639124
PPIAL4G,0.021279931297458393
PPIB,492.63391522322127
PPIC,19.644927367173338
PPID,1458.9598531878062
PPIE,7.857246846691487
PPIF,153.16016765934094
PPIG,6.754411148241144
PPIH,356.176000147488
PPIL1,35.66225986787292
PPIL2,0.48684523583607786
PPIL3,21.093488108323363
PPIL4,1.7806732393684097
PPIL6,0.40784326534279064
PPIP5K1,2.9911963218034447
PPIP5K2,0.3850675842315837
PPM1A,4.784823824720926
PPM1B,47.28207301444031
PPM1D,5.266536408291226
PPM1E,0.6236199459250633
PPM1F,7.062585981743349
PPM1G,27.56955983702826
PPM1K,3.2059350010892453
PPM1M,1.3738675849875628
PPOX,1.126802276567545
PPP1CA,199.01094056081027
PPP1CB,466.63259287104876
PPP1CC,71.87759739736734
PPP1R1A,418.9172617814003
PPP1R1B,0.2781600667438891
PPP1R2,202.8668913915045
PPP1R3A,57.78483052378078
PPP1R3B,127.07645495657722
PPP1R3C,285.97870255145835
PPP2CA,155.13972106430313
PPP2CB,67.39168557279095
PPP2R1A,716.414376310793
PPP2R1B,7.735474485319022
PPP2R2A,70.59401390658822
PPP2R2B,0.014263934010401602
PPP2R2C,0.038183786403182776
PPP2R3A,10.806300453649278
PPP2R3B,52.98066654056966
PPP3CA,440.8279942634966
PPP3CB,86.59561985484802
PPP3CC,79.14884288724751
PPP3R1,276.99891234600784
PPP3R2,0.007500747415517228
PPP4C,66.98224399460634
PPP5C,44.81950717832789
PPP6C,583.9572103264406
PPT1,2.066189320439829
PPT2,10.24111313327622
PPWD1,14.977339814778272
PRAG1,0.3354345050980549
PRDX1,22730.163424376635
PRDX2,8209.73233943269
PRDX3,188.47190527381733
PRDX6,2677.782125210192
PREP,211.32636831294386
PRKAA1,15.936514994519056
PRKAA2,41.08449405186404
PRKAB2,161.97029587521706
PRKACA,1523.941789602522
PRKACB,6.004428781969381
PRKACG,5.25292276820224
PRKAG2,6.248052005509243
PRKAR1A,45.21064401327117
PRKAR1B,0.7494188811524869
PRKAR2A,105.03284711088553
PRKAR2B,4.963165381103449
PRKCA,2.839302314899902
PRKCB,0.06463128458516207
PRKCD,0.5324374147117767
PRKCE,2.8337759169235057
PRKCG,0.4497238722756322
PRKCH,2.290010411487627
PRKCI,1.0852713050397789
PRKCQ,47.985078075954995
PRKCSH,131.36563080016757
PRKCZ,0.02185690900598141
PRKD1,0.03737782393979701
PRKD2,4.752675668372753
PRKD3,6.848565336191886
PRKDC,1.0955467268384185
PRKG1,7.489158873079575
PRKG2,0.010978141834036677
PRKN,0.21524163632635238
PRKX,0.531247722008536
PRKY,0.001145628857239012
PRODH,23.637172903972854
PRODH2,0.047452249121563574
PRPF19,360.6181535502326
PRPF4,169.04803432493404
PRPF4B,38.72066864382605
PRPS1,1270.0996814403813
PRPS1L1,1.6993128857058533
PRPS2,0.3528309495708896
PRRT2,0.6408126957063403
PSAP,152.23879255920897
PSAT1,1.5650263058961023
PSKH1,11.377567241754162
PSKH2,0.0032171756708742247
PSPH,343.78649388401055
PSPHP1,0.3354345050980549
PTDSS1,17.044016466829497
PTDSS2,15.767358653349316
PTEN,3.9693554336376042
PTGDS,48.394769098197344
PTGES,1.358973111595507
PTGES2,212.00303874718287
PTGES3,2994.4497752604525
PTGIS,26.18269885490491
PTGR1,52.32446134620414
PTGS1,0.7607746727046761
PTGS2,0.11301757217066682
PTK2,1.0073200704786
PTK2B,0.5788342137210332
PTK6,0.06186929783843356
PTK7,0.0071155733917702465
PTP4A2,5.194799201182034
PTP4A3,992.1694894085433
PTPDC1,1.0389701610490418
PTPMT1,19.815305793113566
PTPN1,28.800206751352448
PTPN11,31.120344688983135
PTPN12,2.25727033030079
PTPN13,0.06672944478411877
PTPN14,5.459452934336358
PTPN18,4.492266251284286
PTPN2,5.023345939067328
PTPN21,3.122118446165221
PTPN22,0.05083296096402552
PTPN23,15.827828094765707
PTPN3,19.847148128788948
PTPN4,1.079677089582743
PTPN5,0.03078779843247921
PTPN6,0.9777740076795483
PTPN7,0.07179350741951661
PTPN9,0.12410704147273441
PTPRA,0.145822365951264
PTPRB,2.4614712051686323
PTPRC,0.6089895684677715
PTPRD,0.11253959695547865
PTPRE,0.5708458022632219
PTPRF,0.7515272834522594
PTPRG,1.7522253685128846
PTPRH,0.019541423143333268
PTPRJ,0.5881824374991463
PTPRK,1.971167900847219
PTPRM,10.456837326231254
PTPRN,0.011168934230644677
PTPRN2,0.09853656388513474
PTPRO,0.015097387222060553
PTPRQ,0.01605596992516371
PTPRR,0.043548331337821294
PTPRS,4.861366444561534
PTPRT,0.0009722056743773755
PTPRU,10.685532240313556
PTPRZ1,0.1150109759262925
PTRH1,0.12635077593557587
PTRH2,203.57219088685778
PTS,19.79243515686784
PUS1,3.553477564847692
PXDN,0.2438017927466156
PXDNL,0.15235743325180026
PXYLP1,0.3900283303635837
PYCR1,2.6662856817519835
PYCR2,238.1838521828047
PYCR3,18.52640291410028
PYGB,75.0834270630927
PYGL,2.2679863374337494
PYGM,6401.676552166737
PYURF,3.6083767969305964
QARS,327.75887905784606
QDPR,759.865720283602
QPCT,1.038219341868746
QPRT,2.213554527898413
QTRT1,23.21263815391512
QTRT2,3.0803803903498332
RAD1,0.956084216499655
RAD18,0.2806894129292698
RAD9A,2.786890267788066
RAF1,1.5174117177525908
RAG1,0.026033598172057422
RALBP1,21.29419511337821
RARS,227.9078715610137
RARS2,9.492718213441176
RBBP6,0.47636395340638815
RBKS,1.895343880586923
RBP1,20.918404847365764
RBP2,0.44262896504099397
RBP4,2.644474872624942
RCHY1,14.987972121159675
RCL1,6.436001451697015
RDH10,2.224945332945398
RDH11,34.397438234482685
RDH12,0.08991998351670226
RDH13,1.1650270159212277
RDH14,27.293604137960532
RDH16,0.04489163120260736
RDH5,5.3313830127383355
RDH8,0.3354345050980549
REG3A,0.03753302076135294
RENBP,0.5921981174988934
RET,0.08782530903797246
REV3L,6.639851809315491
RFC5,5.971142235720057
RFK,8.288539169764604
RFWD3,1.9822937041979392
RGL1,0.8816184740397727
RHAG,0.3012257575781964
RHBG,0.0017040230818185296
RHCG,0.46371003719284815
RING1,37.765293198958446
RIOK1,0.6075464808077758
RIOK2,0.19320295953214867
RIOK3,106.36603517109462
RIPK1,6.278356629137214
RIPK2,0.5039609809973181
RIPK3,2.8662723702093658
RIPK4,0.01077912627283686
RIPOR1,1.8350848174091228
RNF103,22.102269366661794
RNF115,29.707442813070873
RNF123,133.11322093049247
RNF125,0.5948783202770149
RNF126,74.26756829558556
RNF128,1.6106266197426673
RNF13,30.52657043594435
RNF130,6.951201197767895
RNF133,0.0038334519127573444
RNF138,4.463966285308974
RNF139,15.662977839957723
RNF14,24.619483570750916
RNF144A,1.0585300664054
RNF144B,37.56266997154601
RNF146,62.18804108377181
RNF149,7.02533493069138
RNF152,0.9555759518274749
RNF167,125.50156236390612
RNF180,0.5522946843409241
RNF182,0.02852950928285013
RNF185,15.09142430351886
RNF187,117.80577618164835
RNF19A,10.818392439103668
RNF19B,14.242319129749234
RNF2,3.6528074803818527
RNF20,2.9904485199742257
RNF216,14.17840321018587
RNF217,1.6865070402140523
RNF25,27.190230933549127
RNF31,36.42900808933764
RNF40,0.9673047333164939
RNF41,12.413129088686361
RNF5,43.783155852430035
RNF8,2.8116922640796425
RNGTT,2.0487459950115188
RNMT,82.66927105792496
ROCK1,2.4342407767881005
ROCK2,12.437145382548756
ROR1,0.1656317995656963
ROR2,0.005687598715910709
RORA,14.15285322890343
ROS1,0.193097575725101
RPAP2,1.2768268073073998
RPE,16.137773971391333
RPE65,0.011728131313476612
RPIA,34.73962116531054
RPL14,2291.0068821554423
RPN1,335.19989350397526
RPN2,331.26878938979047
RPP14,63.681563880290874
RPS6KA1,1.5365185041741247
RPS6KA2,6.853894662479966
RPS6KA3,3.812072562027004
RPS6KA4,1.0479233465050453
RPS6KA5,3.7774745078643677
RPS6KA6,0.07341046076165723
RPS6KB1,3.410969775713317
RPS6KB2,36.41352769169227
RPS6KC1,0.22951291799423088
RPUSD4,9.413450772796313
RRM1,28.528908586416883
RRM2,0.11184499644973717
RRM2B,21.210952190186674
RTCA,18.853519894781677
RWDD2A,0.7634975776301262
RXRA,53.85085625145155
RYK,10.649355707631244
SACM1L,5.292664806580004
SAE1,195.2234276280325
SAP130,0.5130242741958259
SARDH,0.013366481877952677
SARS,231.9416897200879
SARS2,8.730857159647384
SAT1,26.986171469153252
SAT2,65.50231895728645
SBK1,4.927231913846819
SC5D,5.5121184981562115
SCARB1,2.9465732394336945
SCARF2,2.547682030342644
SCD,11.524374505803296
SCD5,0.0731915261716159
SCLY,1.908080712635568
SCP2,112.03155285156025
SDC1,0.08123691849631505
SDHA,1003.5069531297686
SDHB,565.8350007758096
SDHC,26.273250448064193
SDHD,8.249036066580109
SDR16C5,0.0032729151050203318
SDR42E1,0.008215204327510554
SDR42E2,0.02998247397658675
SDR9C7,0.19560703817085162
SDS,0.15312002133490782
SDSL,1.0000750538554593
SEC11A,291.80623325595036
SEC11C,1.8967429681184445
SELENOI,0.1784505883933933
SEPHS1,420.8650588918182
SEPHS2,49.51269379029407
SERPINA1,0.4164910687628429
SERPINA3,7.013152752791056
SETD1A,0.3161544801971223
SETD1B,7.211921555838256
SETD2,0.05021173788178993
SETD5,9.81243764440761
SETD7,12.679024186204435
SETDB1,0.20159723362525198
SETDB2,0.9005407799899635
SETMAR,4.1173114592782545
SFXN3,123.46195021341289
SGK1,6.681489209655655
SGK2,0.023027081163765686
SGK3,1.0157463307845926
SGMS1,1.525717357366114
SGMS2,0.7543403588543811
SGPL1,14.35085521613808
SGPP1,3.1927204928008823
SGPP2,0.3650496300104268
SGSH,7.16518175492601
SH3RF1,4.848009593826939
SH3RF2,31.33517918585936
SH3RF3,10.62525189405745
SHMT1,45.727284598625076
SHMT2,403.68570235828963
SHPK,2.295302622226745
SHPRH,0.6062965310603631
SI,0.18373547314711697
SIAE,13.340261732426175
SIAH1,3.6752441439425567
SIAH2,7.778676285400129
SIK2,21.127775665246048
SIK3,4.355454511928632
SIN3A,2.157677468566109
SIN3B,0.060743316552051986
SIRT1,9.646745037193552
SIRT2,197.8176719412912
SIRT3,8.588692941968054
SIRT5,7.253148219594609
SIRT6,7.033089463993787
SIRT7,7.079653154092077
SLC10A1,0.009824472008923448
SLC10A2,0.0027402832234692085
SLC10A6,0.06574289650707166
SLC11A1,0.9049190379371991
SLC11A2,3.612246334726986
SLC12A1,0.012290879439862689
SLC12A2,2.1582570527934775
SLC12A3,0.0006940599300429512
SLC12A4,0.14289209156080557
SLC12A5,0.003751942871148526
SLC12A6,0.08981907917805167
SLC12A7,0.6529669729036752
SLC13A1,1.3898493503991496
SLC13A2,0.0013991255927559233
SLC13A3,0.12631972334640276
SLC13A4,0.012230008928517853
SLC13A5,0.008578718586090809
SLC14A1,0.05746043446200083
SLC14A2,0.09174955121870516
SLC15A1,0.005826864767327354
SLC15A2,0.033229359254761635
SLC15A3,1.7522253685128846
SLC15A4,26.57899410173716
SLC16A1,29.717612394988333
SLC16A10,8.80037727943496
SLC16A2,1.7039265187985757
SLC16A3,11.573395158380647
SLC16A7,0.2401259747459178
SLC16A8,0.17509205544074238
SLC17A1,0.06505057075080632
SLC17A2,0.014797084619435076
SLC17A3,0.0480606884147512
SLC17A4,0.002120954231598687
SLC17A5,5.443673350570646
SLC17A6,0.03561924497624714
SLC17A7,0.44006623357254615
SLC17A8,0.023326127399307364
SLC18A1,0.058656845323138175
SLC18A2,1.622127660488321
SLC18A3,0.06214561646399096
SLC19A1,0.2712856587161171
SLC19A2,139.04355230614993
SLC19A3,0.021446897142412727
SLC1A1,0.5808348376461847
SLC1A2,0.047402324421938515
SLC1A3,1.3738675849875628
SLC1A4,8.332829955096978
SLC1A5,3.3263127221099946
SLC1A6,0.0008290857585357816
SLC1A7,0.6544535304658504
SLC20A1,18.13870503236666
SLC20A2,59.627186574449254
SLC22A1,0.5935379111613752
SLC22A10,0.10034501076203277
SLC22A11,0.20377100608576706
SLC22A12,1.368484858340572
SLC22A13,0.029581448516221055
SLC22A16,0.0011426229176837376
SLC22A18,0.6777758662163715
SLC22A2,0.020128789286269905
SLC22A3,22.046344190642074
SLC22A4,1.099389375803295
SLC22A5,12.874997652299326
SLC22A6,0.3332262579895881
SLC22A7,0.3754031874781076
SLC22A8,0.002116695046171419
SLC22A9,0.11807453767167743
SLC23A1,0.025111127064338625
SLC23A2,1.7798275966913464
SLC24A1,0.23739788442017853
SLC24A2,0.004870770510455415
SLC24A3,42.51730678482298
SLC24A4,0.006076467712922101
SLC25A1,123.56083456395577
SLC25A10,2.1681107796860073
SLC25A11,2870.2545836473646
SLC25A12,1988.5721709467236
SLC25A13,89.85590576504275
SLC25A14,1.651777871548997
SLC25A15,1.6848499434661672
SLC25A16,2.999578306937237
SLC25A17,2.4084470494029184
SLC25A18,1.659207447945874
SLC25A19,1.2300221457406493
SLC25A2,0.7617097541989009
SLC25A20,63.017647409879
SLC25A21,0.11897833494592543
SLC25A22,0.5384638321153338
SLC25A26,12.028826429030879
SLC25A27,3.5880755808690816
SLC25A28,83.24879604505784
SLC25A29,1.703096194962475
SLC25A3,4661.621127889085
SLC25A37,16.05512996154397
SLC25A4,5816.464815894647
SLC25A5,865.0934232678702
SLC25A6,129.79697006861102
SLC26A1,0.20538602652466362
SLC26A11,0.9445159849557959
SLC26A2,0.9342170567457125
SLC26A3,0.06060287969016613
SLC26A4,0.012382300241050337
SLC26A6,4.741425144827661
SLC26A7,0.004692348559827946
SLC26A8,0.01378225369737162
SLC26A9,0.49863557933720415
SLC27A1,2.2165951838485087
SLC27A2,4.602256097978344
SLC27A3,1.0449806842870903
SLC27A4,1.2865032482330243
SLC27A5,0.3600188489221818
SLC27A6,0.035481169063168706
SLC28A1,0.29346338534076666
SLC28A2,0.01356442800878645
SLC28A3,0.0076304134731962
SLC29A1,37.111465651765826
SLC29A2,26.288926884162507
SLC29A3,0.47963212513033104
SLC29A4,0.06979353535750364
SLC2A1,1.565343836785567
SLC2A10,0.13816776229153788
SLC2A11,5.4815599426743615
SLC2A12,1.8268672038051585
SLC2A13,0.12631972334640276
SLC2A14,0.04221340820481058
SLC2A2,0.7271472329221568
SLC2A3,44.39472074480986
SLC2A4,299.22300495784395
SLC2A5,14.884664982040157
SLC2A6,0.25329676308469823
SLC2A7,0.02769435809366143
SLC2A8,14.165627047826016
SLC2A9,0.04929324336297235
SLC30A1,2.3253386213501512
SLC30A6,4.186981884008493
SLC30A7,6.436666870094922
SLC31A1,2.591012288589465
SLC32A1,1.4740945089441455
SLC33A1,212.5007253847253
SLC34A1,0.052920680058348275
SLC34A2,0.03517920094306044
SLC34A3,0.012172238962277962
SLC35A1,12.004117422655185
SLC35A2,4.354146935506551
SLC35A3,1.9191333108454698
SLC35B2,0.5535160255033743
SLC35B4,0.5575822654360093
SLC35C1,2.6045833948001276
SLC35D1,3.034087576726987
SLC35D2,1.8134018755355539
SLC36A1,2.77129717343291
SLC36A2,53.683288350959906
SLC36A4,0.5463584428800855
SLC37A1,3.933354899780091
SLC37A4,15.052612775493126
SLC38A1,18.380841385796327
SLC38A2,20.121172442331467
SLC38A3,20.588757491955594
SLC38A4,3.627732913975422
SLC38A5,0.05148412897054918
SLC39A7,11.286430308210157
SLC3A1,0.15868458010441508
SLC3A2,72.55360873781326
SLC40A1,21.252565361651474
SLC41A1,19.97036447479252
SLC41A2,0.055591495635406045
SLC43A1,15.38965194155018
SLC43A2,12.500245805024129
SLC46A1,0.26888791758894165
SLC47A1,20.36844533792575
SLC47A2,0.13747073978190585
SLC4A1,0.004888434430903932
SLC4A10,0.15590695398661464
SLC4A2,3.8508432111711217
SLC4A3,0.17524888404414013
SLC4A4,0.9371572629188767
SLC4A5,0.5351813273865812
SLC4A7,0.3021133840793946
SLC4A8,0.0021145661067839576
SLC4A9,0.015428334234191867
SLC51A,0.46613282805079187
SLC51B,0.5728407866881655
SLC52A1,0.04712199189128516
SLC52A2,3.605475197348738
SLC52A3,0.24313975921329892
SLC5A1,0.004364298728793085
SLC5A10,0.00439392044842471
SLC5A11,0.00893683132776972
SLC5A12,0.0012015256827005649
SLC5A2,0.00967341865456983
SLC5A3,0.1255683507315296
SLC5A5,0.016727532677080454
SLC5A6,5.367012412578757
SLC5A7,0.00184782682190042
SLC5A8,0.0010112573516460098
SLC5A9,0.006935136879996687
SLC6A1,0.496502330612074
SLC6A10P,0.05303736159799696
SLC6A11,0.16250422749413002
SLC6A12,0.09133724565399125
SLC6A13,0.1618161928217069
SLC6A14,0.0021871929007547717
SLC6A18,0.020564936803086797
SLC6A19,0.1185497404542115
SLC6A2,0.001724420571297308
SLC6A20,0.12480528326433667
SLC6A3,0.01835103096892868
SLC6A4,0.01836094270979808
SLC6A5,0.10319845039380167
SLC6A6,0.5783811642465857
SLC6A7,0.0025752652521965165
SLC6A8,162.87253325544683
SLC6A9,0.040227073390446885
SLC7A1,1.0743823648089494
SLC7A10,0.10457214011768592
SLC7A11,0.0008759784040573797
SLC7A2,68.76297829570706
SLC7A3,0.04448941571177317
SLC7A5,2.6551442726928083
SLC7A6,33.344816695691954
SLC7A7,0.16042853394068984
SLC7A8,4.315992642678034
SLC7A9,0.017101116863452274
SLC8A1,0.01311548152562206
SLC8A2,0.2303568417103355
SLC8A3,6.455320239086891
SLC8B1,3.06212683781348
SLC9A1,1.7097410890137923
SLC9A2,1.6163750594097432
SLC9A3,0.18677353115489478
SLC9A4,0.314551529377227
SLC9A5,1.3738675849875628
SLC9A7,4.490243619357425
SLC9A8,19.80611051926665
SLCO1A2,0.000909201130134181
SLCO1B1,0.5745214485775751
SLCO1B3,0.04767210311424515
SLCO1C1,0.0009680272371909095
SLCO2A1,0.5795009323349778
SLCO2B1,1.7039265187985757
SLCO3A1,2.492832249293515
SLCO4A1,7.470087012806383
SLK,29.125186550235515
SMARCD3,38.49969598255264
SMG1,1.5622373501252909
SMPD1,81.38493455682938
SMPD2,2.1728619171984134
SMPD3,0.35331324360511385
SMPD4,7.24981660119118
SMS,94.98858330635333
SMURF1,14.101781412697383
SMURF2,3.9422164882453417
SMYD3,3.315653484021465
SNRK,6.8948785551167955
SOAT1,1.673712612316803
SOAT2,0.050345694850773164
SOD1,2157.708498889334
SOD2,1176.1063833015892
SOD3,8.75054313648375
SORD,0.40226374763053496
SPCS1,214.77812659961756
SPCS2,144.33954596040428
SPCS3,293.5689585454172
SPEG,46.22342104011549
SPHK1,2.138501725503355
SPHK2,0.35445532223661763
SPR,661.3468978796644
SPRYD3,19.05684024426345
SPTLC1,9.274933447310197
SPTLC2,0.3811060865158733
SPTLC3,0.02880806058209558
SQLE,0.01916801133442744
SRC,0.7566013494102559
SRD5A1,0.26831766585684286
SRD5A2,0.031008182871412836
SRD5A3,1.559079393489412
SREBF1,40.514183553399235
SRM,820.7327559750065
SRMS,0.014339302862127937
SRPK1,3.149681703307758
SRPK2,3.208768125022321
SRPK3,40.514183553399235
SSH1,8.866525038953656
SSH2,89.0396161262605
SSH3,1.857237982356535
SSR4,119.4638229755198
SSU72,361.5029441494549
ST3GAL1,20.464772575154157
ST3GAL2,7.286610283663307
ST3GAL3,36.19694282541165
ST3GAL4,0.6860467060831388
ST3GAL5,15.311739090678172
ST3GAL6,0.4481515150489148
ST6GAL1,2.76579798134063
ST6GALNAC1,0.10147505241010978
ST6GALNAC2,5.299985467872165
ST6GALNAC3,0.06728837703411694
ST6GALNAC4,15.259841930033891
ST6GALNAC5,0.005618343221957376
ST6GALNAC6,37.531516861045134
ST8SIA1,0.025619239864371573
ST8SIA4,0.09404697933198175
ST8SIA5,3.950096859027504
STAMBP,11.62078037143096
STAMBPL1,0.0898743405665407
STARD3,16.50193476780118
STK10,0.10226840341780735
STK11,74.67937915072012
STK16,0.9412627340482242
STK17A,7.701855530176955
STK17B,0.3902903457295226
STK19,6.25434713238993
STK24,20.61633036468677
STK25,15.78563529364424
STK26,0.629690691282171
STK3,4.913558209458935
STK31,0.029254156656876494
STK32A,0.021167634759381635
STK32B,0.04011083982709681
STK32C,2.0475899845368657
STK33,0.2699720736389922
STK35,5.955289595087817
STK36,0.6674661326391533
STK38,3.6598189508946692
STK38L,4.617012257112135
STK39,4.978907095276157
STK4,0.33644221420573084
STRA6,0.33287750988616466
STS,4.876787475606117
STT3A,1.8445753788885721
STT3B,41.3543695141155
STUB1,132.75117734603722
STYK1,0.017663213149607258
STYXL1,8.233663879517778
SUCLA2,380.11761905314785
SUCLG1,489.1604701674129
SUCLG2,2104.151666079025
SULT1A1,3.5128760100794967
SULT1A2,0.10509015545521966
SULT1A3,0.06403432704124211
SULT1B1,0.0067621107268791775
SULT1C2,0.0037567276385348067
SULT1C4,0.0379921487061199
SULT1E1,1.3273511575593253
SULT2A1,3.553854432798619
SULT2B1,0.1193166773512858
SULT4A1,0.02483676736458999
SUOX,6.728668938965023
SUV39H1,5.869730991788868
SUV39H2,0.48290670289622173
SYK,0.2832234038333826
SYNJ1,0.03810433414949004
SYNJ2,0.04622857395089
SYVN1,0.9843875412658766
TAF1,6.30759533176941
TALDO1,191.93863971742368
TAOK1,1.9201628804228028
TAOK2,9.516962400069987
TAOK3,5.29475621405626
TARS,85.7060896199078
TARS2,2.5369818512966495
TARSL2,22.273391892841726
TAT,0.009323788096808111
TBCB,62.02644500422615
TBK1,0.940479941136038
TBL1X,4.05735983412043
TBL1XR1,6.553428496696207
TBXAS1,0.07301647434100862
TCIRG1,10.052478116880799
TDO2,0.004131248499698184
TECR,140.7329678801034
TECRL,1.3381974848568237
TENT2,0.15316461371698084
TENT4A,0.45357387630786017
TESK1,58.074049396952404
TESK2,2.2284525866412013
TFRC,27.88359650285079
TGDS,3.5523636025511762
TGFBR1,7.553177744990417
TGFBR2,12.69983330976564
TGM1,0.13846670552724552
TGM2,29.648047222384754
TGM3,0.38979818224765395
TGM4,0.8030397362335248
TGM5,0.004050908623439101
TGM6,0.018105422639918517
TGM7,0.04808453529788695
TGS1,8.110300153869577
TH,0.3942180720015461
THNSL1,0.6319776444351166
THTPA,6.3471733910440795
TIAM2,0.7075067982365866
TICRR,0.02753562483174851
TIPARP,6.171357421938121
TK1,4.804907882485647
TK2,2.6553757221054366
TKFC,17.655218887752373
TKT,12.687340276090724
TKTL1,0.02431438318113739
TKTL2,0.004007222691003712
TLK1,5.115513611372098
TLK2,0.3691182541430733
TM7SF2,5.892165731050189
TMEM91,0.39010576962113425
TMLHE,3.2380734899465047
TMX3,4.718940387714156
TNFRSF21,3.105221896450226
TNIK,9.238563674841437
TNK1,0.03311756270878355
TNK2,23.325694266807037
TNKS,10.133595473063364
TNKS2,32.57120478070417
TNNI3K,1.1604918864706841
TNS2,1.434061794943761
TOPORS,2.9902652847273594
TP53RK,5.2654918197359235
TPH1,0.1705045234830383
TPH2,0.08567194949607831
TPI1,12827.449538375076
TPI1P2,0.23912308256094844
TPK1,0.3455526633423576
TPMT,6.835344661803478
TPO,1.7932419876166523
TPP1,22.508585470822606
TPSAB1,3.6888418307686086
TPSB2,1.8024762451320138
TPSD1,0.0057328388686603456
TPST1,0.6599261674134533
TPST2,10.300944683817914
TPTE,0.3354345050980549
TPTE2,0.04370593478866079
TRAF7,24.877068368825867
TRDMT1,0.21020305347084908
TREH,0.010002266600942927
TREX1,6.515767990790232
TREX2,0.12013917835184416
TRHDE,0.01512596907095416
TRIB3,0.5595677460669971
TRIM11,1.0487408380130498
TRIM32,3.522653654346305
TRIM33,3.1425111166521065
TRIM63,3385.296495782991
TRIO,0.6612460319960269
TRIP12,18.971385774727054
TRIT1,7.310052348952311
TRMT1,6.286768546096535
TRMT11,5.730175982280575
TRMT1L,16.88499000972189
TRMU,4.964360251063162
TRPM6,0.05038626386896315
TRPM7,3.2361811871289374
TSSK1B,0.20447763106973466
TSSK2,0.0231714118888251
TSSK3,1.8209736296402887
TSSK4,0.3725918068962155
TSSK6,0.34189519307988686
TST,23.89264202995256
TSTA3,71.42072152204825
TTC3,4.603794943963323
TTK,0.0017869893356482658
TTL,2.0160028933741567
TTLL10,0.07499069857576741
TTN,692.8326694222037
TUSC3,0.061187322148108576
TUT1,0.4894346248028062
TUT4,0.6950417161591614
TUT7,0.1907089895411479
TXN,448.3189623260438
TXN2,62.37583362975673
TXNRD1,195.00613908360327
TXNRD2,7.0308737054979655
TXNRD3,1.0412483263999048
TYMP,12.887528038317303
TYMS,1.568087040036307
TYR,0.0015225198905663205
TYRO3,0.2820710155787637
TYRP1,0.03397661876768307
UAP1,21.090209079679383
UAP1L1,0.9926300137958478
UBA1,494.9983740253504
UBA2,325.32476534684645
UBA3,38.008139399867005
UBA6,18.086666223605782
UBA7,3.4725187158031843
UBE2A,52.10637457485148
UBE2B,232.69269601471834
UBE2C,0.2433079660896288
UBE2D1,114.35681828382377
UBE2D2,56.0819708311658
UBE2D3,1273.5990091061117
UBE2D4,49.216267709135025
UBE2E1,53.28155957139351
UBE2E2,2.39911031068054
UBE2E3,12.649854365406483
UBE2F,2.204989456928374
UBE2G1,88.78589075388263
UBE2G2,16.648929159823666
UBE2H,238.0405568536095
UBE2I,399.95530408953755
UBE2J1,6.648398147463121
UBE2J2,25.37948102828847
UBE2K,386.9468036258936
UBE2L3,1795.1147060345675
UBE2L6,5.824907578327438
UBE2M,252.5063071956107
UBE2N,21.321957482951646
UBE2NL,0.3354345050980549
UBE2O,25.29320821475059
UBE2Q1,3.786315672128793
UBE2Q2,3.423197504351459
UBE2QL1,33.7711078775928
UBE2R2,22.909981739763097
UBE2S,8.239384322889165
UBE2T,1.411085369147109
UBE2U,0.023784263818109993
UBE2W,6.573123823732976
UBE2Z,39.383351972502005
UBE3A,44.65327238247036
UBE3B,10.73380638885984
UBE3C,5.80935947659849
UBE4A,1.4005820655422374
UBE4B,3.8177473032811218
UBLCP1,44.67515977860439
UBR1,0.7774797940625718
UBR2,4.641916344290626
UBR3,0.2248764218393249
UBR4,11.584919805724253
UBR5,0.9376937319778732
UBR7,29.94526654057948
UCK1,18.457564863753788
UCK2,4.215322837214156
UCKL1,29.144164443652144
UCP1,0.058364989262093596
UCP2,164.82736048165134
UCP3,520.9597062898881
UEVLD,5.1550054597054356
UGCG,6.961150152385877
UGDH,8.516831972938162
UGGT2,0.8010609599281073
UGP2,4724.430836456918
UGT1A1,0.5818457107151666
UGT1A10,0.14272264379251745
UGT1A3,1.0114790584917612
UGT1A4,0.0951329295757727
UGT1A5,0.4044927492424471
UGT1A6,0.17846484523713252
UGT1A7,0.817507176308654
UGT1A8,0.1293154038699776
UGT1A9,0.11549856641655931
UGT2A1,0.3354345050980549
UGT2A3,1.2389146853275619
UGT2B10,1.2536713325042186
UGT2B11,0.23720441855058141
UGT2B15,0.0024320666696705205
UGT2B17,0.027977665830946942
UGT2B28,0.6936387983112186
UGT2B4,0.004624855737279198
UGT2B7,0.1550237091590488
UGT3A1,0.5503144878616041
UGT3A2,0.0494868784154801
UGT8,0.0034648084895877685
UHMK1,17.376290866734426
UHRF1,0.02422423692175149
UHRF2,3.0116940326184776
ULK1,87.96403547676596
ULK3,19.58753576739381
ULK4,0.10631661935581666
UMPS,58.53525913269913
UPB1,0.09570824163079401
UPP1,1.4692548727516668
UPP2,0.3354345050980549
UPRT,2.39827922557036
UQCR10,146.5088476425593
UQCR11,168.37062175489746
UQCRB,234.8504160422118
UQCRC1,3929.654400972106
UQCRC2,5953.85245341096
UQCRFS1,1576.1609516126616
UQCRH,103.59360423839678
UQCRQ,217.4740291325495
UROC1,0.015472995965505226
UROD,48.324326888720584
UROS,36.56839184690154
USP1,8.214220420137227
USP10,4.25789048755756
USP11,21.725335479660234
USP12,6.30759533176941
USP13,143.36688362857294
USP14,171.41453795709137
USP15,6.156167317846288
USP16,39.01705188891544
USP17L2,0.7544524097088302
USP17L22,0.04998256910149056
USP17L30,0.050968258904732194
USP17L5,0.050968258904732194
USP17L9P,0.3354345050980549
USP18,3.1239969910935343
USP19,3.614019236806016
USP2,279.40270015632336
USP20,11.133743956386343
USP21,5.799335457483012
USP22,180.71921945707135
USP24,4.740237552246908
USP25,0.3375016552650079
USP26,0.08118014005684498
USP28,22.41037145404952
USP29,0.08228852752006045
USP3,0.365732469826159
USP30,0.2873336250801497
USP31,4.973651184102668
USP32,0.6136009169483211
USP33,11.51212595994739
USP34,9.33234977952583
USP35,1.6328220731199679
USP36,9.682202230745794
USP37,0.6096632069070892
USP38,11.597921342858962
USP4,1.737272051956962
USP40,0.19833762980403172
USP41,0.008105939275202288
USP42,1.62377202391035
USP43,0.0032241324361190807
USP44,0.09083383038394158
USP45,1.1130786601806166
USP46,2.944716909759948
USP47,9.807822158053137
USP48,0.17894206214137773
USP49,0.7564515670667272
USP51,0.2950318896884909
USP6,3.8881258450873744
USP7,61.93327348902425
USP8,0.47944219232137414
USP9X,9.487990872576939
USP9Y,0.0016654046401521484
UST,0.19785509324843717
UXS1,7.038629481434045
VARS,262.22703646776694
VARS2,65.12173537858278
VKORC1,8.616394986414422
VNN1,0.09621702644614392
VNN2,0.29462507715030267
VNN3,0.028377804714550176
VRK1,16.72769164931238
VRK2,2.9328158530341195
VRK3,5.6866393486340945
WARS,574.1599694838251
WARS2,5.783361553847271
WDYHV1,7.856784812205767
WEE1,3.320605340085948
WEE2,0.04696195391989397
WNK1,3.7339293407912177
WNK2,16.752700168639972
WNK3,0.023884864728876794
WNK4,0.016358771205469726
WWOX,0.5748371853474791
WWP1,61.963741659398856
WWP2,0.13543988527834622
XDH,0.08941486424890002
XPO6,0.12872613414770423
XPO7,17.336349138419447
XYLB,0.04011083982709681
XYLT1,0.19683746878201375
XYLT2,1.873307931959859
YARS,1069.0222391098287
YARS2,14.903914187313683
YES1,5.927455438915949
ZADH2,15.246873242687949
ZAP70,0.6130336686631955
ZC3HAV1,0.317054184577203
ZNRD1,6.720976691212056
ZNRF1,21.36361482572918
ZNRF2,2.6296959796753616
ZSWIM2,0.015679988656711358
