A4GALT,22.493082662290494
A4GNT,0.1418928201150738
AACS,23.376540545230686
AADAC,20.878744713874347
AADAT,3.0168904091942492
AAK1,10.34343086490915
AANAT,0.002106662638453108
AARS,403.15735213055547
AARS2,13.111329412491289
AASDH,6.66564322301908
AASDHPPT,7.941469802254638
AASS,17.685080889210173
AATK,0.9425231818575849
ABAT,1.369974882485411
ABCA1,8.565126249020794
ABCA3,4.24051169055819
ABCA4,0.22689824809382955
ABCA8,124.15133553471729
ABCB1,5.803839305595132
ABCB11,0.021122906046883154
ABCB4,0.11776118724579675
ABCB6,33.835935430073185
ABCC1,0.9904818165926925
ABCC11,0.0016880012847257815
ABCC2,0.14620546917160152
ABCC3,0.7460877253853333
ABCC4,1.6421368375644005
ABCC5,12.78181194708724
ABCC8,0.7562295047661814
ABCC9,7.68932973531151
ABCD1,6.027790729496554
ABCD2,1.5192643350781496
ABCD3,33.59590148089917
ABCG2,1.7977601459079948
ABCG5,0.027412564109863317
ABCG8,0.004042298509012477
ABHD12,13.52986792435022
ABHD5,8.801200110289814
ABHD6,6.194821819708815
ABL1,80.20215087220947
ABL2,4.005531141813579
ABO,7.955034763589396
ACAA1,32.7357789194718
ACAA2,73.38416371159525
ACACA,17.552556112333416
ACACB,89.74833698365067
ACAD10,10.943747862717975
ACAD11,2.0225554864751234
ACAD8,30.737833005141844
ACAD9,299.1048761869868
ACADL,8.910670197676614
ACADM,26.20576972696034
ACADS,35.10918277334438
ACADSB,117.01910890339339
ACADVL,1153.4721474090027
ACAT1,24.066030160593726
ACAT2,8.465710765099352
ACE,25.323589260228605
ACE2,0.48457710790791503
ACER1,0.0036350504590877586
ACER2,3.726202882668691
ACER3,5.3278930322029785
ACHE,1.6960995770621277
ACLY,56.0164379838745
ACMSD,0.010026207413492041
ACO1,23.459728963904833
ACO2,45.88033118749555
ACOT1,1.0050915526221722
ACOT11,0.2869991862266369
ACOT12,0.0021279743030325543
ACOT13,3.9128903432794266
ACOT2,18.062453016439125
ACOT4,0.560843904781549
ACOT6,0.00928687879558977
ACOT7,3.583582302787358
ACOT8,10.43810513527892
ACOX1,4.0519797226861805
ACOX2,22.629843053680897
ACOX3,9.25021501170173
ACP1,3752.8212266431265
ACP2,7.569467874281931
ACP4,0.0036202735317779565
ACP5,12.18785737683317
ACP6,4.904429296795056
ACP7,0.44999467512671487
ACPP,0.12067329469227826
ACSBG1,0.0631677153720016
ACSBG2,0.1943122000458105
ACSF2,21.473723142968776
ACSF3,5.247205952402882
ACSL1,65.22785711706638
ACSL3,5.835105313237397
ACSL4,5.577383342892721
ACSL5,13.565170370280098
ACSL6,0.05380778462938674
ACSM1,0.3940238088628481
ACSM2A,0.041812769001157206
ACSM2B,0.004880224903771538
ACSM3,0.659260516165026
ACSM4,0.017933072244368797
ACSM5,2.8569547845909535
ACSS1,10.16386352852804
ACSS2,50.70162134807414
ACSS3,5.315771305044112
ACVR1,16.152766479266788
ACVR1B,9.592752901808092
ACVR1C,1.1425387435988268
ACVR2A,11.639642290072
ACVR2B,1.0176101633736976
ACVRL1,47.38397876646016
ACY1,232.47620078146127
ACY3,1.0477877212041786
ACYP1,7.086500753077905
ACYP2,1.5313904245527021
ADA,13.041265168762823
ADCY1,1.7709693477763717
ADCY10,0.060036043873812034
ADCY2,0.5154137738750427
ADCY3,29.792367681063702
ADCY4,76.11230112827614
ADCY5,5.982048386631598
ADCY6,59.40818119427144
ADCY7,3.161725376478654
ADCY8,0.0035511652237407046
ADCY9,7.1557904255174964
ADH1A,9.444264789915204
ADH1B,1092.7568506710934
ADH1C,19.20580437362422
ADH4,0.18151431016986963
ADH5,846.6995420653907
ADH6,0.33973617383566873
ADH7,0.11332845673771044
ADHFE1,15.670333877341847
ADI1,53.72464829165034
ADK,6.309020175323155
ADO,11.883122775404791
ADPGK,122.28967568180586
ADPRH,20.817208940647486
ADSL,300.88373377957527
ADSS,124.99632691278555
ADSSL1,2.9654576929929775
AFMID,7.90172219820017
AGA,45.386042160507806
AGK,11.71759002704223
AGL,0.4699713896466889
AGMAT,0.04822101433156234
AGPAT1,11.036154957666124
AGPAT2,145.47469843805143
AGPAT3,10.201586464443128
AGPAT4,0.7657532449644642
AGPAT5,2.728725573722422
AGPS,27.806586414811115
AGT,9.555579221056005
AGXT,0.039835223261974334
AGXT2,0.07273189725255508
AHCY,3469.0192059470314
AHCYL1,38.211863835409254
AHCYL2,4.909014805176359
AICDA,0.015857719748118882
AK1,411.60003901786934
AK2,541.0062187021953
AK3,70.36604747620551
AK4,161.67049742582705
AK5,0.17163472548343187
AK7,0.4864053340785084
AKR1A1,155.60040227062078
AKR1B1,82.87904746532146
AKR1B10,0.01751732043186866
AKR1B15,2.0793115605776
AKR1C1,5.570062585412942
AKR1C2,11.280754452237531
AKR1C3,33.88614754866408
AKR1C4,5.522781755496033
AKR1C8P,0.3354345050980549
AKR1D1,0.003922821950185001
AKR7A2,424.2902234262578
AKR7A3,0.8125838219428173
AKT1,2.9067405682840697
AKT2,2.2027412582385426
AKT3,13.826980963263347
ALAD,412.1787246240698
ALAS1,24.274561549579936
ALAS2,0.17309930603628357
ALB,4.826113927490432
ALDH18A1,135.5422284137138
ALDH1A1,554.9976720696845
ALDH1A2,83.22095586339064
ALDH1A3,10.552090602664228
ALDH1B1,16.30028192903043
ALDH1L1,5.7480044508762855
ALDH1L2,4.407413625918757
ALDH2,1886.5537574172488
ALDH3A1,1.043305737014531
ALDH3A2,180.85233037987123
ALDH3B1,19.93292927505076
ALDH3B2,0.0033609983248546714
ALDH4A1,6.716845990059389
ALDH5A1,7.173137884796166
ALDH6A1,8.910670197676614
ALDH7A1,41.07604750000647
ALDH9A1,1045.3372088250055
ALDOA,2522.8286151351163
ALDOB,0.2529422832799569
ALDOC,6.487171898641462
ALG1,4.00930791697325
ALG10,1.1051449319755147
ALG11,1.0465969705697644
ALG12,6.005325034438522
ALG13,14.73338294035096
ALG14,0.6110270857663123
ALG1L,0.0599804671839687
ALG1L2,0.19733166445592276
ALG2,75.4309209475954
ALG3,1.7912370660778958
ALG5,29.35871515468236
ALG6,3.5931471372630246
ALG8,9.994523270699446
ALG9,6.77670015598453
ALK,0.02081999316211133
ALLC,0.13842429335421383
ALOX12,0.2967983937706208
ALOX12B,0.015433955706707374
ALOX15,302.9430455851384
ALOX15B,0.0066391954077064065
ALOX5,7.173137884796166
ALPG,2.1334538652401167
ALPI,0.09522613776587274
ALPL,9.084653587002746
ALPP,0.12394730653401177
AMACR,140.48644658687437
AMD1,36.138323474453095
AMDHD1,0.39445876872171337
AMDHD2,19.56856296222026
AMFR,0.2584537413456655
AMHR2,3.252701213252045
AMN,0.7552138616105047
AMPD1,1.4649314845897603
AMPD2,16.063189676286335
AMPD3,4.020012336072529
AMT,31.077362998200943
AMY1A,2.6438139326066277
AMY1B,2.6438139326066277
AMY1C,2.6438139326066277
AMY2A,0.07969588919815437
AMY2B,19.48047325703176
ANAPC11,31.175794628585315
ANGPTL4,126.70573476929704
ANKRD1,0.06274610425402999
ANPEP,6.725388843105372
ANXA3,997.9614697493085
AOAH,3.0515313918904976
AOC1,0.018120914882376882
AOC2,1.2347279753022111
AOC3,177.13021518131595
AOX1,241.54504607381705
APOA1,0.4269583190118343
APOA2,0.1341344115457302
APOA5,0.11645175048604357
APOB,0.00872600992111978
APOC1,5.447844923346507
APOC2,27.211319250515267
APOC3,0.18557537633386617
APOE,291.36554056530804
APRT,910.2349310590873
AQP1,776.3348701391795
AQP10,0.030401499931629664
AQP2,2.053743019254548
AQP3,7.777659140695741
AQP4,0.011739627796838882
AQP5,0.6794883168389538
AQP7,170.46043200262415
AQP8,0.05691534592458513
AQP9,53.32928469388405
ARAF,1.7152692538748633
ARCN1,279.81539709033024
ARG1,0.12380028238169091
ARG2,0.4864053340785084
ARSA,47.55309581013063
ARSB,2.438540010378215
ART1,0.0035639311044290763
ART3,0.09099512875598374
ART4,2.7570227901333952
ART5,0.29087709953690705
AS3MT,6.957016886204916
ASAH1,155.77159893708225
ASAH2,0.023427300540946747
ASH1L,0.03062295217415044
ASL,196.68637425232575
ASMT,0.027666513117845855
ASNS,373.1328616474179
ASPA,26.489578577134296
ASPG,1.8183852422626323
ASPH,196.3888866781143
ASRGL1,1.6641622860142116
ASS1,403.4037629244508
ATE1,6.750143240529806
ATIC,380.7594966993297
ATM,1.7273739583738008
ATP10A,1.9401184042358623
ATP11A,15.70169050110769
ATP11C,5.400761041883123
ATP1A1,59.56821867698604
ATP1A2,11.078258415953902
ATP1A3,0.16541700747004956
ATP1A4,0.006380424548158586
ATP1B1,46.44792076585137
ATP1B2,36.15107302369716
ATP1B3,71.52358756127114
ATP1B4,0.010484252037560418
ATP2B1,36.22518190883326
ATP2B2,0.061010613336033345
ATP2B3,0.0034409869607209746
ATP2B4,85.99955156269985
ATP4A,0.0044610606478419565
ATP4B,0.10131501219719918
ATP5F1A,124.53265572432873
ATP5F1B,167.30632217246165
ATP5F1C,21.50971022167614
ATP5F1D,155.46511749348954
ATP5F1E,125.55773209538297
ATP5MC1,4.311892001287344
ATP5MC2,2.868050998110428
ATP5MC3,5.997867959791037
ATP5ME,117.38991896387836
ATP5MF,1.481717785000078
ATP5MG,179.57272888452187
ATP5MGL,23.718922705117464
ATP5PB,5.524565248774745
ATP5PD,6.7181129554220975
ATP5PF,4.959033242795014
ATP5PO,42.13932100131758
ATP5S,0.3354345050980549
ATP6V0A1,1.8928335057336367
ATP6V0A2,0.6846238630731735
ATP6V0A4,0.5590999308309642
ATP6V0B,40.19330069851545
ATP6V0C,267.1007765215818
ATP6V0D1,301.12960558819833
ATP6V0D2,0.1314675993445951
ATP6V0E1,256.6832438257677
ATP6V1A,141.15396322037097
ATP6V1B1,3.015478493157431
ATP6V1B2,406.2158615900406
ATP6V1C1,27.708755233472775
ATP6V1C2,2.0791914566740872
ATP6V1D,21.079178772505465
ATP6V1E1,196.6756023061938
ATP6V1E2,1.0702560445672475
ATP6V1F,30.086788237486005
ATP6V1G1,54.121511707748674
ATP6V1G2,2.017383641044676
ATP6V1G3,0.2330917175245828
ATP6V1H,15.476913354820235
ATP7A,3.121094357113464
ATP7B,22.550042177776835
ATP8A1,11.039786939444996
ATP8B1,5.493397319581796
ATP8B2,27.548339050531183
ATR,0.04434715160309845
AUH,5.1718343955635575
AURKA,0.011496080277648637
AURKB,0.09742311259427384
AURKC,1.1212939476115764
AWAT1,0.0633604788899994
AWAT2,0.6905945531355334
AXL,0.10932817801073595
AZIN2,0.7963414524148358
B3GALNT1,7.286139338629235
B3GALNT2,1.4869660176638855
B3GALT1,0.05489342123592173
B3GALT2,1.0023750034795804
B3GALT4,4.24051169055819
B3GALT5,0.0027778620917371646
B3GALT6,9.4813350946922
B3GAT1,0.05165213303779343
B3GAT2,1.3227811731935994
B3GAT3,37.392836646573606
B3GLCT,0.7866139610071975
B3GNT2,22.436157456749232
B3GNT3,1.2406923297536334
B3GNT4,0.03673923096925708
B3GNT5,4.049393723394414
B3GNT6,0.3354345050980549
B3GNT7,11.222809420206277
B3GNT8,3.2541388038342887
B3GNT9,20.443487196366654
B3GNTL1,2.5672106543471163
B4GALNT1,0.8593973364613364
B4GALNT2,0.08753139082536945
B4GALNT3,0.17270607916148217
B4GALNT4,1.3501172491166185
B4GALT1,62.54142549276936
B4GALT2,13.857418079223953
B4GALT3,38.35975477073631
B4GALT4,13.644693624125305
B4GALT5,37.02054299598086
B4GALT6,1.4995068375272018
B4GALT7,17.39526712649338
B4GAT1,2.277812689362301
BAAT,0.2252036456765304
BARD1,1.3419606812985916
BBOX1,0.0557383240523827
BCAP31,1403.3629276612921
BCAT1,2.679201739042981
BCAT2,23.190319259765367
BCHE,111.81899362061651
BCKDHA,6.133675458144872
BCKDHB,9.305559887467375
BCKDK,31.52088747823344
BCO1,0.06461878427195712
BCR,0.5031049940418094
BDH1,1.4995068375272018
BDH2,121.67746147996873
BHMT,0.030993762278869262
BHMT2,10.800064877628829
BIRC6,4.77391063982627
BLK,0.8187894380252791
BLVRA,847.8225535949601
BLVRB,1178.8629887252373
BMP1,61.555462950709725
BMP2K,0.43900819640074557
BMPR1A,5.384547804434497
BMPR1B,0.4101928645290956
BMPR2,17.277522471274967
BMX,5.991190217893051
BPGM,7.4101301629446805
BPNT1,10.428619661453661
BRAF,9.18574547762436
BRAP,0.29903758475534165
BRPF1,8.992983557761494
BRSK1,1.1212939476115764
BRSK2,0.233211468279599
BSCL2,38.6833616008579
BSG,108.30968921410872
BTD,7.129787997556781
BUB1,0.075325075685973
BUB1B,0.005615586670786474
C1GALT1,6.021132146036496
CA1,0.041328962918758774
CA12,1.2667888473752018
CA13,25.118180519570206
CA14,0.08049955358777758
CA2,5.252038903180737
CA3,16.205413918445643
CA4,32.20136847296871
CA5A,0.08417582761312976
CA5B,0.6091259620385131
CA6,10.425839500790367
CA7,0.016590462907917068
CA8,0.8515518883670565
CA9,15.911114976939313
CAD,58.44904641889183
CALM1,214.86227543993883
CAMK1,26.399065462287897
CAMK1D,6.572014451020729
CAMK1G,1.0214274832312265
CAMK2A,0.1467552990230224
CAMK2B,0.03718493218782754
CAMK2D,486.4762844080181
CAMK2G,11.530386560028106
CAMK4,0.12791024173837298
CAMKK1,3.376157829127567
CAMKK2,20.945900654684994
CANT1,12.060059119356552
CARM1,12.694637387569099
CARNS1,64.07115108265253
CARS,10.041494260639231
CARS2,17.380542642914193
CASK,11.421636050763004
CAT,257.11756260902723
CBLC,0.16495730678063616
CBLL1,6.01114755642854
CBLL2,0.027434690025870352
CBR1,31.767934667453964
CBR3,238.99397910407214
CBR4,46.625400371913976
CBS,1.1779680224428055
CBSL,0.3354345050980549
CBX1,166.24298963436522
CCNB1IP1,22.721126130269244
CD36,680.4623224229294
CD38,1.2057009604290982
CDA,38.768517719050294
CDC14A,5.535776642195254
CDC14B,5.671580639247176
CDC25A,0.04690638039412577
CDC25B,44.77699266435118
CDC25C,0.01223013585049517
CDC34,6.274259146178019
CDC42BPA,2.7808495437876046
CDC42BPB,2.936842515701159
CDC42BPG,1.337305073211635
CDC7,0.7735449418584356
CDIPT,192.17637044418737
CDK1,0.9774652366542913
CDK10,45.112698446994855
CDK11A,23.0871303108071
CDK11B,17.62057941304485
CDK12,10.934154949883723
CDK13,17.47029451111041
CDK14,20.13234662608736
CDK15,0.933434676281589
CDK16,39.67107926323609
CDK17,23.07567163624367
CDK18,9.574161767270892
CDK19,4.251999210271372
CDK2,21.462460392306262
CDK20,15.264061865937775
CDK3,38.955690390904216
CDK4,12.060651520500102
CDK5,14.905708198683664
CDK6,28.48866986128118
CDK7,122.43067297420588
CDK8,5.3869790502848245
CDK9,87.71388169945307
CDKL1,1.7022578917580409
CDKL2,0.2613501657732836
CDKL3,0.9084173195144954
CDKL4,0.018708274125718235
CDKL5,0.3238726992758075
CDKN3,0.19192662337611818
CDO1,19.63469225805477
CDS1,1.119063185180304
CDS2,10.666369890472835
CDY1,0.256335927830294
CDY1B,0.256335927830294
CDY2A,0.04923577690024244
CDY2B,0.04923577690024244
CEL,0.6612275415869637
CEPT1,2.4495754061711734
CERCAM,28.773760493142007
CERK,33.45991060679789
CERS1,0.3536571769931309
CERS2,56.90962318612443
CERS3,0.01722768205056948
CERS4,13.857418079223953
CERS5,20.62179027652401
CERS6,3.985151209450277
CES1,5.197327579522319
CES2,18.116517763758786
CES3,0.14610243078563606
CES5A,0.03703753789261324
CFTR,0.08781750349279034
CH25H,7.592445623175362
CHAT,0.014545141103376102
CHD9,11.068637561001577
CHDH,1.0498906693773933
CHEK1,0.31688323218073755
CHEK2,3.2096439661597382
CHFR,6.328382110917248
CHI3L1,19.745025600600545
CHIA,0.044019221206335946
CHIT1,0.008261887472482014
CHKA,4.692773322303395
CHKB,90.74699873334441
CHMP4A,53.581177760694665
CHPF,92.70431197565239
CHPF2,11.174576213719561
CHPT1,13.40254333926606
CHST1,1.2392961045707014
CHST10,2.3780141379517783
CHST11,6.008652025415504
CHST12,15.305613678869285
CHST13,0.06390009576887931
CHST14,1.7909905086495326
CHST2,4.988608986904621
CHST3,8.483765746725426
CHST4,0.8536423327975101
CHST5,0.14930463043508233
CHST6,0.00300057811042285
CHST7,8.222869287243682
CHST8,0.30663425447028886
CHST9,0.12967661231699218
CHSY1,16.30028192903043
CHSY3,2.1076676585649277
CHUK,0.9426127553435604
CHURC1-FNTB,3.2507362769424972
CIDEA,36.534056301254914
CINP,0.5462662966632452
CIT,0.4777358946775049
CKB,117.50772705033765
CKM,0.4886929184456635
CKMT1A,0.272130323972139
CKMT1B,0.7038521737550603
CKMT2,5.531698340739167
CLC,0.2788801166094324
CLCF1,11.387171092277974
CLK1,12.388304390944654
CLK2,60.342682597710876
CLK3,1.2554670489723483
CLK4,1.3071696769318362
CLOCK,5.465729739248699
CLPS,1.3466201368106552
CLTRN,0.5786685643266595
CLYBL,1.0056350723699972
CMA1,10.571116791381234
CMAHP,65.87422723648149
CMAS,48.215192610934515
CMPK1,564.5974149881624
CMPK2,2.024443221401578
CMTR1,34.09974652191573
CNDP1,0.004443106086994132
CNDP2,32.885289537545816
CNOT4,7.645255259444792
CNP,21.575151129662657
COASY,537.9223618003768
COL4A3BP,3.397572556577041
COLGALT1,94.22283020565256
COLGALT2,3.9384467233688234
COMT,62.109660095247875
COMTD1,419.41811369405576
COP1,0.4785008438550989
COPA,280.67002211034884
COPB1,191.08407032430048
COPB2,83.12578132927688
COPE,367.9070222664318
COPG1,215.20081614349917
COPG2,111.41720789130679
COQ2,3.1431764157244273
COQ3,7.225240158335279
COQ5,3.020061541481584
COQ6,9.18574547762436
COQ7,0.2755622090628145
COX1,7.766401376158287
COX17,28.063389777206535
COX2,5.3369352212394165
COX3,0.33446363282071023
COX4I1,526.1453426626159
COX4I2,52.51955697251867
COX5A,107.71044404639298
COX5B,433.50466715414444
COX6A1,15.680987449457369
COX6A2,0.30938220424375723
COX6B1,60.12953709403425
COX6B2,1.0526372986363675
COX6C,70.78057979819648
COX7A1,65.3305871950458
COX7A2,48.94307335865822
COX7A2L,18.235595393906312
COX7B,35.426063047401406
COX7B2,0.3354345050980549
COX7C,174.01902272207624
COX8A,544.2755100652863
COX8C,0.7410518340738615
CP,0.10975590378418706
CPA1,3.7113621879047627
CPA2,0.21726111774929763
CPA5,0.009756623890825235
CPA6,0.0018331610327466355
CPOX,74.09065917094645
CPS1,0.6124758111177806
CPT1A,0.8649716412589875
CPT1B,16.6916730999758
CPT1C,7.390820063085526
CPT2,29.221816312711976
CRAT,11.37649007666847
CREBBP,0.326384941582119
CRLS1,49.736493972127555
CROT,11.322573899572847
CS,3922.021241523867
CSAD,70.65004715712547
CSF1R,33.43487788639779
CSGALNACT1,25.17141206617919
CSGALNACT2,22.379266606738618
CSK,18.702853353793966
CSNK1A1,45.0635956900644
CSNK1A1L,1.680314482853118
CSNK1D,66.21270520669893
CSNK1E,5.605737822584686
CSNK1G1,3.329101018429062
CSNK1G2,38.06260914778453
CSNK1G3,15.284834411723974
CSNK2A1,332.3939791247267
CSNK2A2,257.23980916278424
CSNK2B,546.2388945434793
CTBP1,54.6550884894657
CTDP1,1.2681320137449612
CTDSP1,151.00477407448025
CTDSP2,207.48780227836676
CTDSPL,21.665404731701795
CTDSPL2,3.019039529291678
CTGF,0.3354345050980549
CTH,1.4116633596071726
CTPS1,3.5630017565281062
CTPS2,6.580513117968004
CTSA,267.5266145140983
CTSB,127.70340213679492
CTSC,27.91942642776265
CTSD,988.9411219483104
CTSE,0.02467910550241588
CTSF,139.64236398420468
CTSG,81.09727446835676
CTSH,39.67107926323609
CTSK,421.5017864149763
CTSL,7.449467883636188
CTSO,70.18681965018965
CTSS,9.90073886649172
CTSV,0.17697133715348143
CTSW,11.174576213719561
CTSZ,18.656125342154457
CUBN,0.5627367633544763
CWC27,13.111329412491289
CYB5D1,16.93607921964205
CYB5R1,23.155910775245797
CYB5R2,8.222869287243682
CYB5R3,5042.552634076496
CYBB,12.365336311415508
CYBRD1,532.6356961900535
CYC1,376.3067513810503
CYLD,5.032163158297574
CYP11A1,1.3746572770200582
CYP11B1,0.05818092986666895
CYP11B2,0.08105018928386314
CYP17A1,0.47682548491045385
CYP19A1,0.04882863682339492
CYP1A1,40.363371999084976
CYP1A2,0.003921370198716341
CYP1B1,42.60295820505016
CYP21A2,1.5054874547365944
CYP24A1,0.04255372230264104
CYP26A1,0.014749733072597524
CYP26B1,6.320804019718898
CYP27A1,89.68501878784654
CYP27B1,0.2176008837026416
CYP2A13,0.04638837469548625
CYP2A6,0.12330528360538279
CYP2A7,0.004930752868705421
CYP2B6,0.02889595120271605
CYP2C18,0.2259625918283721
CYP2C19,0.1750227487879086
CYP2C8,0.201140034648103
CYP2C9,0.01133985232268175
CYP2D6,1.3764141548160291
CYP2E1,1.298466356979052
CYP2F1,0.0058240613825657536
CYP2J2,3.6980176267559335
CYP2S1,5.681428083612667
CYP2U1,9.518439928603783
CYP39A1,8.547030172247501
CYP3A4,0.0468015843537139
CYP3A43,0.04806280244366323
CYP3A5,2.116098692367295
CYP3A7,0.12330528360538279
CYP46A1,1.1745827347973063
CYP4A11,0.20895790043373355
CYP4B1,1.85602822780327
CYP4F11,0.009944605418401852
CYP4F12,19.282618035901095
CYP4F2,1.3721447209835187
CYP4F22,0.038254809644945015
CYP4F3,0.16266338294327984
CYP4F8,0.3354345050980549
CYP4V2,11.649378982455056
CYP4X1,16.914792980931484
CYP4Z1,0.4251860278023663
CYP51A1,18.53889454033098
CYP7A1,0.0014247864498493825
CYP7B1,4.815852687833662
CYP8B1,0.07600046004290097
CYTB,10.283962318241796
DAD1,1046.477196418626
DAGLA,6.031120677962465
DAGLB,10.571116791381234
DAO,1.8577966562707513
DAPK1,97.13214968365163
DAPK2,7.715803333832048
DAPK3,6.824420927850611
DARS,3546.9611344012374
DARS2,4.097165999637863
DBH,0.16164241227321438
DBI,113.45660796171502
DBT,3.3747075858530606
DCK,8.133515838599134
DCLK1,112.57369901690268
DCLK2,8.04407816894742
DCT,0.22324417694064536
DCTD,16.238335175832695
DCTPP1,20.62179027652401
DCXR,41.400539792087706
DDAH1,35.53064672597566
DDAH2,204.72642032029228
DDC,0.003610832373020564
DDO,1.4045965693309617
DDOST,822.3105630257005
DDR1,20.543737336824773
DDR2,106.18186096224488
DECR1,42.099853487367994
DECR2,13.89802566216922
DEGS1,12.298642926081332
DEGS2,0.19644677236186223
DERA,35.68760735244946
DGAT1,94.8158380161269
DGAT2,27.95540073993616
DGKA,17.74963840663262
DGKB,0.11434748349216216
DGKD,10.277131960584683
DGKE,6.342702176706465
DGKG,0.8698844948532448
DGKH,3.821515538756077
DGKI,0.02720520309803697
DGKQ,7.857360341158959
DGKZ,20.867557049280457
DGUOK,24.038751213417914
DHCR24,2.2862941145150737
DHCR7,11.68834511684479
DHDH,0.10919209493372886
DHFR,204.61593651143846
DHODH,6.572014451020729
DHRS2,0.29781515527398816
DHRS3,147.2532222891607
DHRS4,154.09525361775042
DHRS9,0.37585949118901785
DIO1,0.012545938012863427
DIO2,0.08346262487295592
DIO3,0.4274016658256809
DLAT,336.8609106687893
DLD,734.5074766856355
DLST,391.7684234689874
DMGDH,1.2679374876637692
DMPK,66.97947798147865
DNAJC6,0.6509162575512819
DNMT1,9.384562522831493
DNMT3A,6.974248526788805
DNMT3B,0.7133540480764283
DNMT3L,0.03798289307998578
DOLPP1,6.896786181662592
DOT1L,7.90172219820017
DPAGT1,28.82207382640038
DPEP1,0.05243113056530797
DPEP2,1.7158248515342862
DPEP3,0.3263654214886866
DPH5,45.736728635091325
DPM1,1072.3522627991547
DPM2,31.496208027868352
DPM3,21.392430496171286
DPYD,27.369205889018954
DPYS,37.37998418660829
DPYSL2,5046.032705990975
DPYSL3,157.4946915956875
DSTYK,8.837654340349507
DTYMK,13.918093529581938
DUOX1,5.3732054457980425
DUOX2,0.23206054752152294
DUPD1,0.11783200419515537
DUSP1,11968.215770973156
DUSP10,4.1732676804434305
DUSP11,11.232461991792984
DUSP12,7.93875274612025
DUSP13,0.004770414141648064
DUSP14,1.0248981545286422
DUSP15,0.6572948866382552
DUSP16,18.051644683765716
DUSP18,1.4199186013560428
DUSP19,0.749633639621075
DUSP2,60.31387701033723
DUSP21,0.08186674790155296
DUSP22,16.734117720019064
DUSP23,52.35239594165649
DUSP27,0.017808103187795653
DUSP28,1.5090785426650202
DUSP3,226.8696545650432
DUSP4,1.1252003241177302
DUSP5,120.9121240463332
DUSP6,31.570260176869585
DUSP7,7.277432011126129
DUSP8,20.43235550065056
DUSP9,0.07504891760794428
DUT,281.4504653608401
DYRK1A,23.064214315811924
DYRK1B,14.367033232367834
DYRK2,5.9222931502219724
DYRK3,2.248780342495491
DYRK4,4.49104774919263
DZIP3,5.28105882357378
EARS2,0.9843284726152713
EBP,162.6727657275082
ECH1,322.97498229024916
ECHDC2,117.37270880782219
ECHS1,180.11399804066176
ECI1,34.389240811281724
ECI2,54.33854719013833
EGFR,3.17827794157442
EHHADH,2.170768331088925
EHMT1,0.5480959467881739
EHMT2,2.048116043079611
EIF2AK1,51.79611049813986
EIF2AK2,44.86557563881829
EIF2AK3,10.552090602664228
EIF2AK4,0.31787860936134416
EIF4EBP3,60.35708661890871
ELOVL1,9.87334803546784
ELOVL2,0.3205561631459733
ELOVL3,0.22499332398141517
ELOVL4,0.16195910146853523
ELOVL5,2.2767433245438284
ELOVL6,2.1753390767606446
ELOVL7,3.3797840859936423
ELP3,2.625579787546504
ENGASE,56.44134482547609
ENO1,648.5946281938582
ENO2,34.72982335815662
ENO3,38.609670449100896
ENOPH1,172.90647691943843
ENPP1,3.16315329494788
ENPP2,35.667344383921765
ENPP3,1.0548358310702564
ENPP6,0.052081581612143435
ENPP7,0.002776524845195684
ENTPD1,7.434541688426362
ENTPD2,2.8061889773204087
ENTPD3,3.6928311666388174
ENTPD4,19.403472446714737
ENTPD5,2.979527898927454
ENTPD6,34.162630492171544
ENTPD8,0.09413752149559164
EP300,3.414111496891082
EPHA1,1.431140434045174
EPHA10,0.030993762278869262
EPHA2,7.8217488545236735
EPHA3,2.628528320941089
EPHA4,10.790502102970947
EPHA5,0.09444696112295572
EPHA6,0.06226909227042107
EPHA7,0.08112594981426435
EPHA8,0.016980339015489433
EPHB1,0.29075572744130235
EPHB2,0.054023642325192155
EPHB3,7.469563122143622
EPHB4,1.335304937250786
EPHB6,65.18384172292956
EPHX1,546.2212870497303
EPHX2,22.99549884973869
EPM2A,1.8165079213958208
EPRS,33.61020049180813
EPX,0.009830630003816718
ERBB2,0.5030390942394811
ERBB3,2.0940652440679726
ERBB4,0.6071678155388515
ERN1,8.682972219372571
ERN2,0.26934714067536947
ESD,833.6970138830121
ETFA,2009.262033937514
ETFB,637.568307793782
ETFDH,27.780718972459002
ETNK1,13.624475068049925
ETNK2,1.794016152957792
ETNPPL,1.1268754747623821
EXT1,14.142263098996953
EXT2,40.31102416639755
EXTL1,0.36386440569096345
EXTL2,15.120225389732786
EXTL3,13.735765320657444
EYA1,0.14593073857398453
EYA2,17.39526712649338
EYA3,1.5366415996566565
EYA4,0.2929017405466595
EZH1,66.1243668087173
EZH2,0.02876999231837969
F13A1,92.54481013679344
F13B,0.952082265681838
F2,0.009270840972443762
FAAH,4.089574201103572
FAAH2,3.2182444828676497
FABP1,0.02695227195755212
FABP12,0.07361943011456162
FABP2,2.0423800119197857
FABP3,9.574161767270892
FABP4,8713.870083472042
FABP5,3899.377876618041
FABP6,0.974167366043698
FABP7,2.482310752887457
FABP9,0.12192180396386829
FADS1,7.138452969962963
FADS2,2.5778417325659593
FADS3,2.8103590371529505
FADS6,0.004486525737127113
FAH,12.602920487222818
FAM20B,24.99609474634334
FANCL,12.45430421058213
FAR1,42.27941978595953
FAR2,2.05338427393823
FARS2,2.296408780147309
FARSA,756.4969081711284
FARSB,2.0954107894202862
FAS,63.21050779463277
FASN,80.57226000240912
FASTK,70.93431881840706
FAXDC2,63.881280026022615
FBP1,10.847908968083885
FBP2,0.043632436294090415
FDFT1,35.99814912875857
FDPS,24.239776595949873
FDXR,10.664216442463884
FECH,10.239342629881724
FER,3.982134065759309
FES,32.83543465007498
FGA,6.990622680771628
FGFR1,122.8532062418824
FGFR2,0.6308966300625347
FGFR3,2.0443699181033286
FGFR4,4.169454690843602
FGGY,1.2576086571494367
FGR,8.837654340349507
FH,680.3748820422443
FHIT,1.1157190254387273
FHL2,5.851902052006862
FIG4,10.362278884385518
FITM1,0.5340370609037483
FITM2,3.545383774004753
FKBP10,68.4140057042013
FKBP11,40.376461483270724
FKBP14,5.005439430459619
FKBP1A,830.7889476002946
FKBP1B,3.4342888010663635
FKBP2,915.800914525048
FKBP3,668.5599881194438
FKBP4,296.5370745578959
FKBP5,2.082444825529428
FKBP6,0.09819567512183974
FKBP7,35.192842556247264
FKBP8,49.253067560442666
FKBP9,187.05410290235614
FKBP9P1,0.3354345050980549
FLAD1,5.410992238264785
FLT1,33.23477683115642
FLT3,0.0855125246797566
FLT4,50.31504080409357
FLVCR1,2.1440428801005638
FMO1,11.610443845417539
FMO2,121.62640324306037
FMO3,10.609193622910832
FMO4,4.695478198342908
FMO5,1.0763285256748811
FMO6P,0.014376782457732573
FN3K,12.54342363552677
FN3KRP,25.81672485851859
FNTA,51.359007208488165
FNTB,9.872644636464901
FOLR1,0.01998170179834026
FOLR2,54.985702831567714
FOLR3,0.04399341028546821
FOSL1,6.965631438259218
FPGS,1.683977870241976
FPGT,7.077850838904158
FRK,0.7889003299768573
FRMPD2,0.014371669987526408
FTCD,0.1256193045161389
FTMT,0.3764543508002139
FUCA1,42.404194343893415
FUCA2,29.427612073015815
FUK,6.802390574860305
FUT1,1.568019243768318
FUT10,2.627845124817683
FUT11,8.438645471368753
FUT2,0.13138175215315928
FUT3,0.31059055128822666
FUT4,1.9115677025764064
FUT5,0.005939169937337882
FUT6,0.0026158609700669866
FUT7,0.04988966405987385
FUT8,0.5875490753597394
FUT9,0.00047071095033549216
FYN,178.65330516642598
G0S2,481.01216716216726
G6PC,0.2573661812362027
G6PC2,0.008163223515790526
G6PC3,56.66209833144026
G6PD,260.7180344561365
GAA,33.710482728014824
GAD1,0.16570005146381325
GAD2,0.0013510957951983732
GAK,3.444088608555391
GAL3ST1,0.5293665123733247
GAL3ST2,3.402287532772678
GAL3ST3,0.456451388862953
GAL3ST4,9.835215247473618
GALC,13.837124898535341
GALE,4.244340041863541
GALK1,189.8829336328882
GALK2,31.83074857959071
GALM,11.952173189654298
GALNS,8.938087962597661
GALNT1,25.85203528226517
GALNT10,0.34558687645820607
GALNT11,18.17062094019915
GALNT12,2.9100359246887306
GALNT13,0.6775084815353625
GALNT14,0.47364231005473323
GALNT15,13.63458345408479
GALNT2,11.952173189654298
GALNT3,1.329167038035996
GALNT4,2.4961117919021176
GALNT5,0.004982941191136128
GALNT6,0.5172690051488595
GALNT7,0.27367121061072924
GALNT8,0.1607986297982922
GALNT9,15.25367811505128
GALNTL5,0.43999999999999995
GALT,60.22747989576602
GAMT,19.72471688586546
GANC,5.571696505426859
GAPDH,1492.845693230874
GAPDHS,8.042317062334442
GARS,208.83381066318773
GART,83.01440271753064
GATM,5.6568171010140995
GBA,12.625619857040393
GBA2,58.677396030129046
GBA3,0.021994061798450155
GBE1,14.175483071014806
GBGT1,10.982139522993801
GC,0.013076152131139947
GCAT,67.35649497626251
GCDH,6.016139358228577
GCH1,7.286139338629235
GCK,0.37285205125385906
GCLC,5.355203157318347
GCLM,17.336467947838063
GCNT1,9.648577748208352
GCNT2,1.308295130389544
GCNT2P,0.3354345050980549
GCNT3,0.0033862094826262053
GCNT4,0.3251184917721988
GCNT7,0.05063559875506289
GCSH,4.110079742780155
GDA,0.003245330909795555
GDE1,11.106984319487298
GDPD2,1.3309099071025594
GFPT1,248.82827781372112
GFPT2,42.563187738604064
GGCT,24.611426641082602
GGH,2.7321727311178043
GGPS1,504.0574920713804
GGT1,1.4258222082489131
GGT2,0.004683904643804429
GGT3P,0.020003093673298007
GGT5,159.30004465836078
GGT6,0.0033721977473416304
GGT7,34.691941428871615
GGTLC1,0.5642767148917974
GGTLC2,1.7831684152107201
GIF,0.3354345050980549
GK,2.8765192936110284
GK2,0.9456388863331135
GK3P,0.016980339015489433
GLA,19.29359737071392
GLB1,21.09158101818988
GLB1L,10.780941344971886
GLCE,0.48090166363937714
GLDC,0.38708003443286954
GLIPR1,8.178083892374646
GLO1,1163.3854724045543
GLRX,33.55407646770203
GLRX2,6.429597352075848
GLS,244.93332251111931
GLS2,1.7659955952279616
GLT6D1,0.06930364432416915
GLT8D1,2.6741031354947427
GLT8D2,49.942934973391544
GLTP,18.492612192151807
GLUD1,717.2912064246252
GLUD2,0.39054824859077103
GLUL,16.341816513033226
GLYAT,0.7450753424995162
GLYCTK,11.844518547600272
GM2A,26.182151869937798
GMDS,50.13178622477428
GMPPA,31.202589501659947
GMPPB,54.861948091219716
GMPR,36.444607657920265
GMPR2,71.82532213725304
GMPS,94.65235938161254
GNE,7.457695873908764
GNMT,0.9742271664599347
GNPAT,27.620070115735253
GNPDA1,25.946252528403207
GNPDA2,4.343394606481833
GNPNAT1,15.433495991096347
GNPTAB,7.513394922834769
GNS,38.43037789594114
GOT1,1419.6655319859467
GOT2,1072.5670870685253
GPAA1,95.42579327107097
GPAM,0.9794943161653772
GPAT2,0.8751394031377776
GPAT3,0.6582069289240687
GPAT4,1.352005973421296
GPCPD1,18.376562429198806
GPD1,102.21229782853331
GPD2,119.310263325608
GPHN,12.310732371070566
GPI,1857.78017211087
GPIHBP1,40.59913711418361
GPLD1,0.5994667836107685
GPT,22.038645544471482
GPT2,5.846147673118307
GPX1,107.96863868819855
GPX2,0.023205406047702003
GPX3,1718.2969839011178
GPX4,175.59271563875325
GPX5,0.793289329058847
GPX6,2.01032323162201
GPX7,12.040426341704238
GPX8,24.332562841230384
GRHL1,0.3086844110166873
GRHPR,37.54714813060686
GRK1,0.007078626128784736
GRK2,4.014622265826703
GRK3,1.2623639556998993
GRK7,0.025877950338706737
GSR,136.72184752303204
GSS,274.58816429956914
GSTA1,0.1337307358839133
GSTA2,0.010339562193466703
GSTA3,3.8201241689736465
GSTA4,24.100755640085335
GSTA5,0.58469847618054
GSTK1,120.04613359998315
GSTM1,0.09025944860064845
GSTM2,105.72073584796858
GSTM3,306.4680508475994
GSTM4,11.377487031839559
GSTM5,249.41074987367753
GSTO1,969.588419318707
GSTO2,0.11818549372740746
GSTP1,6512.765966993773
GSTT1,73.70122216916195
GSTT2,2.120641795590083
GSTZ1,9.616939399050288
GTF2F1,10.327174399187818
GTF3C4,0.8590593555388046
GUCA1A,0.0069419367780935385
GUCY1A1,2.9663227089166733
GUCY1A2,1.3407964183073606
GUCY1B1,1.0453859436592674
GUCY1B2,0.6602438545253803
GUCY2C,0.06142942640056219
GUCY2D,0.034069209862766736
GUCY2F,0.13808747592085474
GUK1,175.37336526526227
GUSB,8.655044629968078
GYG1,41.59817571517087
GYG2,14.664603634080525
GYS1,54.12972677923678
GYS2,0.02488172632673642
H6PD,60.0528750854595
HAAO,25.136325279068437
HACD1,0.6699772991826155
HACD2,3.095013644366691
HACD3,4.330319334841662
HACD4,0.5979568033382378
HACE1,6.699768041519363
HACL1,13.92849989691361
HADH,1188.2100116610454
HADHA,1136.1106269270863
HADHB,82.42886258557235
HAGH,28.326094973593015
HAGHL,1.4346885340161049
HAL,0.08569396513616125
HAO1,0.006880468250510006
HAO2,0.0395078618943151
HARS,130.08617839654832
HARS2,44.254034363065195
HAS1,55.648804688021094
HAS2,0.8359125741505894
HAS3,0.8012361347984388
HAT1,55.486137430889215
HCCS,7.138452969962963
HCK,4.92425066768428
HCST,27.309556703747134
HDAC3,1.3192329180854676
HDC,23.777115649331236
HDLBP,105.7038054272591
HECTD1,6.558217689985665
HECTD2,3.3269329659272384
HECTD3,3.5533413818538904
HECW1,0.0033862094826262053
HECW2,2.2883611970531086
HELZ2,3.9031292616567193
HEPH,5.365916936855972
HERC1,0.6522366763314884
HERC2,0.18898350505339392
HERC3,7.777659140695741
HERC4,9.67576893255955
HEXA,60.890609740086695
HEXB,3.394375848468324
HEXDC,0.3354345050980549
HGD,0.043195064733303215
HIBADH,61.975490837100345
HIBCH,13.56386225483741
HIF1AN,4.772497372042111
HIGD2A,18.559819383971696
HIPK1,18.07326288868577
HIPK2,4.310316026640578
HIPK3,51.10274923015752
HIRIP3,0.426392211367577
HK1,155.36679929198087
HK2,18.61069576476988
HK3,4.026691985229306
HKDC1,0.08912806795491222
HLCS,2.292989650255866
HLTF,0.14050908770029535
HMBS,42.05980894722134
HMGCL,130.02231174238474
HMGCLL1,0.9726090909232532
HMGCR,6.020299946280602
HMGCS1,19.118106790909227
HMGCS2,0.05448570291454478
HMOX1,30.62325038364685
HMOX2,77.43675560909001
HNMT,19.063344356059062
HPD,1.1134909098287173
HPGD,2.3533611423284886
HPGDS,6.347758156266306
HPRT1,223.13194597384162
HS2ST1,13.32384398837702
HS3ST1,1.8403213474651332
HS3ST2,0.1455874983759053
HS3ST3A1,0.09010636099136346
HS3ST3B1,0.5532876904785878
HS3ST4,0.012518295987186541
HS3ST5,0.17535341548517636
HS3ST6,4.113119675690206
HS6ST1,7.742298569399359
HS6ST2,0.14713359176983684
HS6ST3,0.0075314317712380915
HSD11B1,12.286381402107981
HSD11B1L,2.343384133251883
HSD11B2,10.934154949883723
HSD17B1,0.7491268355208145
HSD17B10,82.0102502720176
HSD17B11,233.09667972498377
HSD17B12,305.68750458121923
HSD17B14,20.332235235591824
HSD17B2,0.47318798536480833
HSD17B3,0.3681377266042408
HSD17B4,78.09724913547856
HSD17B6,36.93081202267875
HSD17B7,4.714705830455287
HSD17B7P2,6.913982230737337
HSD17B8,3.186717941837061
HSD3B1,0.8561440324619417
HSD3B2,0.029647396866993907
HSD3B7,24.44866415987596
HSPG2,0.7443792062650372
HTATIP2,35.520214078270634
HUNK,0.22922741892727946
HUWE1,3.9060764653295816
HYAL3,0.742040158579091
HYALP1,0.3354345050980549
HYI,39.89282472290603
HYKK,0.8437236065058267
IARS,698.0964706823327
IARS2,47.84685397594204
ICK,7.768815403183814
ICMT,30.084940040405492
IDH1,37.30289151934517
IDH2,14.953283520404204
IDH3A,281.8167481814206
IDH3B,284.92330251306583
IDH3G,119.97479762591335
IDI1,39.163483725396226
IDI2,0.060759653259568516
IDO1,1.1459018421153444
IDO2,0.005132545804159483
IDS,37.959383215229934
IDUA,27.751692255103098
IGF1R,8.079761469464568
IKBKB,37.97228280731338
IKBKE,2.899540980021914
IL4I1,0.44432943627807037
ILK,57.08593908950732
ILKAP,28.560800106054003
IMPA1,257.83217154988813
IMPA2,24.302811127358822
IMPDH1,35.42346192142915
IMPDH2,351.82878266348996
INMT,289.4813085984427
INPP1,698.3954350685946
INPP4A,5.186080432729172
INPP4B,3.7039471303333427
INPP5A,16.0265792639925
INPP5B,9.741790115204367
INPP5D,17.363136076518657
INPP5E,29.687659933791494
INPP5F,0.6404664624880606
INPP5J,1.062539279787575
INPPL1,13.2996704849737
INSL3,0.06873757464274309
INSR,12.911383441619858
INSRR,1.0159752111763551
IP6K1,22.709710963847982
IP6K2,36.30415104099725
IP6K3,0.02313893583960255
IPMK,2.302253228486153
IRAK1,37.31573766621101
IRAK2,2.461750378808024
IRAK3,10.079108753093848
IRAK4,8.592287431792155
IREB2,9.61135261594224
ISYNA1,175.1628664179099
ITK,2.8806728555456105
ITPA,384.48560248819473
ITPK1,10.828765292202451
ITPKA,0.14421646495001417
ITPKB,22.424776536843297
ITPKC,10.43810513527892
IVD,506.6381889322432
JAK1,95.47398725615398
JAK2,9.472064278626211
JAK3,3.962535901333497
JMJD7-PLA2G4B,0.19276672646590834
KALRN,3.418279253679884
KANSL3,42.36446813468083
KARS,475.3700551876973
KAT2A,256.0735315573099
KAT2B,24.367379423078905
KAT5,35.3753166888579
KAT6A,18.75736778879939
KAT6B,9.240998510641521
KAT7,21.158899070377686
KAT8,48.065047575470956
KCNJ11,0.091947480702434
KCNJ8,42.89487807768293
KDR,91.78011276710852
KDSR,21.09158101818988
KHK,3.0912359742640034
KIT,13.816838798946534
KL,2.494762152206641
KMO,0.11153721717290828
KMT2A,11.213158824194075
KMT2B,0.3354345050980549
KMT2C,8.106548590486925
KMT2D,9.296330286552113
KMT2E,50.68780278113793
KMT5A,0.08744585611927874
KMT5B,0.052531638327043204
KMT5C,0.3350355754164824
KPNA6,60.151967453629545
KYAT1,0.41426786262502635
KYAT3,10.315561941178165
KYNU,1.2886552596820242
L1CAM,1.7349853250983645
L2HGDH,0.8988792234496809
LALBA,0.09996023381633702
LAP3,870.7456782174904
LARS,450.5012317333892
LARS2,5.328701380948251
LATS1,0.9803641864994582
LATS2,31.397536263509412
LBR,71.36792065437264
LCAT,51.04737653831749
LCK,4.719809139558191
LCLAT1,1.7312728962990263
LCT,0.0012528403480471476
LDHA,3374.4652935976687
LDHAL6A,0.033172252560315314
LDHAL6B,0.22831034840150466
LDHB,350.0767164158504
LDHC,13.74100658898184
LDHD,10.296039042912536
LDLR,2.495103112912086
LGALS13,0.16621830202908744
LGMN,89.2262802580109
LGSN,0.0015132683737379797
LHPP,58.480847546525936
LIAS,0.989777490883649
LIMK1,8.276688480175281
LIMK2,20.521449443207842
LIPA,33.74810689116518
LIPC,0.030354236667780636
LIPE,35.603811513276106
LIPF,3.709878894050646
LIPG,0.42032129573551985
LIPT1,4.505799779307757
LIPT2,0.22180168453426227
LMTK2,6.251858936071288
LMTK3,0.7435573819323507
LOC102724197,0.3354345050980549
LOC286297,0.3354345050980549
LOC344967,0.3354345050980549
LOX,19.535518238512598
LOXL2,5.4714232869616355
LPCAT1,2.884215497819156
LPCAT2,6.6315599351792205
LPCAT3,23.592647271948124
LPCAT4,4.003836616443349
LPIN1,19.337529578427468
LPIN2,12.92136335034266
LPIN3,33.89870334684873
LPL,101.02197269191475
LPO,0.1697122996292287
LRAT,0.2558422738950292
LRP1,15.140036417401197
LRP2,7.434541688426362
LRRK1,0.263745094481713
LRRK2,2.6374137147613967
LRSAM1,14.839713884186592
LRTOMT,2.0843620852476614
LSS,131.15584706944873
LTA4H,652.8393787790839
LTC4S,1.1193264282750504
LTK,0.4600579362912456
LYN,13.624475068049925
LYPLA1,77.69505306474869
LYPLA2,75.81624416941861
LYZL1,1.4145390562382973
MACROD1,5.1065806205231405
MACROD2,0.3549292933039759
MAGEA2B,0.1626710879648594
MAK,0.10336595536828826
MAN1A1,3.8014652428826206
MAN1A2,3.5360758761683457
MAN1B1,2.1278459338731195
MAN1C1,21.55260174836832
MAN2A1,3.244616037908901
MAN2A2,27.261859668944822
MAN2B1,41.32154819575637
MAN2C1,159.30004465836078
MANBA,18.62659665008777
MANSC1,24.774445721832183
MAOA,393.3156364804929
MAOB,47.19369486277112
MAP2K1,268.9389688577244
MAP2K2,227.16158949391408
MAP2K3,11.580537508616327
MAP2K4,34.00088309215673
MAP2K5,8.474737111517985
MAP2K6,3.6411885183793586
MAP2K7,3.8104273830193627
MAP3K1,14.953283520404204
MAP3K10,8.088688164866
MAP3K11,51.97674807438992
MAP3K12,39.08553039557425
MAP3K13,2.7342415226300076
MAP3K14,16.184350050001644
MAP3K15,0.03595004700950784
MAP3K2,11.039786939444996
MAP3K20,0.20179825659102824
MAP3K21,0.03839897316107535
MAP3K3,42.21888124130189
MAP3K4,11.785895711185216
MAP3K5,9.985135366421483
MAP3K6,32.586430649928516
MAP3K7,0.7669174053586219
MAP3K8,77.16433608328671
MAP3K9,0.567001236227189
MAP4K1,4.268094153370716
MAP4K2,17.266827856516716
MAP4K3,19.57958082330819
MAP4K5,45.418169286654205
MAPK1,258.7472206067025
MAPK10,4.0864906515639605
MAPK11,26.809730633676494
MAPK12,4.817431001693647
MAPK13,3.122517887274743
MAPK14,56.4950175975654
MAPK15,7.216550216145086
MAPK3,220.29871580289074
MAPK4,0.09200900372074741
MAPK6,18.74646188112014
MAPK7,20.62179027652401
MAPK8,7.8130580172728195
MAPK9,6.076031409781671
MAPKAPK2,2.6415948956754143
MAPKAPK3,7.759974061176945
MAPKAPK5,21.069153018836573
MARCH1,2.5746865283358233
MARCH10,0.023205406047702003
MARCH11,0.007982758707868126
MARCH2,22.607035957770968
MARCH3,2.298282035075065
MARCH4,0.005259831615244523
MARCH5,12.236733788725722
MARCH6,34.67931630613035
MARCH7,59.9397026114055
MARCH8,9.751123071609593
MARCH9,5.858546682240734
MARK1,2.266571383139668
MARK2,21.535497743026802
MARK3,41.29522564499721
MARK4,14.03019524909014
MARS,102.50281515079905
MARS2,0.721379074622488
MAST1,0.10778434913551947
MAST2,22.789645784645
MAST3,7.443293373604046
MAST4,15.995069302713707
MASTL,0.08782316936150893
MAT1A,0.08818277732512701
MAT2A,211.07367141957704
MAT2B,205.07544942567716
MATK,1.1819204530635465
MBOAT1,14.3977489506497
MBOAT2,2.847898460302467
MCAT,12.17227666831058
MCCC1,9.910107830580067
MCCC2,15.903273316332891
MCEE,15.733062036212525
MDH1,3616.3071232146294
MDH1B,1.1307864645350274
MDH2,2972.162879287092
MDM2,0.022457789390331162
MDP1,95.34099194176156
ME1,164.59117225697642
ME2,31.904852795856122
ME3,23.316587628982116
MECR,7.487088516953465
MED1,0.578673318438061
MELK,0.003242870919563576
MERTK,5.031624743971614
MET,6.020358772459397
METTL1,17.577254972424004
METTL3,62.33812861618358
MGAM,0.01449754369267534
MGAT1,76.0514191434577
MGAT2,0.900681252073427
MGAT3,1.1824853431470583
MGAT4A,4.2834361134856325
MGAT4B,48.05140355543546
MGAT4C,0.25180795030558173
MGAT4D,0.02696149145334556
MGAT5,5.3796860965517235
MGAT5B,0.06830737659149157
MGLL,58.148569643219325
MGMT,14.613889835897004
MGRN1,21.484987299787683
MGST1,231.58414154768082
MGST2,48.607381758403406
MGST3,37.83044470476575
MIA3,10.286584467831599
MIB1,13.624475068049925
MIB2,34.43964704541919
MID1,8.276688480175281
MIF,45.096897390290735
MINK1,0.543226916116408
MINPP1,10.126173886702023
MIOX,0.006786028940360459
MIP,0.4037412759029347
MKNK1,32.7980553027504
MKNK2,93.6147184481848
MKRN1,27.297630584744187
MKRN2,18.921137277391647
MKRN3,0.06767758479257996
MLKL,37.57268965698163
MLYCD,11.001347345654182
MMAA,1.1683824038655792
MOCS1,24.309358371209207
MOCS2,14.04037446143142
MOGAT1,0.7481134721281587
MOGAT2,0.030401499931629664
MOGAT3,0.06832763191888709
MOGS,108.98401715619012
MOK,5.938048019501449
MOS,0.09191795284698573
MOXD1,0.8888373039955626
MPC1,58.148569643219325
MPC2,18.365709643479402
MPI,12.08952255241429
MPO,0.35280970386646354
MPST,2234.204857088367
MRPL58,13.330417578133794
MSMO1,23.730966507385364
MSRA,4.187001307323553
MST1R,12.662484266312878
MT1A,9.268654571149815
MT2A,242.7480066387436
MT3,0.9866536299375575
MT4,0.3354345050980549
MTAP,406.6241705715809
MTFMT,5.419420595581357
MTHFD1,113.88610936825059
MTHFD1L,3.005599488297075
MTHFD2,6.865924161561979
MTHFD2L,0.6197316587224473
MTHFD2P1,0.21507455196914482
MTHFR,8.008432503628946
MTHFS,13.725639125660985
MTMR1,2.444572951774909
MTMR14,19.91080098838276
MTMR2,1.2537294677351187
MTMR3,0.7639301602857455
MTMR6,4.428507685939142
MTMR7,3.365284621356207
MTMR8,0.43985961220814374
MTPAP,3.6440156410187208
MTR,1.0467300674381737
MTRR,10.647303008773369
MTTP,0.0016418288783690733
MUL1,24.066030160593726
MUSK,0.0402895514123989
MUT,0.3354345050980549
MVD,77.75862049985547
MVK,8.02625062642
MYBBP1A,91.80998930424204
MYCBP2,0.18531762423339773
MYLIP,48.447453926915856
MYLK,1.8200280407692855
MYLK2,0.09120996958237912
MYLK3,0.006499678861009773
MYLK4,0.2753605196024814
MYO3A,0.20634407059907697
MYO3B,0.009254809750011084
MYO5B,4.792192764451334
NAA10,43.653414976412726
NAAA,6.453308496809586
NADK,24.669618330947657
NADSYN1,24.646337730059223
NAGA,19.756067023529294
NAGK,25.17141206617919
NAGLU,41.62454408870492
NAGPA,6.297241567137037
NAGS,0.40099683203540254
NAMPT,469.4153903814178
NANP,1.4815990649899944
NANS,146.54067560774487
NAPRT,25.164291606310147
NAPSA,0.8599209746680309
NARS,2161.580722284681
NARS2,7.207862763829923
NAT1,3.4648285448258025
NAT2,0.21975413432404917
NCOA1,27.93141664005702
NCOA2,0.5489283693445156
NCOA3,3.8507931411009197
NCOA6,10.924564039781892
NCOR1,0.11473779101975258
NCOR2,1.487332508411605
ND1,0.7496282848946749
ND2,6.647572110665278
ND3,3.518721426725826
ND4,15.91921099634504
ND4L,0.3354345050980549
ND5,3.9860139175064595
ND6,2.1511623729121254
NDST1,17.81425185841777
NDST2,20.310002193993974
NDST3,0.008669857346645
NDST4,0.024005586560330774
NDUFA1,427.45971008944946
NDUFA10,51.766841184650545
NDUFA11,66.82650353932407
NDUFA12,8.435364258431433
NDUFA13,553.5080373985319
NDUFA2,10.110840976975568
NDUFA3,5.906017393155149
NDUFA4,27.14793514827494
NDUFA5,15.912759849441843
NDUFA6,30.86958087569643
NDUFA7,2.8268029814333957
NDUFA8,48.379466643837354
NDUFA9,27.274340254545937
NDUFAB1,91.19429231437579
NDUFB1,59.9397026114055
NDUFB10,129.59184037912726
NDUFB2,32.300635009773806
NDUFB3,86.97791635621105
NDUFB4,86.171972832957
NDUFB5,86.74561107320332
NDUFB6,19.411424745696714
NDUFB7,209.829125187118
NDUFB8,66.68388869683484
NDUFB9,11.228736495883787
NDUFC1,44.18760431869658
NDUFC2,26.629858071524364
NDUFS1,27.6460026653477
NDUFS2,43.26254584765736
NDUFS3,145.63665595510247
NDUFS4,97.85871658906439
NDUFS5,675.7468251957966
NDUFS6,12.824242114752996
NDUFS7,14.637335849074734
NDUFS8,50.66084705983333
NDUFV1,72.15579872297154
NDUFV2,63.46888963506326
NDUFV3,9.760458154589427
NEDD4,3.3529922891126342
NEDD4L,1.1429380752247513
NEK1,5.050771034346222
NEK11,3.4619835162044783
NEK2,0.028268961717828466
NEK3,9.713804016115631
NEK4,8.195991063898912
NEK5,0.7837738898434856
NEK6,0.6048951780962353
NEK7,48.76462147417141
NEK8,2.462423041104674
NEK9,2.8888589733617533
NEU1,42.64273750994318
NEU2,0.07868648115252536
NEU3,1.0099857460577255
NEU4,3.10757853235699
NEURL1,0.14715923590013888
NEURL1B,36.58519323281842
NGLY1,15.108482500860415
NHLRC1,0.3033607840181647
NIT2,651.2324140495286
NKTR,117.9636861713117
NLK,5.52517454680606
NLN,29.732521005799
NME1,2905.872153009257
NME2,281.45765578880633
NME3,107.81608614001556
NME4,104.50677419313288
NME6,0.47090876166450873
NME7,1.436587055904982
NMNAT1,2.425491739901354
NMNAT2,3.790923382153205
NMNAT3,4.910768660139792
NMRK1,8.737491645029902
NMT1,61.62267938703135
NMT2,4.366400558837429
NNMT,103.12766756011521
NNT,11.844518547600272
NOL9,5.265738011577503
NOS1,0.01739304898893465
NOS2,0.2562740244664916
NOS2P1,0.3354345050980549
NOS2P2,0.3354345050980549
NOS3,13.92849989691361
NOX1,0.0663367921152681
NOX3,0.09198887034239282
NOX4,0.30839719343326566
NOX5,0.43852076545117236
NPAS2,12.43452045150632
NPC1,6.406815314924386
NPC1L1,0.12850949433861164
NPR1,67.45238024458806
NPR2,36.81551984195205
NQO1,266.26800466690156
NQO2,110.19511651558074
NR1D1,77.07271846563567
NRF1,1.8756052994929464
NSD1,8.737491645029902
NSD2,0.8117852405670956
NSD3,0.8238692165195934
NSDHL,508.3522243680855
NSF,62.92653957788145
NT5C,158.8011042566708
NT5C1A,0.09219363151944712
NT5C1B,0.1894384753593545
NT5C1B-RDH14,0.037698419756150243
NT5C2,59.10507901379584
NT5C3A,18.365709643479402
NT5DC3,2.609527653913361
NT5E,31.311258963832
NT5M,1.0257942956072839
NTAN1,4.31647533240847
NTRK1,6.546534147116872
NTRK2,9.564869420076977
NTRK3,5.85441298453961
NUAK2,4.6031385162578
NUDT10,0.54857747790172
NUDT11,0.7521688830061132
NUDT12,4.252765307846179
NUDT2,24.926049569197755
NUDT3,20.557342731129438
NUDT4,14.963618243685847
NUDT5,124.69967862341528
NUDT9,15.618458913626258
OARD1,7.103808120959937
OAT,517.749307109338
OBSL1,3.4555098259435226
OCRL,14.65431845585299
ODC1,6.177862151523957
OGA,13.207835039605774
OGDH,410.3447262158027
OGT,242.18135269897286
OLAH,0.029178383152217262
OPLAH,14.510506622442662
OTC,0.007995973280653929
OTUD5,77.16433608328671
OXCT1,131.6139199803251
OXCT2,0.016488223289394272
OXSM,3.9173974142142254
OXSR1,22.163395507378866
P4HA1,38.398553407583584
P4HA2,39.20049391916964
P4HA3,1.0940402656262023
P4HB,396.743512974499
PADI1,0.007367383280414789
PADI2,1.4483089192011345
PADI3,1.4480638550391858
PADI4,0.264984776258879
PADI6,0.0018708043852215226
PAFAH1B2,721.690321794296
PAFAH1B3,180.44799515943774
PAFAH2,5.768589932630561
PAH,0.00286241595196902
PAICS,130.63205251281553
PAK1,27.276967521810086
PAK2,153.35018651743505
PAK3,0.7666423290804082
PAK4,0.3438372319395343
PAK5,0.1843105272396382
PAK6,0.2115045239680856
PAM,0.7058585944176924
PAN2,56.739233616467224
PANK1,1.3396323958894316
PANK2,5.223057097531159
PANK3,11.484119384866366
PANK4,11.776131972980048
PAOX,2.139464023429724
PAPOLA,6.354352670838965
PAPOLB,0.006318153466316218
PAPOLG,4.275763495646638
PAPSS1,64.21486526429177
PAPSS2,64.07115108265253
PARP1,40.948374618867355
PARP10,5.686609029219492
PARP11,3.1860208333097946
PARP12,3.222772284357017
PARP14,25.33530423529279
PARP15,4.696262600040947
PARP16,10.296039042912536
PARP2,18.503008568503084
PARP3,48.64728662177453
PARP4,4.10928079287939
PARP6,58.20568509334079
PARP8,4.932185367801546
PARP9,14.561829230667014
PARS2,1.319880929090187
PASK,1.5891990082866805
PBK,0.3202581200279196
PC,53.28476147792341
PCBD1,47.969558802746384
PCBD2,3.5758704344184578
PCCA,9.629960900969655
PCCB,1.772308840669382
PCK1,32.39997420914352
PCK2,7.937254429816965
PCMT1,473.24337975329655
PCYOX1,142.15410178324328
PCYT1A,17.431902815742355
PCYT1B,0.07859769873092351
PCYT2,7.112465571457368
PDE10A,2.2001915369577114
PDE11A,0.02706717094471358
PDE1A,10.457082238106144
PDE1B,19.9439956117474
PDE1C,1.4358716985221247
PDE2A,61.72918513057121
PDE3A,11.203510204647099
PDE3B,1.3152436925758244
PDE4A,13.332111053405848
PDE4B,18.07326288868577
PDE4C,1.3723156044285183
PDE4D,4.480960893743952
PDE5A,11.824969911081524
PDE6A,0.0037524049596444134
PDE6B,1.5547409588623506
PDE6C,0.11099003443828072
PDE6H,0.05329392155130753
PDE7A,8.357573600692477
PDE7B,16.723504160010467
PDE8A,21.484987299787683
PDE8B,9.592752901808092
PDE9A,11.145660043139989
PDF,1.0460482603360468
PDGFRA,39.37153980210959
PDGFRB,404.8810394388169
PDHA1,215.65438938099024
PDHA2,8.963593332760542
PDHB,89.2262802580109
PDHX,15.312792623667997
PDIA2,2.3666794932167114
PDIA3,3544.4357426624733
PDIA4,977.4306346237191
PDIA5,51.984403185658174
PDIA6,435.20923869892016
PDK1,0.35284386742716145
PDK2,22.926832221411857
PDK3,4.059256990366372
PDK4,281.7657518497838
PDP1,6.92258407568435
PDP2,1.3013553409316816
PDPK1,1.069950808216712
PDPR,10.495061037161552
PDXK,12.050241778884072
PDXP,0.6635218699815427
PDZD4,4.592992251309724
PEAK1,20.343353927073093
PECR,127.55681336175984
PEMT,20.8004610514393
PEPD,49.52602118587283
PEX11A,7.121125530856028
PFAS,104.13415769958429
PFKFB1,5.438095453248299
PFKFB2,1.3652962939492947
PFKFB3,58.76325892314598
PFKFB4,0.842160017392113
PFKL,116.7824388254204
PFKM,53.69322084806757
PFKP,273.81032209332807
PGAM1,39.592886456402745
PGAM2,92.14558842160893
PGAM5,18.101156710658856
PGAP1,2.2692099282858385
PGD,1159.8100067540427
PGGHG,0.02991860446325157
PGK1,95.89191087336553
PGK2,23.296392096478
PGLS,1242.6185514049987
PGLYRP1,0.6523869342273313
PGLYRP2,0.00319546340633307
PGLYRP3,0.01572942767765221
PGLYRP4,0.2601296063498426
PGM1,248.06340388769993
PGM2,184.076462672867
PGM2L1,1.0940402656262023
PGM3,88.17527734306994
PGP,35.70276193508909
PGS1,18.921137277391647
PHEX,0.025832466123740124
PHGDH,771.2788867162527
PHKA1,0.3760880078170185
PHKA2,10.504560854875132
PHKB,16.946724727862946
PHKG1,0.823451012076509
PHKG2,9.462795621735886
PHLPP1,3.464901826553887
PHLPP2,9.863284117361518
PHOSPHO1,0.3213845351145957
PHPT1,94.57532272712291
PHYH,26.170344842405417
PHYKPL,34.54051219655316
PI4K2A,1.2525416385130235
PI4KA,3.038165620472976
PI4KB,2.164565427685262
PIGA,6.400059341302384
PIGB,6.315753159852127
PIGC,7.1557904255174964
PIGF,3.618928731212817
PIGG,9.629960900969655
PIGH,12.692291201983467
PIGK,8.106548590486925
PIGL,5.619129727415246
PIGM,2.8339790321729903
PIGN,4.24893514851739
PIGO,13.231646996713197
PIGP,1.6715195934269897
PIGQ,9.872644636464901
PIGS,16.45673190552105
PIGT,14.776109573973294
PIGU,1.5905444268384537
PIGV,4.711957179135112
PIGW,1.4093068250832355
PIGX,1.1477791455561335
PIGY,0.3354345050980549
PIGZ,9.89137201207849
PIK3C2A,2.2145127169427665
PIK3C2B,14.081108872132651
PIK3C2G,0.02720520309803697
PIK3C3,0.10666486493827827
PIK3CA,8.348577125502219
PIK3CB,0.42740953237258533
PIK3CD,19.359504597162747
PIK3CG,0.4488099883686646
PIK3R1,5.800805667106138
PIK3R2,19.381485554435166
PIK3R3,8.755682819744397
PIK3R4,40.44985492089375
PIK3R5,2.0727324726860723
PIKFYVE,8.901535399941798
PIM1,80.40257630796582
PIM2,11.435620785740557
PIM3,85.29504911991864
PIN1,473.18187571477233
PIN4,5.489326473085985
PINK1,27.405010262192135
PIP4K2A,19.513495810031593
PIP4K2B,11.445513731189234
PIP4K2C,27.249938511695085
PIP5K1A,1.2239434787006895
PIP5K1B,0.23865235910157168
PIP5K1C,28.147449702223618
PIP5KL1,0.5098576204243401
PIPOX,0.1749969218159339
PISD,2.5238615806878557
PJA1,21.914063427404916
PJA2,81.45289091234471
PKLR,0.017579535022883667
PKM,251.20830177551017
PKMYT1,0.052700392508061154
PKN1,83.00333902478971
PKN2,7.773384748191166
PKN3,9.592752901808092
PLA2G10,0.012715767504516725
PLA2G12A,0.9380615205341238
PLA2G12B,0.031017509241083825
PLA2G15,12.801725764914273
PLA2G16,40.62535339940327
PLA2G1B,0.21816744094279558
PLA2G2A,144.0555931845342
PLA2G2C,0.0030565474259308173
PLA2G2D,0.061709013438772234
PLA2G2E,0.10480083352838437
PLA2G2F,0.017105401618544066
PLA2G3,0.019881840717782588
PLA2G4A,33.288710260497176
PLA2G4B,49.0772541251561
PLA2G4C,6.862424693393
PLA2G4D,0.002740477253515394
PLA2G4E,0.008146921125803865
PLA2G4F,0.3354345050980549
PLA2G5,2.436892678956215
PLA2G6,18.365709643479402
PLA2G7,0.15869378479627233
PLB1,1.0548358310702564
PLCB1,7.121125530856028
PLCB2,14.45922718280388
PLCB3,3.737103584724266
PLCB4,9.139761613001644
PLCD1,29.015519822799238
PLCD3,15.477339974307682
PLCD4,1.7250897243955754
PLCE1,4.689204107730735
PLCG1,4.664035176574014
PLCG2,11.126392508232536
PLCH1,0.03283481737236708
PLCH2,1.0713595236169426
PLCL1,3.1938905948894907
PLCL2,7.566073516033843
PLCXD2,0.07785773718481548
PLCZ1,0.0014373487546262224
PLD1,12.722114807650863
PLD2,34.13747359509301
PLD3,21.42482756842711
PLD4,0.5584799683982143
PLD6,4.421326632789723
PLG,0.013585071339486386
PLIN1,266.69039351731305
PLIN2,142.1097472380621
PLIN3,20.766932349712768
PLIN4,168.06696001479062
PLK1,0.29073735469522655
PLK2,102.3592797481182
PLK3,34.94467327329891
PLK4,0.41063200602740874
PLOD1,20.692955929496485
PLOD2,24.816371752752918
PLOD3,32.37143085020699
PLPBP,1.3790311261442316
PLPP1,5.389883230682263
PLPP2,2.123055391477898
PLPP3,4.2032094621878
PLPP4,0.019762828557283812
PLPP5,0.0656688155578048
PLPP6,0.050042688733332445
PLPP7,1.1305815492037874
PLPPR2,0.3307009692228308
PLPPR3,0.9307949846236876
PLPPR4,0.11900942508124815
PLPPR5,0.012456429933028047
PLTP,368.5763534750895
PLXNB3,2.670282995008443
PMM1,9.350670062150424
PMM2,46.56072182561237
PMPCA,29.16503474818159
PMVK,317.78844878442635
PNCK,0.04023900999443798
PNKP,40.935446807078485
PNLIP,1.373486321946332
PNLIPRP1,0.02470159944346748
PNLIPRP2,0.09426126834105493
PNLIPRP3,0.018139233522564087
PNMT,0.5158774329298892
PNP,586.1610846440852
PNPLA2,698.2077644233334
PNPLA3,0.5961049547290309
PNPLA4,5.184474170997333
PNPLA6,0.7916051625240953
PNPLA7,9.518439928603783
PNPLA8,9.490608068827372
PNPO,6.931188465359043
PNPT1,5.5080282013703
POLA1,3.644520286184391
POLA2,2.2764927483981454
POLB,11.03437214251401
POLD1,1.0525733815038276
POLD2,6.167409269229094
POLD3,0.6514385761523488
POLD4,53.343271338796086
POLE,0.08210746990460707
POLE2,0.41458930328008564
POLE3,31.244186659282615
POLE4,9.767263737659484
POLG,22.504471822048277
POLG2,10.314954392596984
POLH,5.065940778209763
POLI,11.649378982455056
POLK,9.18574547762436
POLL,10.409654873868725
POLM,17.58834972397548
POLN,0.7552138616105047
POLQ,0.02338288145341636
POLR1A,0.8731999979687962
POLR1B,0.46906940450289597
POLR1C,15.214712924303827
POLR1D,23.339563036047647
POLR1E,31.07322093784933
POLR2A,5.209971441922064
POLR2B,15.529000224539109
POLR2C,83.183089733734
POLR2D,14.286244949657087
POLR2E,124.2073291182266
POLR2F,4.818220204781596
POLR2G,21.434207693749354
POLR2H,255.56856180487324
POLR2I,23.165548728485437
POLR2J,18.876909797351765
POLR2K,37.35428242199471
POLR2L,278.23747502389335
POLR3A,0.3098318468939186
POLR3B,2.4407667816582235
POLR3C,0.7657716879735923
POLR3D,7.848495108095261
POLR3E,17.545398664081347
POLR3F,7.9194835709757365
POLR3G,0.7599175783735225
POLR3GL,79.90943574434736
POLR3K,6.538045950714998
POLRMT,6.677646501365565
POMGNT1,15.555487417963024
POMT1,13.969156905288704
POMT2,6.103655119830261
PON3,8.088688164866
POR,126.31748111593465
PPA1,1275.510005355423
PPA2,113.09518477824601
PPARA,2.4328673652523336
PPAT,6.516879752825096
PPCDC,3.700240925616913
PPCS,69.4903617547551
PPEF1,0.00843318385061513
PPEF2,0.05149130828962129
PPIA,325.7692139384485
PPIAL4A,0.3354345050980549
PPIAL4C,0.3354345050980549
PPIAL4E,0.3354345050980549
PPIAL4G,0.008778731194963613
PPIB,4360.802782080228
PPIC,52.06579572641654
PPID,613.9275291583716
PPIE,6.696191087237919
PPIF,72.04918605280575
PPIG,14.730037139486642
PPIH,747.75058200798
PPIL1,109.83789190241
PPIL2,1.3604780594064785
PPIL3,63.84716152106244
PPIL4,8.70042961595715
PPIL6,0.22347214219827008
PPIP5K1,2.8604398076196444
PPIP5K2,4.8253244168367235
PPM1A,2.1175243120976908
PPM1B,18.506914729863404
PPM1D,16.100159850325515
PPM1E,0.06676401044830502
PPM1F,27.524316022598665
PPM1G,17.642378602396207
PPM1K,3.6780222635099697
PPM1M,39.4756661409705
PPOX,13.979325562782972
PPP1CA,168.84942528733924
PPP1CB,251.25804968524133
PPP1CC,61.45417885436329
PPP1R1A,13.59416062091681
PPP1R1B,9.36098321939485
PPP1R2,83.46701742103266
PPP1R3A,0.06646892507772041
PPP1R3B,17.781938147391212
PPP1R3C,33.597670213794686
PPP2CA,133.08777133383634
PPP2CB,72.91672053562792
PPP2R1A,374.86344765823
PPP2R1B,31.916510024446342
PPP2R2A,153.65302437439271
PPP2R2B,0.34394058950874445
PPP2R2C,3.4539611819623777
PPP2R3A,1.9401184042358623
PPP2R3B,10.599671360666557
PPP3CA,600.7145482844614
PPP3CB,36.54683893803426
PPP3CC,17.889704771738284
PPP3R1,257.901823754492
PPP3R2,2.4370537589271226
PPP4C,67.93849874733554
PPP5C,34.98321228596746
PPP6C,199.14383618774042
PPT1,8.64121058320418
PPT2,41.12422645158093
PPWD1,37.54022170854036
PRAG1,0.3354345050980549
PRDX1,12513.889767838022
PRDX2,5246.826630656136
PRDX3,68.29669350301926
PRDX6,1328.2500586710298
PREP,74.58779939484167
PRKAA1,35.183735182707615
PRKAA2,1.6960995770621277
PRKAB2,9.222572071559725
PRKACA,756.9527410698333
PRKACB,38.14448772825099
PRKACG,0.00808897999869246
PRKAG2,8.45668670874789
PRKAR1A,33.80875060164636
PRKAR1B,14.4284802732696
PRKAR2A,26.66431196387786
PRKAR2B,138.21926213766423
PRKCA,3.565205465065136
PRKCB,2.357354768889721
PRKCD,3.0041986956044293
PRKCE,2.0934180332297094
PRKCG,0.007217625145491977
PRKCH,13.281856416595518
PRKCI,8.286192315083596
PRKCQ,1.086836575171424
PRKCSH,367.8521095487417
PRKCZ,1.1034775314640777
PRKD1,1.1220121973583101
PRKD2,41.62454408870492
PRKD3,16.681065955073514
PRKDC,1.3892124414002458
PRKG1,14.479733773307586
PRKG2,0.14469597534696196
PRKN,0.21524163632635238
PRKX,3.9354380360003143
PRKY,6.640076857543413
PRODH,1.60011773241637
PRODH2,0.12287666683770339
PRPF19,405.59670178954855
PRPF4,186.00657485355708
PRPF4B,52.696691307741595
PRPS1,675.5706971989489
PRPS1L1,1.6993128857058533
PRPS2,11.367804932856792
PRRT2,45.22025020936224
PSAP,75.04592303489996
PSAT1,9.330883445985826
PSKH1,10.599671360666557
PSKH2,0.11813839957802594
PSPH,369.9883780210374
PSPHP1,0.3354345050980549
PTDSS1,14.223900052403227
PTDSS2,16.98932267429069
PTEN,15.102713694793033
PTGDS,1661.627660898046
PTGES,46.221078521315754
PTGES2,55.88866479258431
PTGES3,3850.0156928460865
PTGIS,389.8087999861809
PTGR1,236.5626929339106
PTGS1,48.215883222012735
PTGS2,16.215948297386696
PTK2,2.8777377828296724
PTK2B,35.50221503261168
PTK6,0.4358459900865131
PTK7,1.5071876825660027
PTP4A2,3.4614038464151022
PTP4A3,82.92565160487331
PTPDC1,3.809570174387068
PTPMT1,14.574079100512426
PTPN1,30.340876769666593
PTPN11,17.487485680751806
PTPN12,11.121808978177977
PTPN13,30.097145309754705
PTPN14,6.521077425947667
PTPN18,57.94877074011754
PTPN2,16.49203171002285
PTPN21,13.735765320657444
PTPN22,1.627492114278647
PTPN23,24.046236912270764
PTPN3,3.669143725142919
PTPN4,2.1975723266691762
PTPN5,0.08763500200148018
PTPN6,19.074293851478636
PTPN7,1.8152566306186477
PTPN9,0.8530034633865833
PTPRA,0.7741537412987928
PTPRB,18.528661416417563
PTPRC,12.335714115836845
PTPRD,3.3500761704222435
PTPRE,7.390820063085526
PTPRF,69.39653430208504
PTPRG,8.02625062642
PTPRH,2.510293487066265
PTPRJ,1.2227557779158031
PTPRK,7.513394922834769
PTPRM,36.597980125245584
PTPRN,0.06856541828995913
PTPRN2,5.7085295001579635
PTPRO,0.9291649970355019
PTPRQ,4.61485236250169
PTPRR,0.0227190153609956
PTPRS,75.04854450803857
PTPRT,0.6504262076017205
PTPRU,8.664817143202402
PTPRZ1,1.151512228740202
PTRH1,0.237424790112319
PTRH2,244.68104448366705
PTS,8.947231670825788
PUS1,7.684320488600695
PXDN,3.4418439621664088
PXDNL,0.141926926189668
PXYLP1,0.3900283303635837
PYCR1,5.101912245935529
PYCR2,293.8042453666031
PYCR3,18.52640291410028
PYGB,316.1029849217306
PYGL,54.704106770650526
PYGM,24.100755640085335
PYURF,0.6402221518630032
QARS,371.154595214915
QDPR,570.1821544821061
QPCT,0.49511170892556594
QPRT,49.37914580913754
QTRT1,85.2168562859963
QTRT2,3.0803803903498332
RAD1,1.0032458741565964
RAD18,2.489365331512098
RAD9A,16.765968012576675
RAF1,0.6399684494805928
RAG1,0.12920946379794615
RALBP1,32.67353072167476
RARS,309.83361339497935
RARS2,17.450831910052127
RBBP6,0.6356531208450211
RBKS,4.856138088171253
RBP1,331.28561569127197
RBP2,0.01824640157736742
RBP4,39.80148214392933
RCHY1,9.324025626166732
RCL1,8.816442063716256
RDH10,21.778347677636972
RDH11,264.9228113875447
RDH12,0.01974675151229831
RDH13,4.156829005380377
RDH14,36.21984599370902
RDH16,0.3754295050148955
RDH5,36.30415104099725
RDH8,0.0072092335276042535
REG3A,15.598236131061894
RENBP,10.390698306236429
RET,4.515899903437727
REV3L,8.375573466409868
RFC5,28.070313715271574
RFK,15.648725273870678
RFWD3,6.66564322301908
RGL1,102.98042363297753
RHAG,0.026425240729649992
RHBG,0.003869192527862583
RHCG,0.027828406698637183
RING1,115.97407941655167
RIOK1,1.1897000583020827
RIOK2,0.258394767276334
RIOK3,35.210510710445845
RIPK1,12.511287378986525
RIPK2,3.9150111778246397
RIPK3,28.414975342605025
RIPK4,4.891750228606822
RIPOR1,1.8350848174091228
RNF103,31.01588087439859
RNF115,9.342500073151657
RNF123,13.15140620047768
RNF125,7.866227955544772
RNF126,34.04945920851937
RNF128,0.0674774880539705
RNF13,38.35975477073631
RNF130,13.654805577478724
RNF133,0.17324235038283525
RNF138,13.131364167469215
RNF139,26.111328726521137
RNF14,16.01607430368442
RNF144A,10.561602677301128
RNF144B,2.8089650476669505
RNF146,60.77515873799208
RNF149,24.809411680884292
RNF152,13.958990009282195
RNF167,111.05227658355824
RNF180,2.144693781878885
RNF182,1.2267434245775761
RNF185,31.175794628585315
RNF187,66.68431676035632
RNF19A,64.26115615621165
RNF19B,16.458687520045245
RNF2,7.782630506839281
RNF20,2.448432669423808
RNF216,16.110677907947817
RNF217,7.425792454598957
RNF25,25.558133400553874
RNF31,22.858214507419437
RNF40,2.658287107220288
RNF41,23.869477898001215
RNF5,61.61335739540196
RNF8,3.376883006374289
RNGTT,5.00078225040658
RNMT,78.24187898515416
ROCK1,10.567664162142433
ROCK2,18.855814396710603
ROR1,5.196524019602959
ROR2,0.2741333321242743
RORA,7.329713105965799
ROS1,0.00041755753466972374
RPAP2,1.4429755559598467
RPE,122.63845363573205
RPE65,0.004155260832991187
RPIA,43.62642032330519
RPL14,2719.5289276766894
RPN1,552.1650598550502
RPN2,425.86922208065727
RPP14,26.60309988489693
RPS6KA1,11.979212058157412
RPS6KA2,6.0949062740835
RPS6KA3,3.5520864244958483
RPS6KA4,1.0258886160974896
RPS6KA5,2.377347037472411
RPS6KA6,0.41546992796261023
RPS6KB1,2.704501070548382
RPS6KB2,34.91938045056285
RPS6KC1,0.4605288268132353
RPUSD4,1.3148866774696317
RRM1,18.094749891424335
RRM2,0.1218486352962633
RRM2B,12.286381402107981
RTCA,14.17286384849424
RWDD2A,2.2659118610333793
RXRA,15.37839397560341
RYK,47.098621299009835
SACM1L,21.349910309461826
SAE1,201.96199119752842
SAP130,1.3039477109007722
SARDH,0.7590089714973145
SARS,234.24004224021485
SARS2,16.005570983070257
SAT1,791.7154233759348
SAT2,144.41005895434432
SBK1,0.3330348261163227
SC5D,11.581262867381946
SCARB1,30.084940040405492
SCARF2,25.464253995628166
SCD,53.55317569529626
SCD5,5.369155983455461
SCLY,2.2678905643824736
SCP2,225.62386354644744
SDC1,0.4086894657519843
SDHA,234.6709417289666
SDHB,142.20468428053377
SDHC,20.45114711802104
SDHD,4.530114695719286
SDR16C5,0.02216929354563615
SDR42E1,2.278450585435269
SDR42E2,0.060982716728241765
SDR9C7,0.057382289619918925
SDS,0.1034608500125273
SDSL,1.686257337862523
SEC11A,368.6257501885956
SEC11C,3.498187661716821
SELENOI,0.1784505883933933
SEPHS1,668.6921398079633
SEPHS2,25.76966216997684
SERPINA1,1.5601697355485562
SERPINA3,2.322133631770607
SETD1A,0.39375324889927976
SETD1B,15.451256346228542
SETD2,0.07052385614016324
SETD5,54.661897059549304
SETD7,5.813923354384995
SETDB1,0.4334761814957562
SETDB2,4.498034117596871
SETMAR,13.081290939077254
SFXN3,2863.5571354827725
SGK1,103.89742044895476
SGK2,2.8709009394448977
SGK3,4.258128910449258
SGMS1,13.452906132821193
SGMS2,8.24976843792972
SGPL1,45.1171300487182
SGPP1,8.655742998009195
SGPP2,3.068532680013173
SGSH,29.82890198675505
SH3RF1,10.16386352852804
SH3RF2,1.819011118434837
SH3RF3,4.023667383392428
SHMT1,128.257715127357
SHMT2,364.6438366816955
SHPK,8.447664943743726
SHPRH,1.692407139927607
SI,0.18373547314711697
SIAE,12.128833726758366
SIAH1,5.769413716103348
SIAH2,18.246429833946504
SIK2,25.452524853836668
SIK3,3.590487704470508
SIN3A,5.58034076709526
SIN3B,0.3372471437885676
SIRT1,15.087767280924187
SIRT2,48.310797447861546
SIRT3,10.381223107356263
SIRT5,7.910601698132588
SIRT6,10.211022393050294
SIRT7,15.974070865030727
SLC10A1,0.04719485679800851
SLC10A2,0.058748703153154044
SLC10A6,1.7090381674301105
SLC11A1,1.1892690299764543
SLC11A2,9.084653587002746
SLC12A1,0.0005982701460163991
SLC12A2,1.8341640967807267
SLC12A3,0.003755278319283507
SLC12A4,1.1075332315338207
SLC12A5,0.005527630727515389
SLC12A6,0.16777762764412898
SLC12A7,3.6641959020945825
SLC13A1,1.3898493503991496
SLC13A2,0.9791894450655247
SLC13A3,1.52226325717499
SLC13A4,0.12830966940991861
SLC13A5,0.0885788974098972
SLC14A1,8.819422742371762
SLC14A2,0.3536571769931309
SLC15A1,0.023805670482718075
SLC15A2,0.816202399216091
SLC15A3,32.66108446684679
SLC15A4,9.472064278626211
SLC16A1,34.21714024781909
SLC16A10,0.04880218083501929
SLC16A2,23.155910775245797
SLC16A3,5.0587537603414985
SLC16A7,0.9100093289811597
SLC16A8,1.1430990966079662
SLC17A1,0.06505057075080632
SLC17A2,0.014797084619435076
SLC17A3,0.007563665421957555
SLC17A4,0.0019564689647931003
SLC17A5,19.282618035901095
SLC17A6,0.03561924497624714
SLC17A7,5.395085089146327
SLC17A8,0.0023246028600608366
SLC18A1,0.002667395821002533
SLC18A2,7.0173719591658275
SLC18A3,0.0018489247761565763
SLC19A1,2.097949508713622
SLC19A2,18.21393110999217
SLC19A3,14.520767693159128
SLC1A1,3.4175519702129695
SLC1A2,0.3668544839173519
SLC1A3,2.231679830871314
SLC1A4,1.143117821200567
SLC1A5,21.846180468728214
SLC1A6,0.001821056978688339
SLC1A7,3.3486286020292044
SLC20A1,32.47452622318706
SLC20A2,7.981723005466236
SLC22A1,0.0693696921120362
SLC22A10,0.10034501076203277
SLC22A11,0.010412763062904945
SLC22A12,0.06488915388784632
SLC22A13,0.010611016953029767
SLC22A16,0.002546212454752176
SLC22A18,9.975749562456492
SLC22A2,0.011103067835081462
SLC22A3,3.363110981976089
SLC22A4,1.3940122388519918
SLC22A5,15.995069302713707
SLC22A6,0.007867223606343225
SLC22A7,0.00985412311946828
SLC22A8,0.0019540087839696376
SLC22A9,0.11807453767167743
SLC23A1,0.2142841644012176
SLC23A2,23.305101945449177
SLC24A1,4.587531085984675
SLC24A2,0.0006483991124334053
SLC24A3,28.21954865993752
SLC24A4,0.06859410387876373
SLC25A1,559.2237041594944
SLC25A10,5.8610272341503755
SLC25A11,864.1331204096441
SLC25A12,424.0743626841772
SLC25A13,214.45172087111536
SLC25A14,4.621102643154255
SLC25A15,0.9591500878072402
SLC25A16,4.132131365841285
SLC25A17,6.2574902549827955
SLC25A18,2.0250852923834626
SLC25A19,2.7611696676041864
SLC25A2,0.07655946629434093
SLC25A20,18.550414179581455
SLC25A21,0.6086143597495438
SLC25A22,7.35588701462646
SLC25A26,4.541562825386248
SLC25A27,34.09974652191573
SLC25A28,74.35145028523637
SLC25A29,43.041015725363046
SLC25A3,1864.6329278803971
SLC25A37,22.322410157993097
SLC25A4,228.37578135382267
SLC25A5,2206.2817350797186
SLC25A6,999.8852592880323
SLC26A1,0.397070923452888
SLC26A11,16.56449341644198
SLC26A2,2.847898460302467
SLC26A3,0.003640754427230116
SLC26A4,0.7536910063065762
SLC26A6,11.53266678132723
SLC26A7,2.0921237544248648
SLC26A8,0.02619687186786102
SLC26A9,0.020024490994648366
SLC27A1,5.28169307992167
SLC27A2,0.3023803759655916
SLC27A3,65.00785090038555
SLC27A4,2.0718322381433714
SLC27A5,1.3963626649405412
SLC27A6,0.007190780151552582
SLC28A1,0.040314827782583475
SLC28A2,0.0012972829315333024
SLC28A3,32.98505328526777
SLC29A1,173.78770757650597
SLC29A2,2.7245903526485336
SLC29A3,5.121922536353621
SLC29A4,5.677324487678125
SLC2A1,2.4763818660892327
SLC2A10,10.069701992377627
SLC2A11,3.329101018429062
SLC2A12,1.270810171904786
SLC2A13,0.7730343350691851
SLC2A14,0.060453259044686146
SLC2A2,0.003166459156037546
SLC2A3,1266.0139270909065
SLC2A4,9.42574260811004
SLC2A5,0.2618630265552255
SLC2A6,2.3460436823915383
SLC2A7,0.02769435809366143
SLC2A8,4.766986123700063
SLC2A9,0.2759596981519701
SLC30A1,11.300085234371501
SLC30A6,8.646671116399876
SLC30A7,28.263559063733187
SLC31A1,4.994180141906162
SLC32A1,1.4740945089441455
SLC33A1,691.5262107002582
SLC34A1,0.052920680058348275
SLC34A2,0.034335364034298634
SLC34A3,0.12767737922748643
SLC35A1,34.2884810932957
SLC35A2,9.732459286441022
SLC35A3,7.557287669540025
SLC35B2,0.7926224574001849
SLC35B4,4.055452646730678
SLC35C1,7.060558558137249
SLC35D1,5.73648423699683
SLC35D2,12.92136335034266
SLC36A1,3.20104893112932
SLC36A2,0.0025239674907827038
SLC36A4,2.354692172099061
SLC37A1,1.9185374536211475
SLC37A4,6.504119403810052
SLC38A1,13.63458345408479
SLC38A2,437.81828218817526
SLC38A3,0.38448371539020854
SLC38A4,0.39968717465763914
SLC38A5,3.215377035364407
SLC39A7,37.53320719070012
SLC3A1,0.020647368914169704
SLC3A2,42.53541961193963
SLC40A1,248.78404458350988
SLC41A1,13.372347258958659
SLC41A2,7.138452969962963
SLC43A1,22.174744718872393
SLC43A2,5.88584648855781
SLC46A1,3.2125101963669422
SLC47A1,0.5636837615410635
SLC47A2,0.04988966405987385
SLC4A1,0.09200900372074741
SLC4A10,0.01691863653180234
SLC4A2,30.721170807821576
SLC4A3,17.91127668042123
SLC4A4,11.097506092073006
SLC4A5,0.8761912880682851
SLC4A7,0.6701844883460507
SLC4A8,0.04901392422783943
SLC4A9,0.33178186944024235
SLC51A,0.6509162575512819
SLC51B,0.8484185110334591
SLC52A1,0.018771469070949447
SLC52A2,14.777853791999867
SLC52A3,0.2615473915991814
SLC5A1,0.02153566004594421
SLC5A10,0.14008799628308163
SLC5A11,0.008803360297242532
SLC5A12,0.0010809996814195501
SLC5A2,0.0895557583564218
SLC5A3,0.1255683507315296
SLC5A5,0.04557442992829464
SLC5A6,14.623473230752804
SLC5A7,0.025968975858533513
SLC5A8,0.011598486098583131
SLC5A9,0.4555508086872269
SLC6A1,1.3881403004966968
SLC6A10P,0.3354345050980549
SLC6A11,0.010579751371034903
SLC6A12,0.024409559418115127
SLC6A13,0.041787272142438235
SLC6A14,0.3354345050980549
SLC6A18,0.020564936803086797
SLC6A19,0.1185497404542115
SLC6A2,0.034505778446493635
SLC6A20,0.028152866609452255
SLC6A3,0.6129589009664412
SLC6A4,0.45420073271150513
SLC6A5,0.10319845039380167
SLC6A6,1.6204727841914244
SLC6A7,0.04286131334656933
SLC6A8,3.4204613250533558
SLC6A9,5.775180984203528
SLC7A1,2.9233424626428257
SLC7A10,15.753984669327483
SLC7A11,0.07638283269263242
SLC7A2,27.763665285741496
SLC7A3,0.021166264189388564
SLC7A5,0.528902142172204
SLC7A6,6.555024963820618
SLC7A7,5.923951088288977
SLC7A8,21.473723142968776
SLC7A9,0.1840136888458545
SLC8A1,4.334926916833638
SLC8A2,0.08648126293794232
SLC8A3,0.15697973964468423
SLC8B1,11.010954251911986
SLC9A1,15.191410955638588
SLC9A2,0.007851807131948284
SLC9A3,0.2202478117419876
SLC9A4,0.314551529377227
SLC9A5,2.748733488471089
SLC9A7,0.10317622828115201
SLC9A8,9.555579221056005
SLCO1A2,0.0008071736162630131
SLCO1B1,0.5745214485775751
SLCO1B3,0.04767210311424515
SLCO1C1,0.38708003443286954
SLCO2A1,42.04697794907876
SLCO2B1,17.053267277074927
SLCO3A1,14.377270070235614
SLCO4A1,13.01126501234103
SLK,32.76627049520403
SMARCD3,34.70456764526207
SMG1,1.1503949270893183
SMPD1,30.060533037228563
SMPD2,7.038677960762347
SMPD3,41.466393538441764
SMPD4,10.802496490359841
SMS,104.14914879050083
SMURF1,21.02431406618412
SMURF2,15.056707141074124
SMYD3,4.082055852666936
SNRK,53.95954620603125
SOAT1,4.107767201685031
SOAT2,0.5080087594470926
SOD1,1668.1938478575998
SOD2,42.15274483656255
SOD3,240.14339244858817
SORD,1.1700726284286176
SPCS1,153.87809385675584
SPCS2,302.11000615357176
SPCS3,469.5728295244449
SPEG,23.466023945827793
SPHK1,5.492583092823336
SPHK2,1.4727181195839665
SPR,469.7342676695731
SPRYD3,53.889430183652195
SPTLC1,28.23698477080682
SPTLC2,3.281109241673721
SPTLC3,3.0827175717476187
SQLE,0.22222346014978986
SRC,7.2562238410224245
SRD5A1,1.7659955952279616
SRD5A2,0.00484050244173661
SRD5A3,3.818528363305866
SREBF1,47.84685397594204
SRM,375.8574065883259
SRMS,0.021057908538812516
SRPK1,3.8093232408297246
SRPK2,12.306108841028227
SRPK3,0.4886929184456635
SSH1,11.62990753587132
SSH2,8.330591096965941
SSH3,34.982620678118586
SSR4,265.5189590982907
SSU72,122.88732589587147
ST3GAL1,26.300291803965138
ST3GAL2,7.390820063085526
ST3GAL3,7.277432011126129
ST3GAL4,11.474415757796386
ST3GAL5,67.27494910956277
ST3GAL6,2.378681282975726
ST6GAL1,25.746138492538122
ST6GALNAC1,1.2754096824783876
ST6GALNAC2,2.4651141276073094
ST6GALNAC3,3.6750621832835364
ST6GALNAC4,13.081290939077254
ST6GALNAC5,0.16097433111250664
ST6GALNAC6,120.50441458551578
ST8SIA1,0.6357657221331705
ST8SIA4,4.056967714393348
ST8SIA5,0.06257764816976287
STAMBP,11.86018357371876
STAMBPL1,7.751135116104858
STARD3,46.47499022284533
STK10,0.7702410265419514
STK11,30.586319530777722
STK16,1.1740444610745486
STK17A,5.869297545030527
STK17B,9.342500073151657
STK19,12.263094527514674
STK24,28.38795006648776
STK25,3.1130441038478422
STK26,0.629690691282171
STK3,12.67610146166165
STK31,0.15231511532635214
STK32A,1.7517146332730986
STK32B,2.7307937438635115
STK32C,1.8233936863907392
STK33,1.8610611314815892
STK35,10.362278884385518
STK36,27.202266297031965
STK38,23.226776572772252
STK38L,26.20576972696034
STK39,16.966895002705364
STK4,1.7645751091995825
STRA6,0.015333463582149981
STS,6.439774957096213
STT3A,10.567965989983488
STT3B,70.33616861795358
STUB1,66.60748077677722
STYK1,0.13869559495534928
STYXL1,10.761825882698831
SUCLA2,153.45206979436418
SUCLG1,333.4744330021725
SUCLG2,945.930533685796
SULT1A1,29.233514017805796
SULT1A2,4.0297171278995645
SULT1A3,0.38405140019962436
SULT1B1,0.10282861091966011
SULT1C2,0.008833289124790724
SULT1C4,9.139761613001644
SULT1E1,1.3273511575593253
SULT2A1,3.553854432798619
SULT2B1,0.07511980909173308
SULT4A1,0.01755879099334763
SUOX,19.074293851478636
SUV39H1,1.7510943484180563
SUV39H2,1.0674985316943753
SYK,3.94973417226374
SYNJ1,0.10440262462730188
SYNJ2,0.03659735051226072
SYVN1,1.4057252670620888
TAF1,13.131364167469215
TALDO1,129.7215863014912
TAOK1,4.303477193980687
TAOK2,37.869115292533046
TAOK3,11.338770413398946
TARS,114.29929010041067
TARS2,1.6741230669014768
TARSL2,6.42528680667038
TAT,0.006865536144441012
TBCB,112.72143624588395
TBK1,1.1159276973219205
TBL1X,7.0797859200194
TBL1XR1,14.965748941928139
TBXAS1,1.2335865706548583
TCIRG1,120.67769838641406
TDO2,0.050528875486198256
TECR,135.96069445585437
TECRL,0.0014694434185559056
TENT2,0.15316461371698084
TENT4A,0.45357387630786017
TESK1,33.097373401247474
TESK2,5.1267277787641055
TFRC,72.06518174518565
TGDS,13.908181975112457
TGFBR1,9.084653587002746
TGFBR2,330.9427940627043
TGM1,88.13705573404037
TGM2,79.37089150478602
TGM3,0.046513683265765576
TGM4,0.014913112078044327
TGM5,0.27683905366283584
TGM6,0.018105422639918517
TGM7,0.01438308791538765
TGS1,10.286584467831599
TH,0.1440795315943653
THNSL1,2.0804838272223214
THTPA,8.885085357289732
TIAM2,0.0862085428903359
TICRR,0.4207629930774474
TIPARP,24.04288646358298
TK1,0.49327573553602827
TK2,17.13861558105252
TKFC,17.655218887752373
TKT,73.32380853025155
TKTL1,0.07359916107006942
TKTL2,0.009449408439995276
TLK1,12.060059119356552
TLK2,0.43343987350423596
TM7SF2,16.957371827961847
TMEM91,8.992983557761494
TMLHE,3.778256014966823
TMX3,21.304929746419504
TNFRSF21,42.69579032436117
TNIK,2.954212953828089
TNK1,5.972909879335224
TNK2,32.07738766241104
TNKS,7.251324908472571
TNKS2,28.64099839447172
TNNI3K,1.4400146013499935
TNS2,1.434061794943761
TOPORS,14.377270070235614
TP53RK,4.737094396916553
TPH1,0.28466229889817374
TPH2,0.0011934344663984448
TPI1,6441.236428101092
TPI1P2,0.008564804453315535
TPK1,1.9924016333765682
TPMT,4.888582198465901
TPO,1.905236809053556
TPP1,107.03950120345837
TPSAB1,195.0176387275183
TPSB2,103.71714344208495
TPSD1,13.442829978107698
TPST1,13.958990009282195
TPST2,9.057129351996165
TPTE,0.3354345050980549
TPTE2,0.03555699039542009
TRAF7,36.0236257271187
TRDMT1,0.8395555706412764
TREH,0.017870561715976865
TREX1,4.166703802525336
TREX2,0.9190432246769585
TRHDE,0.6406437060490315
TRIB3,2.2126429154785656
TRIM11,4.29111200381206
TRIM32,1.75521689887036
TRIM33,6.794008316266757
TRIM63,0.2892597971593597
TRIO,1.5832029047758025
TRIP12,11.261105684184654
TRIT1,11.174576213719561
TRMT1,11.868460704176492
TRMT11,18.648376711859708
TRMT1L,5.254455775629484
TRMU,5.8246708806361935
TRPM6,0.1420974858203057
TRPM7,13.021263237174047
TSSK1B,0.20447763106973466
TSSK2,0.0231714118888251
TSSK3,7.751135116104858
TSSK4,0.537312244322662
TSSK6,0.41635099713235607
TST,37.21299798166139
TSTA3,140.65471994399732
TTC3,22.39064202610518
TTK,0.0044079999824910825
TTL,0.8453653641574853
TTLL10,0.5020110281411185
TTN,0.2039611577550142
TUSC3,2.0218403618620453
TUT1,0.5340158995242335
TUT4,0.6950417161591614
TUT7,0.1907089895411479
TXN,672.4427956013355
TXN2,42.75708043276307
TXNRD1,177.70577796742035
TXNRD2,7.566073516033843
TXNRD3,2.010747502319731
TYMP,73.5351033534799
TYMS,24.793939521539297
TYR,0.1046323172264974
TYRO3,13.79655978590322
TYRP1,0.042374634173882555
UAP1,47.55582909998357
UAP1L1,24.216593224600693
UBA1,431.8336325960578
UBA2,168.38020896084228
UBA3,69.41505258664908
UBA6,82.87185767089417
UBA7,143.70133488806457
UBE2A,44.745209250987266
UBE2B,66.49262849417275
UBE2C,0.328024743106313
UBE2D1,10.694985427567614
UBE2D2,35.493359512931384
UBE2D3,1349.0913023234943
UBE2D4,6.614533900136415
UBE2E1,57.393052863256976
UBE2E2,6.6761891742468915
UBE2E3,9.168914531543852
UBE2F,1.1920793514246555
UBE2G1,15.810324957951515
UBE2G2,13.90231072227595
UBE2H,361.4319896977319
UBE2I,452.95091055835167
UBE2J1,13.015980800142666
UBE2J2,14.98429278706781
UBE2K,384.36437643051335
UBE2L3,1494.15677153975
UBE2L6,58.68152590635935
UBE2M,122.95152232511751
UBE2N,23.201791456311756
UBE2NL,0.3354345050980549
UBE2O,13.715514708459052
UBE2Q1,6.784052556913675
UBE2Q2,2.7662816361419456
UBE2QL1,2.7142588356049138
UBE2R2,20.49628516475361
UBE2S,10.362278884385518
UBE2T,0.5771142083619885
UBE2U,0.023784263818109993
UBE2W,7.034639030152521
UBE2Z,92.36021426444859
UBE3A,22.78954619008457
UBE3B,9.816513250933156
UBE3C,4.118014532216321
UBE4A,1.013767602406221
UBE4B,3.392648922456407
UBLCP1,72.23758989224349
UBR1,1.129533950505079
UBR2,5.607614229571088
UBR3,0.045190580865437945
UBR4,6.5429523307244155
UBR5,0.8316470047060724
UBR7,17.224065166062463
UCK1,13.919649625923125
UCK2,3.150763380265688
UCKL1,59.81030994874286
UCP1,0.09333411162990683
UCP2,24.87937879005586
UCP3,0.5575350597167381
UEVLD,7.8130580172728195
UGCG,42.08663312011678
UGDH,76.1481534953629
UGGT2,5.425914463855236
UGP2,2120.3096107098977
UGT1A1,0.5818457107151666
UGT1A10,0.14272264379251745
UGT1A3,1.0114790584917612
UGT1A4,0.0951329295757727
UGT1A5,0.4044927492424471
UGT1A6,0.17846484523713252
UGT1A7,0.817507176308654
UGT1A8,0.1293154038699776
UGT1A9,0.11549856641655931
UGT2A1,0.3354345050980549
UGT2A3,1.2389146853275619
UGT2B10,0.006170982106878611
UGT2B11,0.23720441855058141
UGT2B15,0.6704297803167216
UGT2B17,0.02371651255038003
UGT2B28,0.6936387983112186
UGT2B4,0.018687220421061402
UGT2B7,0.005021398203404205
UGT3A1,0.12021469926971337
UGT3A2,0.016856987561393446
UGT8,0.020174424487402844
UHMK1,14.213689319219784
UHRF1,0.040988432414410005
UHRF2,17.599091393150342
ULK1,38.26926094080797
ULK3,41.32154819575637
ULK4,1.8052537000113427
UMPS,151.88107211915667
UPB1,0.09559398427570448
UPP1,5.450830266481795
UPP2,0.008759391286008913
UPRT,3.1936184251711803
UQCR10,33.36150814877881
UQCR11,55.733591986915435
UQCRB,135.63087697465286
UQCRC1,916.1623748853635
UQCRC2,2354.3059564784226
UQCRFS1,240.73495038028452
UQCRH,57.2412848401338
UQCRQ,76.88966021561707
UROC1,0.01862409318495797
UROD,75.64662133624974
UROS,10.126173886702023
USP1,17.277522471274967
USP10,5.7206145777791155
USP11,78.32706210278882
USP12,47.99683669700867
USP13,6.325855840398406
USP14,91.87861933909332
USP15,7.703035542654502
USP16,32.76068609209808
USP17L2,0.7544524097088302
USP17L22,0.04998256910149056
USP17L30,0.050968258904732194
USP17L5,0.050968258904732194
USP17L9P,0.3354345050980549
USP18,4.413595895983197
USP19,1.823953111457255
USP2,4.183948462294385
USP20,16.215948297386696
USP21,25.92269057013762
USP22,63.92508451780822
USP24,2.5528200832115133
USP25,0.27316655660448774
USP26,0.08118014005684498
USP28,5.44459463817527
USP29,0.0024575128629619218
USP3,0.7845734965637182
USP30,0.346166931771426
USP31,7.751135116104858
USP32,0.445582642529897
USP33,30.79478551480902
USP34,10.362278884385518
USP35,7.0173719591658275
USP36,27.823548869311622
USP37,2.0020013275048774
USP38,4.260428089740608
USP4,4.06963297847751
USP40,0.7831660012213313
USP41,0.003200995154282683
USP42,3.7321431050716645
USP43,0.2981813919128233
USP44,0.41635099713235607
USP45,2.4859937317760776
USP46,2.4664599331606647
USP47,6.150712878170604
USP48,0.6074282128143653
USP49,1.4016545666899223
USP51,1.311768316415239
USP6,0.16329785749444053
USP7,36.94380703926277
USP8,1.0633777471104753
USP9X,5.6749597256792095
USP9Y,8.438645471368753
UST,11.300085234371501
UXS1,13.908181975112457
VARS,126.66224902055401
VARS2,122.65676679572974
VKORC1,95.89191087336553
VNN1,0.37801117733069367
VNN2,1.0339939986571054
VNN3,0.08654189522405373
VRK1,21.36710139037222
VRK2,3.5266654854338935
VRK3,12.602920487222818
WARS,808.8965322121472
WARS2,18.458398528626468
WDYHV1,7.103808120959937
WEE1,20.02150087174837
WEE2,0.014228635887097033
WNK1,4.427071797891108
WNK2,1.4720692368932
WNK3,0.13581950291381314
WNK4,4.547010922101484
WWOX,3.1588699999974574
WWP1,27.488597097674244
WWP2,0.26147711995753664
XDH,0.03733773498518002
XPO6,0.3409064336759949
XPO7,29.536926413118497
XYLB,0.4854910161664938
XYLT1,3.203913333255634
XYLT2,16.4798357851852
YARS,915.9881191636933
YARS2,23.780839816997656
YES1,28.15946314613529
ZADH2,10.742718498317645
ZAP70,10.116756686042578
ZC3HAV1,3.2623795512113336
ZNRD1,12.110092259692586
ZNRF1,6.167186954947357
ZNRF2,1.7609663188861218
ZSWIM2,0.004638525182661138
