A4GALT,1.8433972425197998
A4GNT,0.060823847859454785
AACS,34.62491252906094
AADAC,0.006233724895079504
AADAT,0.49152842733835417
AAK1,114.98410779214889
AANAT,0.34023040538816646
AARS,1031.5681475217825
AARS2,19.996640258617727
AASDH,10.244385765640281
AASDHPPT,20.084156317994655
AASS,0.7889205323005731
AATK,197.6408141413936
ABAT,77.88943940072315
ABCA1,0.23844482403199926
ABCA3,121.6489585920653
ABCA4,0.07114314306460556
ABCA8,1.3017890593665995
ABCB1,7.330883597858169
ABCB11,0.04664320692677182
ABCB4,0.0368763336873219
ABCB6,118.60814043767378
ABCC1,0.6107138571378479
ABCC11,0.0590512657422271
ABCC2,0.3504678155199445
ABCC3,0.1866270867704489
ABCC4,0.07994595677099545
ABCC5,96.80432136078355
ABCC8,193.2645663388314
ABCC9,0.20604433186271642
ABCD1,1.2990526273422152
ABCD2,6.127825925067409
ABCD3,42.23007836643125
ABCG2,12.398041048986162
ABCG5,0.08291867526365243
ABCG8,0.07842446188054132
ABHD12,58.27061890326242
ABHD5,3.2192968461952165
ABHD6,28.778427303418518
ABL1,24.217177891229344
ABL2,8.2602602133145
ABO,0.11697880736065633
ACAA1,67.24430139195594
ACAA2,6.764833763814471
ACACA,30.099753327839114
ACACB,3.280966464208875
ACAD10,6.380606140402198
ACAD11,2.0225554864751234
ACAD8,69.44431130070316
ACAD9,407.9929590810734
ACADL,0.2651052776005808
ACADM,44.275681223920174
ACADS,5.692865340093051
ACADSB,282.99665947544236
ACADVL,1067.4908403010513
ACAT1,15.347587080341922
ACAT2,18.301431049884982
ACE,1.5597286789702043
ACE2,0.023255143256682424
ACER1,0.10537530134139797
ACER2,1.152125268164634
ACER3,5.994981238197476
ACHE,109.0827671605711
ACLY,41.00801103633405
ACMSD,0.10064375690172417
ACO1,26.416815788150902
ACO2,128.16159085617264
ACOT1,1.4775247598507006
ACOT11,1.2922158883773391
ACOT12,0.024168688572534985
ACOT13,4.679402851685928
ACOT2,6.823936019357314
ACOT4,1.0927637271377695
ACOT6,0.09381381241501865
ACOT7,101.28861256462247
ACOT8,31.670019718907064
ACOX1,3.1654264508368004
ACOX2,1.9023995628394814
ACOX3,5.201832748010155
ACP1,4685.230641816858
ACP2,10.66144097547952
ACP4,0.0036202735317779565
ACP5,0.12662740261223512
ACP6,4.324589321502846
ACP7,0.44999467512671487
ACPP,0.005315491515430862
ACSBG1,1.3395148296571668
ACSBG2,0.13131575514124835
ACSF2,19.439604288647406
ACSF3,10.16636970501058
ACSL1,20.842723764426022
ACSL3,8.814514794116485
ACSL4,3.4066717239606232
ACSL5,1.246042564743112
ACSL6,42.58657381824708
ACSM1,0.19607205839618572
ACSM2A,0.004349363326947099
ACSM2B,0.06320048198640206
ACSM3,0.015222935428979349
ACSM4,0.24076687484729298
ACSM5,0.5381878656738915
ACSS1,23.630005980921414
ACSS2,32.76344782095347
ACSS3,0.3247040896913723
ACVR1,5.728164385193476
ACVR1B,29.221962964586403
ACVR1C,0.07243139186421006
ACVR2A,7.978989472295372
ACVR2B,6.525705051310364
ACVRL1,7.311857884366878
ACY1,201.58898899261987
ACY3,1.7885857284006015
ACYP1,16.526833225261388
ACYP2,4.968201798711957
ADA,0.8635794100998148
ADCY1,68.87993578198305
ADCY10,0.18888261519016228
ADCY2,1.406495091073163
ADCY3,28.883369633188437
ADCY4,5.994091359827508
ADCY5,5.964738140264773
ADCY6,50.88383179481743
ADCY7,0.07130914484495438
ADCY8,8.818228943845575
ADCY9,15.138605585485308
ADH1A,15.260920881477592
ADH1B,0.6402460260633625
ADH1C,0.012625784508305204
ADH4,3.1026068878428408
ADH5,165.60717286368254
ADH6,1.8200515029040716
ADH7,0.11332845673771044
ADHFE1,3.717305658328323
ADI1,20.14352747472311
ADK,4.363216536738745
ADO,30.097432635508405
ADPGK,68.38953092988937
ADPRH,3.210904875230483
ADSL,280.9904008128347
ADSS,104.28957412748805
ADSSL1,0.9939711906234225
AFMID,31.812277596895704
AGA,11.70169655070631
AGK,28.533818071551572
AGL,0.7646991676316194
AGMAT,0.09647464694366292
AGPAT1,15.07427176382242
AGPAT2,3.5442497871674843
AGPAT3,29.561232779312515
AGPAT4,1.4232961549652559
AGPAT5,8.865800487464904
AGPS,21.009711242467784
AGT,484.4386919051525
AGXT,0.047450410298878434
AGXT2,0.07273189725255508
AHCY,2156.9384870522367
AHCYL1,58.373497943678075
AHCYL2,10.93722594613942
AICDA,0.02460038993500046
AK1,746.0934525089044
AK2,588.8867309459343
AK3,57.420124596074274
AK4,337.6406648622265
AK5,2.214777847941264
AK7,0.10969652268116362
AKR1A1,123.78079882827987
AKR1B1,156.2337207783963
AKR1B10,0.061956517610418455
AKR1B15,2.0793115605776
AKR1C1,1.1287164606248883
AKR1C2,1.9925990396457425
AKR1C3,1.0208137920731482
AKR1C4,5.522781755496033
AKR1C8P,0.3354345050980549
AKR1D1,0.0034436395269941567
AKR7A2,274.0228942008932
AKR7A3,3.661642816853595
AKT1,4.686730003245128
AKT2,4.947863066731758
AKT3,25.79870694471652
ALAD,780.8475472694057
ALAS1,104.23429378422496
ALAS2,0.12215086147674292
ALB,1.2194565049000265
ALDH18A1,126.77620745213727
ALDH1A1,53.855715800929595
ALDH1A2,0.4391984559009001
ALDH1A3,6.4517335838754954
ALDH1B1,1.9837675684786438
ALDH1L1,4.2698675409399085
ALDH1L2,5.019155519425762
ALDH2,681.7370310329082
ALDH3A1,0.10099621795394031
ALDH3A2,123.02335128649482
ALDH3B1,0.4973207469440984
ALDH3B2,2.5826738314391022
ALDH4A1,13.076810075891684
ALDH5A1,32.16840089103538
ALDH6A1,11.725609482835425
ALDH7A1,22.392519329663905
ALDH9A1,368.63725432381483
ALDOA,5262.141985439857
ALDOB,0.38881073834179775
ALDOC,2326.3229930367584
ALG1,4.343003573147254
ALG10,0.5706789447346897
ALG11,0.7321586025124791
ALG12,6.3069217064462135
ALG13,10.246867650979857
ALG14,0.9666026660090794
ALG1L,0.9096924155060885
ALG1L2,0.02501540767400086
ALG2,68.34202688409678
ALG3,1.3209801684268065
ALG5,14.35458338556977
ALG6,3.0783093073449206
ALG8,7.517694758455439
ALG9,6.4211051435831346
ALK,0.06574402065111531
ALLC,0.3860891144833532
ALOX12,0.5837660974304458
ALOX12B,0.7092912628091603
ALOX15,0.014623553679804007
ALOX15B,0.012909821933155222
ALOX5,37.138099013404585
ALPG,2.1334538652401167
ALPI,0.09522613776587274
ALPL,10.088456533089948
ALPP,0.12394730653401177
AMACR,223.07266910954692
AMD1,65.58862053278024
AMDHD1,1.1937932365934438
AMDHD2,28.277947278373002
AMFR,0.3046747445636732
AMHR2,0.028192350697618548
AMN,0.2096869807614634
AMPD1,0.03484807696265177
AMPD2,36.815677433980795
AMPD3,2.5725338112582907
AMT,97.1491265948282
AMY1A,2.6438139326066277
AMY1B,0.03617343532130993
AMY1C,2.6438139326066277
AMY2A,0.16649459385267018
AMY2B,46.48184050563119
ANAPC11,36.37215868699651
ANGPTL4,1.4023357411909811
ANKRD1,0.24751736938598967
ANPEP,1.14810646588754
ANXA3,82.33864265492035
AOAH,0.7241099185520007
AOC1,0.012210978108312285
AOC2,3.7846196301096664
AOC3,1.4775247598507006
AOX1,0.44022024347291455
APOA1,0.6384297417818577
APOA2,0.3543475808638696
APOA5,0.005201529244169237
APOB,0.010789006950461737
APOC1,1.4189858306950718
APOC2,0.05064171158650752
APOC3,0.2768041994135114
APOE,287.3620611179663
APRT,416.01048613661186
AQP1,15.138605585485308
AQP10,0.0037868645526527175
AQP2,0.0025119584887382932
AQP3,7.136346466562984
AQP4,4.694756641581477
AQP5,1.1427518271339236
AQP7,18.430906917866178
AQP8,1.5731497553324811
AQP9,0.07808703718896756
ARAF,1.1541148665083865
ARCN1,238.01816476035765
ARG1,0.19065105293263107
ARG2,22.095113503639563
ARSA,50.286582360314455
ARSB,1.8150675284389632
ART1,0.20729057681435079
ART3,11.168609989082325
ART4,0.0036890496347313944
ART5,0.025214165732571663
AS3MT,7.2070140505548395
ASAH1,101.27150074849185
ASAH2,0.043722631956595835
ASH1L,0.05425747357707036
ASL,207.48048273160654
ASMT,0.19325972660463828
ASNS,1834.3359396581968
ASPA,2.1683775166836825
ASPG,0.11395724387287831
ASPH,155.77783811324346
ASRGL1,25.547251669498763
ASS1,160.95108352741616
ATE1,9.416227774374887
ATIC,246.33881663000068
ATM,1.9725272337556903
ATP10A,2.8983281974474617
ATP11A,6.066244968514431
ATP11C,2.199791543029955
ATP1A1,241.12057264874142
ATP1A2,108.90686343203137
ATP1A3,634.692285579339
ATP1A4,0.04690916055902788
ATP1B1,300.05297068027323
ATP1B2,793.2327726893388
ATP1B3,109.02474577613486
ATP1B4,0.020317090524169256
ATP2B1,55.02625059575348
ATP2B2,259.88524764912836
ATP2B3,42.511765997231606
ATP2B4,15.840617980289348
ATP4A,7.427116227742152
ATP4B,0.01653064681057048
ATP5F1A,124.53265572432873
ATP5F1B,167.30632217246165
ATP5F1C,21.50971022167614
ATP5F1D,155.46511749348954
ATP5F1E,125.55773209538297
ATP5MC1,4.311892001287344
ATP5MC2,2.868050998110428
ATP5MC3,5.997867959791037
ATP5ME,117.38991896387836
ATP5MF,1.481717785000078
ATP5MG,179.57272888452187
ATP5MGL,23.718922705117464
ATP5PB,5.524565248774745
ATP5PD,6.7181129554220975
ATP5PF,4.959033242795014
ATP5PO,42.13932100131758
ATP5S,0.3354345050980549
ATP6V0A1,10.521495605936117
ATP6V0A2,1.1205407989776301
ATP6V0A4,0.016792444730495185
ATP6V0B,145.38346448572804
ATP6V0C,1300.8691767298994
ATP6V0D1,969.6926486519029
ATP6V0D2,0.020324332935233023
ATP6V0E1,18.301431049884982
ATP6V1A,541.6079169991751
ATP6V1B1,4.4679060088040705
ATP6V1B2,1713.4649889149782
ATP6V1C1,51.34164253991439
ATP6V1C2,1.65693931119756
ATP6V1D,43.24655692528546
ATP6V1E1,433.6632958482325
ATP6V1E2,0.5957075127221182
ATP6V1F,83.07159371175504
ATP6V1G1,51.816025398811114
ATP6V1G2,1302.8907852360173
ATP6V1G3,0.2330917175245828
ATP6V1H,38.20045363061783
ATP7A,0.26162306496021454
ATP7B,12.873542187675998
ATP8A1,11.585923473573517
ATP8B1,0.14367694910966303
ATP8B2,69.9107146491756
ATR,0.051547825724235816
AUH,6.3840359912129605
AURKA,0.011776242274643203
AURKB,0.04157057675094099
AURKC,3.283373243058982
AWAT1,0.0633604788899994
AWAT2,0.6905945531355334
AXL,0.011221101334784279
AZIN2,0.7963414524148358
B3GALNT1,20.98616074735207
B3GALNT2,1.7970063853855418
B3GALT1,2.637358645458883
B3GALT2,1.258806169063175
B3GALT4,5.473980951148684
B3GALT5,0.029706498966487308
B3GALT6,12.02590005086184
B3GAT1,31.56339839923972
B3GAT2,1.5653772463207902
B3GAT3,126.95672784646857
B3GLCT,0.7866139610071975
B3GNT2,1.5153698240538958
B3GNT3,0.02255527302189409
B3GNT4,6.164468080399882
B3GNT5,0.236606736346195
B3GNT6,0.00783235298297759
B3GNT7,1.5880065295627208
B3GNT8,0.7613841760664363
B3GNT9,1.2269028120503398
B3GNTL1,4.391879162054074
B4GALNT1,124.852952045375
B4GALNT2,0.08753139082536945
B4GALNT3,0.45211406529811
B4GALNT4,237.58545509958648
B4GALT1,18.27986702505221
B4GALT2,21.151874790276345
B4GALT3,42.138067104558274
B4GALT4,2.481329055816749
B4GALT5,32.42999026302409
B4GALT6,16.103953686550717
B4GALT7,18.88530184253311
B4GAT1,2.277812689362301
BAAT,0.2630253913158691
BARD1,0.1489850102876684
BBOX1,1.023439149519833
BCAP31,943.4604298465205
BCAT1,0.5653398934889687
BCAT2,51.73365584624033
BCHE,0.40056769464573067
BCKDHA,7.327826545675703
BCKDHB,4.239667089533008
BCKDK,40.624260078932004
BCO1,0.06461878427195712
BCR,0.7471444720219593
BDH1,72.99131998404188
BDH2,3.4728362443364493
BHMT,0.009990461924369622
BHMT2,0.7670028859391956
BIRC6,7.626335124784651
BLK,0.03911106553891917
BLVRA,614.5196871389701
BLVRB,227.4024116440347
BMP1,35.36729103292382
BMP2K,0.26811264519097716
BMPR1A,2.8082656706684257
BMPR1B,0.5054495176220571
BMPR2,11.297496526120693
BMX,0.04725698420390017
BPGM,15.284140256051575
BPNT1,5.954070395819656
BRAF,16.537429309049738
BRAP,0.3061091072439577
BRPF1,23.731454105260244
BRSK1,351.9022126182579
BRSK2,223.08049022025273
BSCL2,354.2350089879466
BSG,123.05032728645807
BTD,2.403556392384708
BUB1,0.0101772254845011
BUB1B,0.009290223151639375
C1GALT1,3.5694661850447615
CA1,0.05303851297531692
CA12,0.5552786978333355
CA13,12.085547020355401
CA14,2.323190320674632
CA2,15.159481521518327
CA3,2.2839386840044984
CA4,125.6036057592081
CA5A,0.2458728292813049
CA5B,0.377929675855207
CA6,10.425839500790367
CA7,10.030089487723483
CA8,46.98867747231709
CA9,52.93521831809383
CAD,86.2279737607986
CALM1,2095.055890671044
CAMK1,27.968477889236297
CAMK1D,44.37612962620225
CAMK1G,6.146589162157226
CAMK2A,13.117529254208483
CAMK2B,448.2966757095389
CAMK2D,1276.8589633436698
CAMK2G,27.76872904182237
CAMK4,111.1238638520759
CAMKK1,156.2337207783963
CAMKK2,946.8086640979103
CANT1,7.486248158072066
CARM1,28.566240997573644
CARNS1,29.63151052376676
CARS,12.741713080119844
CARS2,26.087376443865555
CASK,19.49356250844178
CAT,19.42914158546891
CBLC,0.09464122220002845
CBLL1,13.086987827786116
CBLL2,0.027434690025870352
CBR1,34.21113884993505
CBR3,76.45722541183473
CBR4,66.20508415261557
CBS,91.11747718850356
CBSL,0.3354345050980549
CBX1,272.40211442614395
CCNB1IP1,19.058903259008577
CD36,0.16356923534956133
CD38,0.09350929292075476
CDA,20.444506395092958
CDC14A,0.18907896811525698
CDC14B,2.323190320674632
CDC25A,0.22466897781993408
CDC25B,229.89656828933784
CDC25C,0.21725629892620757
CDC34,17.02475989956098
CDC42BPA,5.451100044687742
CDC42BPB,7.138048494305862
CDC42BPG,104.74363236047195
CDC7,20.5123641604956
CDIPT,442.22841471205004
CDK1,0.13390212179068328
CDK10,67.7572424049137
CDK11A,50.9095483903644
CDK11B,31.22026286904679
CDK12,8.2602602133145
CDK13,30.065522321437673
CDK14,28.580382588522784
CDK15,0.14536441094026167
CDK16,294.47822169101744
CDK17,14.919708134922203
CDK18,30.571271677465333
CDK19,17.634996807421373
CDK2,1.4593621265287777
CDK20,16.167265133247604
CDK3,18.21520122354351
CDK4,5.543679597870266
CDK5,118.99690828305192
CDK6,3.863351611779808
CDK7,88.83114091764621
CDK8,14.607955118648276
CDK9,163.03785026401565
CDKL1,0.4794028218760806
CDKL2,3.2312945954030483
CDKL3,1.4943244481859546
CDKL4,0.0124926335095224
CDKL5,0.33529394176461796
CDKN3,1.2622084088894232
CDO1,35.00528414711975
CDS1,28.40583309793842
CDS2,46.102335354608954
CDY1,0.256335927830294
CDY1B,0.256335927830294
CDY2A,0.04923577690024244
CDY2B,0.04923577690024244
CEL,9.161719458468458
CEPT1,3.126031576363253
CERCAM,56.75127365655016
CERK,127.10722853969693
CERS1,36.008394930782714
CERS2,34.8486139545496
CERS3,0.2116375376966583
CERS4,32.204050687526
CERS5,169.58501726346097
CERS6,11.228064458123939
CES1,0.45782407903545524
CES2,47.39482598175961
CES3,3.1387131447862275
CES5A,0.045714507651869664
CFTR,0.02456550322995275
CH25H,0.32842547276460576
CHAT,0.014545141103376102
CHD9,11.277651278610163
CHDH,17.699303922989017
CHEK1,0.1931166919912071
CHEK2,0.11454245159523044
CHFR,20.50136784539725
CHI3L1,1.9309214096556362
CHIA,0.34819723870797287
CHIT1,0.05712793625772341
CHKA,9.414237554069356
CHKB,106.33258490749115
CHMP4A,36.299355633365266
CHPF,46.78582920851566
CHPF2,16.125052751668807
CHPT1,7.534352133248699
CHST1,2.926621668494594
CHST10,21.561590213524724
CHST11,3.3734423307661734
CHST12,18.863620909890162
CHST13,0.013232206850923842
CHST14,0.2423167870535695
CHST2,49.38332808908381
CHST3,2.5441584364195395
CHST4,0.02226550981150046
CHST5,4.46283057816682
CHST6,3.0941854512073075
CHST7,2.8082656706684257
CHST8,31.859721250787484
CHST9,0.06578495524412518
CHSY1,4.4197295885422365
CHSY3,0.011975461150139617
CHUK,1.1041395890591859
CHURC1-FNTB,3.2507362769424972
CIDEA,0.012690523235747953
CINP,0.7956750445731
CIT,26.877832916468808
CKB,4152.850013788033
CKM,1.716318251250277
CKMT1A,30.300573965684418
CKMT1B,448.6706491888261
CKMT2,3.024436005547202
CLC,1.416608020365395
CLCF1,0.5969039367514813
CLK1,8.420857333292078
CLK2,86.06782597788533
CLK3,1.562340829533625
CLK4,8.806704666210722
CLOCK,10.26390579673046
CLPS,9.828993754263943
CLTRN,0.5786685643266595
CLYBL,2.0887013334288476
CMA1,0.03254957206102665
CMAHP,1.1454286080697393
CMAS,63.71282720887335
CMPK1,433.54811842228685
CMPK2,0.23014205478288394
CMTR1,57.498901461590876
CNDP1,8.091296402873798
CNDP2,30.700881978382522
CNOT4,8.675779668023669
CNP,77.54369414227547
COASY,779.8941888548848
COL4A3BP,4.73487081321845
COLGALT1,69.08317008236031
COLGALT2,19.058903259008577
COMT,64.62592565322555
COMTD1,413.73626325567676
COP1,0.4785008438550989
COPA,373.6555853765962
COPB1,160.77763360898422
COPB2,40.7470743043372
COPE,417.2777240070184
COPG1,193.3582256761137
COPG2,186.0140308224995
COQ2,1.5378737849006632
COQ3,27.212279614886636
COQ5,2.898003909699617
COQ6,14.566473893476925
COQ7,0.18874273043970483
COX1,7.766401376158287
COX17,43.33589184340704
COX2,5.3369352212394165
COX3,0.33446363282071023
COX4I1,823.8711817602906
COX4I2,2.0309463923109052
COX5A,349.5733626629368
COX5B,605.806617632506
COX6A1,26.02135192865353
COX6A2,3.943865151810772
COX6B1,78.68676082596144
COX6B2,0.5879408564957695
COX6C,91.9432596553997
COX7A1,40.822247563096276
COX7A2,92.58263183331786
COX7A2L,28.312815378960515
COX7B,55.46983980562053
COX7B2,0.3354345050980549
COX7C,180.66122320993097
COX8A,899.3847922341761
COX8C,0.599298022701503
CP,0.03901611167754332
CPA1,0.006532398171681842
CPA2,0.19094606789891733
CPA5,0.3354345050980549
CPA6,0.05651024032218487
CPOX,79.21459995973271
CPS1,0.30604816342025426
CPT1A,0.1166177124091977
CPT1B,143.07609175607917
CPT1C,121.27559861512854
CPT2,28.08400044031772
CRAT,16.322379867845424
CREBBP,0.5228958386123213
CRLS1,12.08611436420393
CROT,10.404537621765021
CS,7408.32130829981
CSAD,52.44368397945189
CSF1R,0.9861382120272592
CSGALNACT1,0.654808098118382
CSGALNACT2,17.14332256604164
CSK,48.48931292067545
CSNK1A1,33.17836679589273
CSNK1A1L,0.009252393010940649
CSNK1D,142.76892306722164
CSNK1E,7.497350499225515
CSNK1G1,4.7879164008450505
CSNK1G2,128.76475524945562
CSNK1G3,9.768163598424826
CSNK2A1,358.0497837263117
CSNK2A2,195.50564613728884
CSNK2B,723.0476395129699
CTBP1,158.8902155888896
CTDP1,2.0218221547773707
CTDSP1,26.107888268855017
CTDSP2,199.26590766637088
CTDSPL,31.800418584936583
CTDSPL2,2.744592607503665
CTGF,0.3354345050980549
CTH,1.2690176222544345
CTPS1,9.729461577754964
CTPS2,10.137140180445485
CTSA,207.22027929643397
CTSB,105.50115122018316
CTSC,0.1887353735417953
CTSD,364.6749556432697
CTSE,0.008099936392574227
CTSF,356.750210740744
CTSG,0.0309246127587221
CTSH,4.426485764785653
CTSK,15.10730096907561
CTSL,2.1133074437770816
CTSO,2.2967582786428626
CTSS,0.651162303270655
CTSV,0.1970604940553911
CTSW,0.8387759571203461
CTSZ,11.126140632743414
CUBN,0.5891345839309231
CWC27,10.724449223781177
CYB5D1,28.2547059870235
CYB5R1,18.517311268368186
CYB5R2,1.9867106420073095
CYB5R3,1810.654613550865
CYBB,1.381570902412196
CYBRD1,2.3875975387619297
CYC1,1053.3123462936026
CYLD,5.068551245536458
CYP11A1,0.1991885186223722
CYP11B1,0.08995486404496401
CYP11B2,0.08105018928386314
CYP17A1,0.824206996087511
CYP19A1,0.0021071920789451147
CYP1A1,2.5265083137561364
CYP1A2,0.0034411755810027566
CYP1B1,3.6020488041256695
CYP21A2,1.5901308850040932
CYP24A1,0.0766137615401541
CYP26A1,0.03353133783409707
CYP26B1,104.91836099520553
CYP27A1,9.652137027311932
CYP27B1,0.5376001725084456
CYP2A13,0.04638837469548625
CYP2A6,0.08223755379782642
CYP2A7,0.0296708002031654
CYP2B6,0.002880450413502977
CYP2C18,0.31663947201456244
CYP2C19,0.0667276571702887
CYP2C8,2.208781225179724
CYP2C9,0.006986220118344596
CYP2D6,14.049685309075901
CYP2E1,21.428561440302527
CYP2F1,0.018670726297865276
CYP2J2,2.6389039725865495
CYP2S1,0.08509615953999755
CYP2U1,12.418212171061633
CYP39A1,1.4586643368516523
CYP3A4,0.12708574406410986
CYP3A43,0.0609854373269121
CYP3A5,0.18232523836704717
CYP3A7,0.02719059407253732
CYP46A1,4.378386845030538
CYP4A11,0.12010466612217958
CYP4B1,0.060945033044610214
CYP4F11,0.1521477821989738
CYP4F12,0.09060328835500253
CYP4F2,0.02016056568161863
CYP4F22,0.013471771434184638
CYP4F3,0.036358182666257774
CYP4F8,0.3354345050980549
CYP4V2,25.0797671681662
CYP4X1,7.69012545652272
CYP4Z1,0.44527840350720943
CYP51A1,18.98486911829495
CYP7A1,0.007231864325367863
CYP7B1,0.21851393112274323
CYP8B1,0.017419059816701523
CYTB,10.283962318241796
DAD1,279.6263505125969
DAGLA,24.137991347840376
DAGLB,22.48554642578141
DAO,8.175703195409422
DAPK1,1.7156007092286507
DAPK2,0.8368731701809368
DAPK3,6.703608405038005
DARS,1981.0414659494666
DARS2,1.9375137220455434
DBH,0.46165666531668603
DBI,101.14388195246882
DBT,3.3984459432795964
DCK,9.239776362011153
DCLK1,160.12301695438316
DCLK2,20.964082506523482
DCT,0.11328264634725972
DCTD,8.477724382648493
DCTPP1,33.779297442852446
DCXR,238.08841003642317
DDAH1,113.17686177318647
DDAH2,24.31369419423209
DDC,0.05146468389853826
DDO,0.8540249115052858
DDOST,321.52730901249816
DDR1,16.611634584417956
DDR2,1.2235171600240864
DECR1,9.305502067371881
DECR2,24.228493896149452
DEGS1,7.302230440055379
DEGS2,51.70786807487379
DERA,13.975374889832514
DGAT1,118.56352163579594
DGAT2,0.5299702489446789
DGKA,22.217694092284617
DGKB,0.6281543006256671
DGKD,134.0630373739138
DGKE,15.128169474436657
DGKG,68.23028009182977
DGKH,8.47702594600769
DGKI,3.948833804894955
DGKQ,72.26683054446855
DGKZ,145.0754482441002
DGUOK,28.06736646334896
DHCR24,6.811266910905551
DHCR7,9.768163598424826
DHDH,2.841101310785701
DHFR,264.45117242730555
DHODH,2.7653664050772337
DHRS2,0.028195888984560637
DHRS3,2.335290833269842
DHRS4,68.76294999939384
DHRS9,0.02039793512872748
DIO1,0.00592713394536096
DIO2,0.5071943401703307
DIO3,0.07610975401991299
DLAT,473.8413596722868
DLD,857.1075203988456
DLST,427.935855984122
DMGDH,0.1253455665633609
DMPK,106.82906157628852
DNAJC6,61.58065356501941
DNMT1,35.01274527555187
DNMT3A,8.562109020192844
DNMT3B,3.8554392038881766
DNMT3L,0.01494017089124768
DOLPP1,27.200735137215283
DOT1L,47.87790612390514
DPAGT1,21.229284640336108
DPEP1,0.028589112368268554
DPEP2,0.34186052496266095
DPEP3,0.05168794657761144
DPH5,27.71272260023349
DPM1,843.9226804712371
DPM2,42.48683508801832
DPM3,26.589669560162402
DPYD,0.2277067784493029
DPYS,0.018941336124773986
DPYSL2,17814.10048105377
DPYSL3,14.899311631252422
DSTYK,25.581516049328847
DTYMK,21.562119201672083
DUOX1,3.391183557863748
DUOX2,0.08210995128488839
DUPD1,0.11783200419515537
DUSP1,352.26093164281093
DUSP10,7.336727395334092
DUSP11,8.3543874173305
DUSP12,16.16495590037878
DUSP13,0.02880560586271524
DUSP14,0.9534194423031251
DUSP15,1.4461139619461663
DUSP16,9.574918928429817
DUSP18,0.6354045771250704
DUSP19,0.2363006266384809
DUSP2,4.561130684593276
DUSP21,0.08186674790155296
DUSP22,9.066079288935919
DUSP23,25.52441314160838
DUSP27,0.017275857686884406
DUSP28,6.41930425214233
DUSP3,383.7596009144352
DUSP4,9.449668010709672
DUSP5,172.75351982986737
DUSP6,2.987296152851503
DUSP7,12.448479426787062
DUSP8,144.30590014573866
DUSP9,0.24973456827247384
DUT,335.4119847786337
DYRK1A,21.35102684431895
DYRK1B,28.41746400266516
DYRK2,1.9089750391157552
DYRK3,0.32265775668007185
DYRK4,4.912328956546624
DZIP3,18.19365472535237
EARS2,1.1144212984067945
EBP,553.7661287710717
ECH1,100.65206458031031
ECHDC2,118.86103485619091
ECHS1,149.39784212193487
ECI1,50.63963578132107
ECI2,25.79870694471652
EGFR,0.18670428065733669
EHHADH,0.2965271245740952
EHMT1,0.8725477041635895
EHMT2,5.837987437830616
EIF2AK1,45.26931776970437
EIF2AK2,38.60011090312407
EIF2AK3,5.740527911527946
EIF2AK4,0.27453094866380495
EIF4EBP3,24.205862796145677
ELOVL1,5.851829964166122
ELOVL2,1.2894829328391395
ELOVL3,0.24202586157101194
ELOVL4,31.8953119723633
ELOVL5,1.3172766154492928
ELOVL6,8.61891209691151
ELOVL7,6.482387065936575
ELP3,3.311887902359827
ENGASE,10.342049745325182
ENO1,546.0965647068332
ENO2,2660.367324591698
ENO3,55.77119517642466
ENOPH1,374.6565417156149
ENPP1,0.32238866821595746
ENPP2,8.552648130668988
ENPP3,0.8769862977667118
ENPP6,0.6402460260633625
ENPP7,0.002504958476249895
ENTPD1,6.730322739578319
ENTPD2,4.42479655425134
ENTPD3,7.369909316848517
ENTPD4,29.00004921667254
ENTPD5,3.172180483463733
ENTPD6,161.55159569338718
ENTPD8,0.10002746115399452
EP300,5.203024914753059
EPHA1,4.043441662136661
EPHA10,1.7450621149923455
EPHA2,0.3236563300626197
EPHA3,0.36768132538371917
EPHA4,15.57803347702081
EPHA5,0.3704353482100788
EPHA6,0.41856796908720484
EPHA7,7.47238187532898
EPHA8,1.316171541308702
EPHB1,18.344572215740335
EPHB2,0.038986957832199506
EPHB3,32.0971216949425
EPHB4,0.13383242643222368
EPHB6,8.827739727865174
EPHX1,52.637616408368274
EPHX2,6.7040058431345315
EPM2A,4.494991713792922
EPRS,45.3701501776306
EPX,1.3691376781882
ERBB2,0.03746791856995524
ERBB3,2.650498886090897
ERBB4,4.127580641215807
ERN1,2.4828582547936375
ERN2,0.007128404241351732
ESD,498.2743203621644
ETFA,1030.3274338936453
ETFB,529.5289826872115
ETFDH,24.984471460118836
ETNK1,14.297342877795277
ETNK2,0.3821513916816258
ETNPPL,4.989825054679597
EXT1,2.659781107413393
EXT2,17.6028583665996
EXTL1,2.8074846713518005
EXTL2,14.975897037690244
EXTL3,24.965972609218742
EYA1,0.07850885714532103
EYA2,0.4142939515649048
EYA3,3.387601901506335
EYA4,0.005997083749648956
EZH1,177.04689014414902
EZH2,0.12092937301593888
F13A1,0.9633533003658673
F13B,0.952082265681838
F2,0.9264447952357536
FAAH,63.87324153360799
FAAH2,5.075310546848441
FABP1,0.10831226983550091
FABP12,0.048264278397048395
FABP2,2.0423800119197857
FABP3,23.045334316142462
FABP4,1.3360775701888987
FABP5,1075.9365046359012
FABP6,2.968361662666963
FABP7,95.58483823079844
FABP9,1.0553661478381027
FADS1,8.543189041740943
FADS2,2.989534614695697
FADS3,2.0153343004469924
FADS6,17.506503656900883
FAH,2.3527042304351093
FAM20B,25.81014678835169
FANCL,7.337648767286503
FAR1,54.7068156015605
FAR2,1.2908492861467027
FARS2,1.176156365364801
FARSA,1668.9116269772344
FARSB,2.9714660045214045
FAS,0.33415652511992405
FASN,248.86128367377862
FASTK,173.0709238657681
FAXDC2,8.373234843681823
FBP1,0.20465007611354766
FBP2,0.044754969636830864
FDFT1,31.161166910114392
FDPS,21.18504448141221
FDXR,26.180396695397988
FECH,9.971780831658476
FER,2.798896147788161
FES,2.707051706759877
FGA,0.29631495752983594
FGFR1,181.83839163188057
FGFR2,4.93899847771294
FGFR3,9.661796786005432
FGFR4,7.81103868213023
FGGY,3.7969555929009444
FGR,3.2505069415030037
FH,871.2790315360257
FHIT,0.9032632493075328
FHL2,1.1909250374361402
FIG4,12.317413078493706
FITM1,1.6177918036460437
FITM2,11.41669378363487
FKBP10,4.325367316527792
FKBP11,10.030089487723483
FKBP14,6.172377106411458
FKBP1A,249.774861313299
FKBP1B,44.95446575911011
FKBP2,903.7604129392686
FKBP3,1626.0569982124118
FKBP4,1556.3598851625663
FKBP5,0.22782416449142928
FKBP6,0.014371071719928264
FKBP7,6.743976424940867
FKBP8,119.27060231472748
FKBP9,23.39879144914502
FKBP9P1,0.3354345050980549
FLAD1,6.751301642888309
FLT1,10.273668209163434
FLT3,14.919708134922203
FLT4,1.8856133468198955
FLVCR1,6.527511043918861
FMO1,0.07476854547870172
FMO2,0.510687083518597
FMO3,0.38453538036634693
FMO4,0.20315804264065984
FMO5,0.47358964480476984
FMO6P,0.3354345050980549
FN3K,85.1959473537138
FN3KRP,43.64876916102697
FNTA,35.425868282043574
FNTB,21.89477946943658
FOLR1,0.05808823113152153
FOLR2,0.694525694737674
FOLR3,0.3533632832812494
FOSL1,0.43471878769740496
FPGS,1.5522281069815544
FPGT,1.5146674966935856
FRK,0.018901692877751765
FRMPD2,0.04299867261673016
FTCD,2.9061827482660294
FTMT,0.3764543508002139
FUCA1,9.267122395908444
FUCA2,4.932113642473009
FUK,26.831758287791097
FUT1,12.236875827545777
FUT10,0.7914321468780058
FUT11,10.822882919332503
FUT2,3.152252088571307
FUT3,0.007136783327209198
FUT4,1.4468107149847511
FUT5,0.011649505526155915
FUT6,0.0054752126310005905
FUT7,3.2433000153432494
FUT8,1.059899895621878
FUT9,20.776579257854443
FYN,156.45153665446395
G0S2,3.9331034325301704
G6PC,0.011128825500852849
G6PC2,0.002925912762626028
G6PC3,38.23807352138395
G6PD,310.1287839319975
GAA,45.50885771657863
GAD1,38.34721750784298
GAD2,14.256014968365717
GAK,7.311712437849424
GAL3ST1,2.6559128366172127
GAL3ST2,0.047450410298878434
GAL3ST3,20.193884368296825
GAL3ST4,2.238792242097926
GALC,11.178515293644335
GALE,12.741713080119844
GALK1,190.29420657940562
GALK2,10.023849409497195
GALM,0.35944059840090054
GALNS,12.701197340298632
GALNT1,8.846766585448275
GALNT10,0.08176330463683915
GALNT11,25.913144617955737
GALNT12,39.56293316618382
GALNT13,21.03032921935071
GALNT14,2.7606933741008435
GALNT15,4.849625022564783
GALNT2,6.79391920257923
GALNT3,2.5111776043394065
GALNT4,0.5849583631829597
GALNT5,3.709110893563144
GALNT6,0.33523976399070127
GALNT7,1.6009572832233459
GALNT8,0.41716120944552626
GALNT9,332.8035605737597
GALNTL5,0.43999999999999995
GALT,46.34262646771482
GAMT,50.70485990501929
GANC,4.186068804032773
GAPDH,2888.066183661842
GAPDHS,8.042317062334442
GARS,396.7081042422169
GART,60.519311974529174
GATM,78.80347479370577
GBA,6.804514349282613
GBA2,211.52608210125663
GBA3,0.038886579507095356
GBE1,3.5786152349373745
GBGT1,5.484495595594955
GC,0.1285543461480583
GCAT,364.13542981519583
GCDH,7.885607552903963
GCH1,1.5470322778050187
GCK,5.666415738895339
GCLC,4.325939640573786
GCLM,19.926905752131347
GCNT1,3.6306002755956315
GCNT2,2.4607007674594517
GCNT2P,0.3354345050980549
GCNT3,0.022708587233248333
GCNT4,0.02267791009950795
GCNT7,0.1257115763161365
GCSH,7.069460925053026
GDA,0.002207226282951283
GDE1,14.884311465605839
GDPD2,0.149880753235238
GFPT1,134.62706584880164
GFPT2,31.94277689982113
GGCT,39.723055495871215
GGH,18.982919007918124
GGPS1,444.8412673111123
GGT1,7.657627503162883
GGT2,0.10675305595959891
GGT3P,0.028567833122916532
GGT5,9.200023785239638
GGT6,0.05508275873225264
GGT7,234.23711512082656
GGTLC1,0.5642767148917974
GGTLC2,1.7831684152107201
GIF,0.3354345050980549
GK,3.765727775110743
GK2,0.005448536060165918
GK3P,0.3354345050980549
GLA,7.039260637430694
GLB1,17.86024751706231
GLB1L,1.4210694658936454
GLCE,2.9559699779505877
GLDC,2.992033009186837
GLIPR1,0.997891672130242
GLO1,922.221608535257
GLRX,180.19817858805806
GLRX2,6.149999292456213
GLS,355.00391367831764
GLS2,110.44767263761483
GLT6D1,0.06930364432416915
GLT8D1,2.031557302741617
GLT8D2,0.19795081631670466
GLTP,21.100630725694906
GLUD1,807.0289090407713
GLUD2,0.11833613281732767
GLUL,7.968244415377974
GLYAT,26.66571856032572
GLYCTK,2.244802791788994
GM2A,11.030094833697415
GMDS,39.22258033130322
GMPPA,25.091416407745726
GMPPB,44.13854051017495
GMPR,4.5204100985294495
GMPR2,55.13928272849067
GMPS,129.81446615004901
GNE,13.788927411504345
GNMT,2.436290917937984
GNPAT,29.57294374216919
GNPDA1,20.776579257854443
GNPDA2,11.020212294409356
GNPNAT1,27.10012871132143
GNPTAB,11.000451791159824
GNS,9.185768643030892
GOT1,14085.196869536036
GOT2,3905.700370358463
GPAA1,129.0665200099402
GPAM,0.21581347543086485
GPAT2,0.3427304697146962
GPAT3,0.6582069289240687
GPAT4,1.352005973421296
GPCPD1,49.58806790391765
GPD1,12.559567602869103
GPD2,169.0190011139729
GPHN,57.668775710340235
GPI,6639.371394833369
GPIHBP1,4.380072993886283
GPLD1,16.35745519470078
GPT,13.741167631182341
GPT2,19.4287091720045
GPX1,47.81181176604209
GPX2,0.9051911750047827
GPX3,85.6035713779763
GPX4,186.06378271250728
GPX5,0.793289329058847
GPX6,2.01032323162201
GPX7,2.2944951003592404
GPX8,0.07110165302609121
GRHL1,4.080059600028372
GRHPR,29.760427548462996
GRK1,0.05162169873549725
GRK2,4.014622265826703
GRK3,1.2623639556998993
GRK7,0.03974831182326898
GSR,211.0575355034618
GSS,273.78988775643387
GSTA1,0.06033952301096684
GSTA2,5.619549002346362
GSTA3,3.8201241689736465
GSTA4,131.33361447547023
GSTA5,0.58469847618054
GSTK1,13.967298799595309
GSTM1,0.05122931617794306
GSTM2,12.387957604725516
GSTM3,207.3548513698165
GSTM4,14.349031683202519
GSTM5,41.58028142837561
GSTO1,955.6468195093615
GSTO2,1.895827995247598
GSTP1,3019.402912958512
GSTT1,77.40547021659636
GSTT2,0.1879013778276054
GSTZ1,2.7492228822125626
GTF2F1,27.29291125423794
GTF3C4,2.117762657568892
GUCA1A,0.013449962319468696
GUCY1A1,2.9663227089166733
GUCY1A2,1.6341429766888445
GUCY1B1,1.0453859436592674
GUCY1B2,0.08419837266868732
GUCY2C,0.009016320822094094
GUCY2D,0.008984342902047972
GUCY2F,0.002370293775342344
GUK1,197.50821047501302
GUSB,7.572112499173593
GYG1,19.14580627133806
GYG2,0.93160992280248
GYS1,121.82168787028742
GYS2,0.12823284150065414
H6PD,15.307634675105827
HAAO,0.5141839424176725
HACD1,0.6699772991826155
HACD2,3.095013644366691
HACD3,4.330319334841662
HACD4,0.5979568033382378
HACE1,21.118714047685696
HACL1,20.8096469887453
HADH,659.5647944474512
HADHA,626.7732765891926
HADHB,28.91836500728714
HAGH,126.79039059291125
HAGHL,29.163536397636957
HAL,0.02798372723913278
HAO1,0.19763453007540133
HAO2,2.123937704953015
HARS,353.59442501625085
HARS2,72.04105256502869
HAS1,4.318601161484775
HAS2,0.043760792583091984
HAS3,2.0080703225806404
HAT1,27.54276525099266
HCCS,15.284840893687393
HCK,1.4537814183645001
HCST,2.0183959284042867
HDAC3,2.4864068304119975
HDC,0.029992354402926337
HDLBP,62.944316671078525
HECTD1,8.614931220564795
HECTD2,4.641056324001153
HECTD3,5.598299512301915
HECW1,4.117568347951506
HECW2,7.077701225649656
HELZ2,0.6590659436355365
HEPH,1.279243234957588
HERC1,1.5927133824242068
HERC2,0.6011291393500824
HERC3,31.40949921744942
HERC4,9.43161530366078
HEXA,23.1575750817872
HEXB,1.012423403993551
HEXDC,0.3354345050980549
HGD,0.14893789153524542
HIBADH,21.284607154284565
HIBCH,4.734033340180435
HIF1AN,7.6232983125348355
HIGD2A,16.398555294191258
HIPK1,38.60454991635939
HIPK2,16.28344692323082
HIPK3,12.751845482761894
HIRIP3,0.8388315801780017
HK1,894.6257705367275
HK2,0.675929092766938
HK3,0.40571270461368364
HKDC1,0.041519229239553146
HLCS,6.520287589572111
HLTF,0.27691324567541475
HMBS,64.67324460387296
HMGCL,45.749290581544145
HMGCLL1,2.358766275165925
HMGCR,22.01716852068872
HMGCS1,22.3180739666995
HMGCS2,0.008538728490876496
HMOX1,3.966423527707472
HMOX2,198.67861226303958
HNMT,1.2012124084072804
HPD,0.20883771246887387
HPGD,0.06562124319192406
HPGDS,0.07031413562387136
HPRT1,902.3268506004381
HS2ST1,5.700038438462583
HS3ST1,20.90890441251394
HS3ST2,0.3133163429708341
HS3ST3A1,0.05775383025733077
HS3ST3B1,0.6822621391922057
HS3ST4,27.03920108082187
HS3ST5,0.23120888697327535
HS3ST6,0.008639660938067088
HS6ST1,48.833814218824365
HS6ST2,2.2080318441235094
HS6ST3,0.05466007041046616
HSD11B1,3.652652142766457
HSD11B1L,37.02851107207166
HSD11B2,8.250857602113658
HSD17B1,2.7684825143059575
HSD17B10,48.821047432594845
HSD17B11,109.30830661428196
HSD17B12,195.16709825552945
HSD17B14,47.69983117821672
HSD17B2,0.021011933708755055
HSD17B3,0.4892147767143852
HSD17B4,48.76998603342422
HSD17B6,3.3034415274032547
HSD17B7,1.9844278870617365
HSD17B7P2,2.147478188089717
HSD17B8,0.9504581588769968
HSD3B1,0.005848303972315324
HSD3B2,0.022147313010950468
HSD3B7,11.059751591464845
HSPG2,0.013200202828322776
HTATIP2,10.716363451042726
HUNK,1.7659525594474261
HUWE1,8.240804350331253
HYAL3,11.825561017323892
HYALP1,0.3354345050980549
HYI,28.80174213931752
HYKK,0.3501948700284475
IARS,836.1568594974669
IARS2,25.34183166832283
ICK,11.228064458123939
ICMT,70.34551269683976
IDH1,11.585923473573517
IDH2,26.613089935720684
IDH3A,712.4795477986668
IDH3B,568.4652180601546
IDH3G,242.46955027711556
IDI1,48.706172219790616
IDI2,0.09901639354662045
IDO1,3.009139787559683
IDO2,0.0650322570798734
IDS,175.29555103643838
IDUA,80.99902052281927
IGF1R,14.97177677076314
IKBKB,43.36090776594316
IKBKE,2.850494962650404
IL4I1,0.23553565096989476
ILK,31.246108542867265
ILKAP,63.33722365624072
IMPA1,166.88673791573697
IMPA2,1.347629472462728
IMPDH1,41.89370199823781
IMPDH2,97.91131727936477
INMT,0.4409584551158703
INPP1,1035.3775589178788
INPP4A,31.551555407039306
INPP4B,0.7074426486624169
INPP5A,128.9156224355246
INPP5B,15.557059415339321
INPP5D,1.900938876386237
INPP5E,84.81622649663727
INPP5F,4.760661784312594
INPP5J,146.15399622729294
INPPL1,1.9596328670472172
INSL3,0.5329026130854174
INSR,23.799127691435878
INSRR,0.7458141470751141
IP6K1,110.12452822772197
IP6K2,122.29159903855764
IP6K3,0.45485333278138224
IPMK,2.6234577194424182
IRAK1,31.693721743652503
IRAK2,4.7519826954318205
IRAK3,0.3545116762490287
IRAK4,1.9925990396457425
IREB2,9.247942805346948
ISYNA1,51.31693909619726
ITK,0.041670555554386396
ITPA,165.51342366411862
ITPK1,49.85700976285356
ITPKA,20.01853980474091
ITPKB,12.782251001572075
ITPKC,14.919708134922203
IVD,639.4424328233839
JAK1,72.06201254274939
JAK2,6.412101555903075
JAK3,4.418885191403394
JMJD7-PLA2G4B,0.19276672646590834
KALRN,0.8910695322284746
KANSL3,40.130018373119626
KARS,380.99306273142435
KAT2A,301.7987570278568
KAT2B,27.501164875927433
KAT5,52.68935251367208
KAT6A,15.483688538684397
KAT6B,7.296206764664391
KAT7,50.665331101298456
KAT8,146.15399622729294
KCNJ11,50.357135493399824
KCNJ8,1.4502953459944816
KDR,0.8419489194453023
KDSR,16.792084728813357
KHK,21.40640376435111
KIT,22.686796980270486
KL,0.03739574063049779
KMO,0.04456348372482456
KMT2A,32.513299589577265
KMT2B,0.3354345050980549
KMT2C,19.14580627133806
KMT2D,27.050733733878438
KMT2E,47.59812537860754
KMT5A,0.08744585611927874
KMT5B,0.052531638327043204
KMT5C,0.3350355754164824
KPNA6,80.58059473219268
KYAT1,0.41426786262502635
KYAT3,10.315561941178165
KYNU,0.04521511071173395
L1CAM,439.89651934477627
L2HGDH,2.6049428578596285
LALBA,0.09996023381633702
LAP3,309.5043611574536
LARS,621.4602643086398
LARS2,7.18772919517694
LATS1,1.0241575154248599
LATS2,2.698516922999091
LBR,18.64336707264225
LCAT,19.29804988203784
LCK,0.1364042885450842
LCLAT1,1.3127446758224006
LCT,0.01263194764552326
LDHA,3475.3814218048615
LDHAL6A,0.40711275339071484
LDHAL6B,10.847952267467784
LDHB,677.412721086222
LDHC,0.28800817309795346
LDHD,6.43101159978141
LDLR,0.9448523033155005
LGALS13,0.26312931862543026
LGMN,15.211693000153943
LGSN,0.059118472577440906
LHPP,132.92432211672534
LIAS,0.9693661071002728
LIMK1,73.14184131813737
LIMK2,30.429986396325255
LIPA,13.219422315424982
LIPC,0.024755675888359262
LIPE,8.581036195809714
LIPF,0.49442312747509054
LIPG,2.6389039725865495
LIPT1,2.8051418977398526
LIPT2,0.5159339094484171
LMTK2,19.189283264493845
LMTK3,67.01504528231717
LOC102724197,0.3354345050980549
LOC286297,0.3354345050980549
LOC344967,0.3354345050980549
LOX,0.74892371818762
LOXL2,4.483138251825837
LPCAT1,5.681349152585788
LPCAT2,0.1957263081717048
LPCAT3,42.72378021990876
LPCAT4,24.45283848179032
LPIN1,58.85412046985006
LPIN2,25.0911515189815
LPIN3,0.9432494675938629
LPL,26.15374672469265
LPO,0.037544371683004
LRAT,0.13200767990039786
LRP1,16.300392116332425
LRP2,0.18677404415659143
LRRK1,0.15017433436050892
LRRK2,1.172927410749088
LRSAM1,39.74769957293975
LRTOMT,2.5418550480610214
LSS,283.8225952869961
LTA4H,594.4570516474128
LTC4S,1.1193264282750504
LTK,4.120071028927057
LYN,17.185981632882715
LYPLA1,75.94285676088005
LYPLA2,109.99911615853243
LYZL1,1.4145390562382973
MACROD1,7.274729350042553
MACROD2,1.6021781136898754
MAGEA2B,0.1626710879648594
MAK,0.19276705751145126
MAN1A1,0.1360206616546875
MAN1A2,4.084269611805506
MAN1B1,3.57655179763275
MAN1C1,22.49671890964086
MAN2A1,0.6412511888967316
MAN2A2,120.58913307857854
MAN2B1,16.399771537356852
MAN2C1,204.80823664759484
MANBA,13.066633686945204
MANSC1,15.956393625184162
MAOA,58.41781844259277
MAOB,20.095220668535156
MAP2K1,711.1411321109441
MAP2K2,544.9169300235602
MAP2K3,13.667218558270362
MAP2K4,78.98106895999562
MAP2K5,16.420936759850232
MAP2K6,1.3602062185194275
MAP2K7,8.97003037730857
MAP3K1,4.928671844793969
MAP3K10,130.2747917975288
MAP3K11,33.683461140606546
MAP3K12,300.7510760513059
MAP3K13,5.314065725459764
MAP3K14,17.121999877893067
MAP3K15,0.036099581776338555
MAP3K2,8.989691876365397
MAP3K20,0.20179825659102824
MAP3K21,0.03839897316107535
MAP3K3,32.775367863149526
MAP3K4,30.077267416837316
MAP3K5,28.626960164183117
MAP3K6,50.858117435646705
MAP3K7,0.8027928158685882
MAP3K8,0.8572077111025307
MAP3K9,28.19661715323131
MAP4K1,1.19581586239424
MAP4K2,48.5275701045986
MAP4K3,27.293114545298724
MAP4K5,47.918561674140854
MAPK1,482.0552394594301
MAPK10,10.24004909962309
MAPK11,130.72839232274112
MAPK12,40.33994386618753
MAPK13,6.279103846045334
MAPK14,63.85621628133492
MAPK15,0.0560907434785683
MAPK3,220.93821188980309
MAPK4,20.534359833850857
MAPK6,25.0911515189815
MAPK7,19.396030131230912
MAPK8,21.041373833329505
MAPK9,35.37119887291904
MAPKAPK2,1.987882583732606
MAPKAPK3,1.8390394757561213
MAPKAPK5,18.064468049249037
MARCH1,0.8840230889679088
MARCH10,0.0182836997897873
MARCH11,5.405720646877375
MARCH2,30.488841575680386
MARCH3,0.49442312747509054
MARCH4,1.0761872309973777
MARCH5,9.029056426225672
MARCH6,45.48363274569085
MARCH7,48.642372790269896
MARCH8,28.21985021799565
MARCH9,38.334970976939594
MARK1,12.914151881745603
MARK2,58.40485961544325
MARK3,121.32039138211235
MARK4,31.40949921744942
MARS,408.28488889522964
MARS2,3.1602208527638185
MAST1,344.2050409583472
MAST2,35.7420358194847
MAST3,2.4935671825055676
MAST4,1.1407449491304364
MASTL,0.059691196888506395
MAT1A,0.020806919735295654
MAT2A,425.35418564629094
MAT2B,147.09622738731858
MATK,1.9852390113928289
MBOAT1,0.7889205323005731
MBOAT2,6.260271525184083
MCAT,19.302423059836396
MCCC1,14.57684229647856
MCCC2,14.253168077337891
MCEE,5.86618732042407
MDH1,8153.888275800332
MDH1B,1.8332318835506949
MDH2,4248.213200839454
MDM2,0.019206182348629
MDP1,157.7445215119699
ME1,362.5466937215018
ME2,43.565036525297366
ME3,33.599642845263865
MECR,7.655771192943217
MED1,0.6385266594148382
MELK,0.0022140623393360702
MERTK,1.108052431602913
MET,0.06287894568160636
METTL1,6.903034247925102
METTL3,84.57812403192831
MGAM,0.006581950195726859
MGAT1,36.700082382241646
MGAT2,0.7632732247492643
MGAT3,132.54549830774323
MGAT4A,19.87626659322715
MGAT4B,123.81832463294691
MGAT4C,0.04341755352004113
MGAT4D,0.02696149145334556
MGAT5,32.90653752782692
MGAT5B,8.875320077033837
MGLL,114.3380139081175
MGMT,4.151012356400775
MGRN1,104.05976185764061
MGST1,13.07369370418006
MGST2,21.291711050268756
MGST3,22.586133130434494
MIA3,20.139060934988326
MIB1,9.517075551085606
MIB2,108.11590226320607
MID1,10.224872132906095
MIF,317.7045185173091
MINK1,1.3858645660187692
MINPP1,7.7551922478543505
MIOX,0.030422017159806514
MIP,0.05664882560493383
MKNK1,32.34671774804102
MKNK2,193.5881533753443
MKRN1,58.40616646249061
MKRN2,61.50094097067593
MKRN3,0.1489850102876684
MLKL,2.59766757271644
MLYCD,7.05756118638852
MMAA,1.357412999147422
MOCS1,7.736592113463895
MOCS2,19.898143407608284
MOGAT1,0.05476426140032141
MOGAT2,0.01881584826821924
MOGAT3,0.06832763191888709
MOGS,175.50584449245838
MOK,7.773800062129246
MOS,0.011017358043488126
MOXD1,0.024939171357376694
MPC1,67.02852720505683
MPC2,54.6617525126485
MPI,21.30674309371288
MPO,0.6420631974370542
MPST,319.15693202249776
MRPL58,13.330417578133794
MSMO1,18.798603848505742
MSRA,29.772152050871135
MST1R,1.375351872612122
MT1A,0.24736311365767777
MT2A,51.01243712150456
MT3,455.22384333991334
MT4,0.3354345050980549
MTAP,41.69985489387456
MTFMT,11.875591430860847
MTHFD1,99.71554639499122
MTHFD1L,30.065522321437673
MTHFD2,1.3207398670651023
MTHFD2L,1.895827995247598
MTHFD2P1,0.01308324381869372
MTHFR,14.57684229647856
MTHFS,9.315101247312562
MTMR1,6.0261904273629865
MTMR14,28.40583309793842
MTMR2,0.841279554704131
MTMR3,0.7621953236814824
MTMR6,5.745188861911101
MTMR7,9.48817651040892
MTMR8,0.1943936854802084
MTPAP,4.685372741453636
MTR,0.8478999906671277
MTRR,15.389442420422055
MTTP,0.013446847228131746
MUL1,23.191265595172283
MUSK,0.004776079820869357
MUT,0.3354345050980549
MVD,287.5062891022473
MVK,13.730904062674096
MYBBP1A,166.37795186316714
MYCBP2,0.5523200772180269
MYLIP,7.7458912199180645
MYLK,0.09595982178300813
MYLK2,1.2533658762997844
MYLK3,0.04296062722937884
MYLK4,0.49152842733835417
MYO3A,0.01835148445659263
MYO3B,0.5253617452442002
MYO5B,0.15546429730429617
NAA10,95.38423783083427
NAAA,7.885607552903963
NADK,23.832976912260154
NADSYN1,18.961218822448185
NAGA,5.689337502400602
NAGK,33.24082968248841
NAGLU,7.594556479876492
NAGPA,14.049685309075901
NAGS,0.13626507052270673
NAMPT,157.66721824920876
NANP,2.1721131996405303
NANS,91.53397051395069
NAPRT,25.164291606310147
NAPSA,0.6233287607970581
NARS,3649.479472854002
NARS2,7.487172734175573
NAT1,0.4756437205808105
NAT2,0.0900020721928402
NCOA1,35.04145596869597
NCOA2,0.4364689840966882
NCOA3,2.0510798837280397
NCOA6,32.76344782095347
NCOR1,0.17566711159448756
NCOR2,3.7926368763693947
ND1,0.7496282848946749
ND2,6.647572110665278
ND3,3.518721426725826
ND4,15.91921099634504
ND4L,0.3354345050980549
ND5,3.9860139175064595
ND6,2.1511623729121254
NDST1,19.920024361732057
NDST2,40.574789110026394
NDST3,6.195777659405868
NDST4,0.024005586560330774
NDUFA1,578.171289667644
NDUFA10,175.91491400426867
NDUFA11,112.53513057306036
NDUFA12,11.950758794634611
NDUFA13,790.8446866110419
NDUFA2,12.830595649345934
NDUFA3,9.732071219768036
NDUFA4,62.50047831629524
NDUFA5,31.50930842934753
NDUFA6,56.14277189271129
NDUFA7,4.250178320165213
NDUFA8,91.16500153154479
NDUFA9,29.454574758502716
NDUFAB1,142.243556917487
NDUFB1,85.5754486321684
NDUFB10,200.006020301161
NDUFB2,65.72296286917519
NDUFB3,105.67639069418071
NDUFB4,135.12707831443427
NDUFB5,88.75446472663732
NDUFB6,29.938971219057354
NDUFB7,249.20880125269485
NDUFB8,141.4525760056224
NDUFB9,20.079102611494694
NDUFC1,56.974074065839176
NDUFC2,61.65853678173081
NDUFS1,42.848540913358065
NDUFS2,88.16457281650325
NDUFS3,277.86394058769235
NDUFS4,79.55268227529855
NDUFS5,759.6366418938164
NDUFS6,14.984395843882629
NDUFS7,44.843563005002856
NDUFS8,85.4341457093587
NDUFV1,134.6878272562805
NDUFV2,101.33412407326179
NDUFV3,12.408125904682358
NEDD4,0.34274765905696747
NEDD4L,11.94851910817603
NEK1,9.942648469442819
NEK11,0.9575091950443145
NEK2,0.016195555555115787
NEK3,3.053729122565898
NEK4,9.276714754219121
NEK5,0.02572073820105388
NEK6,0.13498217301258292
NEK7,7.265628371610972
NEK8,0.35993413357364046
NEK9,3.245434536538621
NEU1,48.8082812208415
NEU2,0.07868648115252536
NEU3,3.106896470314654
NEU4,3.761611013513712
NEURL1,0.14715923590013888
NEURL1B,1.2676552754243173
NGLY1,26.72814016093425
NHLRC1,1.518179693508952
NIT2,233.05488012621743
NKTR,123.44382583962424
NLK,12.509051925506679
NLN,14.30116855241985
NME1,4609.20117190256
NME2,281.45765578880633
NME3,300.05297068027323
NME4,94.84415723595389
NME6,0.4391273169054652
NME7,0.9729802743351248
NMNAT1,0.8891468206195328
NMNAT2,169.11061471024183
NMNAT3,1.2479296440309608
NMRK1,32.120878403502935
NMT1,111.80289698010769
NMT2,7.533545136042829
NNMT,0.3330738901872001
NNT,11.65573046898717
NOL9,11.546066206017107
NOS1,4.139266933980694
NOS2,0.5165174590176921
NOS2P1,0.3354345050980549
NOS2P2,0.3354345050980549
NOS3,3.762432333810527
NOX1,0.5194369072729093
NOX3,0.09198887034239282
NOX4,0.02220842521073416
NOX5,0.08926409698878693
NPAS2,10.469250429003784
NPC1,5.365533872947339
NPC1L1,0.23696395048704733
NPR1,1.644821991237136
NPR2,71.59812939220947
NQO1,36.331306239985295
NQO2,206.83127533124397
NR1D1,111.44751038319593
NRF1,3.7163666099761077
NSD1,23.900700170797602
NSD2,0.8117852405670956
NSD3,0.8238692165195934
NSDHL,445.3870868295174
NSF,499.37085416204695
NT5C,245.0413815911724
NT5C1A,3.9654037484350533
NT5C1B,0.006744819691897646
NT5C1B-RDH14,0.037698419756150243
NT5C2,69.00161150396544
NT5C3A,14.318014547795537
NT5DC3,3.5637961149918764
NT5E,0.6161024987833652
NT5M,16.558624981453658
NTAN1,1.7949314530489162
NTRK1,0.19785185752845316
NTRK2,3.979497576573731
NTRK3,13.80277672628193
NUAK2,11.267730907258755
NUDT10,7.517694758455439
NUDT11,15.22213900088811
NUDT12,3.0410558670182435
NUDT2,17.61357005924183
NUDT3,27.271304647687565
NUDT4,4.236313763034327
NUDT5,151.79531203261038
NUDT9,20.33722695324145
OARD1,5.287928289908779
OAT,330.3954565269363
OBSL1,5.2178894977745855
OCRL,27.40866450066474
ODC1,3.149476820005713
OGA,13.207835039605774
OGDH,649.9332583716753
OGT,253.7842172792872
OLAH,0.09064654511247631
OPLAH,17.849510151173654
OTC,0.006631566498875399
OTUD5,134.36690131039043
OXCT1,600.3477987747209
OXCT2,0.510687083518597
OXSM,7.5223211705533854
OXSR1,22.083975604806405
P4HA1,7.406808290614157
P4HA2,8.462460611902701
P4HA3,0.4863253598276944
P4HB,159.6712049921002
PADI1,0.0171133756503664
PADI2,9.739134603691777
PADI3,1.4480638550391858
PADI4,0.12274308877923222
PADI6,0.3354345050980549
PAFAH1B2,1263.7925145909715
PAFAH1B3,1118.7359049190798
PAFAH2,2.4477278204531174
PAH,0.15252618849845004
PAICS,149.89190396519152
PAK1,214.49817730956963
PAK2,79.76680832857372
PAK3,0.6390405711694942
PAK4,0.32658835262055486
PAK5,0.1843105272396382
PAK6,24.23981081062724
PAM,0.341209731454757
PAN2,129.9725423094202
PANK1,11.575956941258116
PANK2,14.84686456290367
PANK3,25.193650646271568
PANK4,34.41539121724857
PAOX,4.440636935097407
PAPOLA,5.851966817480441
PAPOLB,0.016176411985868635
PAPOLG,5.8068389827846145
PAPSS1,72.56988696020305
PAPSS2,2.1214031910050486
PARP1,63.08694857233466
PARP10,1.4311769863416657
PARP11,1.2194565049000265
PARP12,0.3019704561433732
PARP14,1.0914360051394723
PARP15,0.0860384493936497
PARP16,11.426636592940355
PARP2,52.132332411696815
PARP3,17.204194998144263
PARP4,0.29609006513952857
PARP6,111.1238638520759
PARP8,0.42115853251703744
PARP9,0.7732542130903775
PARS2,2.4828582547936375
PASK,9.449668010709672
PBK,0.014576729968610671
PC,229.11508443193821
PCBD1,58.93323224536283
PCBD2,2.253568147400357
PCCA,16.072314007440973
PCCB,1.8588208889654272
PCK1,0.7012866103795182
PCK2,4.212015819186657
PCMT1,1174.0039890019268
PCYOX1,48.680004468192244
PCYT1A,13.48785693587348
PCYT1B,2.3542194899197937
PCYT2,49.65207896784321
PDE10A,8.808719924669601
PDE11A,0.031536801044644396
PDE1A,40.389365468302884
PDE1B,19.985692032755168
PDE1C,1.416208469315881
PDE2A,2.2975127567104052
PDE3A,5.5573166556142
PDE3B,8.429820899078473
PDE4A,30.630173752762776
PDE4B,5.026924412640267
PDE4C,0.43007739330937034
PDE4D,1.19109731936314
PDE5A,1.4454172666712444
PDE6A,0.043837131014575884
PDE6B,2.41116226754689
PDE6C,0.9290267413159978
PDE6H,1.0083333333333333
PDE7A,12.377875572653776
PDE7B,0.5831701215993885
PDE8A,3.8010691147001596
PDE8B,4.217878637338844
PDE9A,26.27992879879546
PDF,1.2540456910738254
PDGFRA,1.7234965085326652
PDGFRB,8.9324744764683
PDHA1,355.2822865172541
PDHA2,8.963593332760542
PDHB,64.68975101026632
PDHX,21.931488412115026
PDIA2,1458.990571969662
PDIA3,903.5320533003729
PDIA4,266.5524087042686
PDIA5,1.9732669117373356
PDIA6,104.93705132435905
PDK1,0.25116771654290215
PDK2,226.5672425979554
PDK3,0.7356410761392697
PDK4,1.8703092220179556
PDP1,9.305502067371881
PDP2,2.3299955280370463
PDPK1,3.4077461253930124
PDPR,11.945694965455615
PDXK,55.730947299023406
PDXP,50.97835917913047
PDZD4,703.9987027974753
PEAK1,8.11004043314872
PECR,64.03181660134905
PEMT,12.20669782678403
PEPD,41.80406591820025
PEX11A,1.810033223511556
PFAS,143.8854615759226
PFKFB1,0.08758421032436692
PFKFB2,1.0517345705587706
PFKFB3,32.739609975437666
PFKFB4,6.8284860071243685
PFKL,144.76754449674496
PFKM,126.95672784646857
PFKP,2434.6962522500503
PGAM1,80.06673073028367
PGAM2,92.14558842160893
PGAM5,57.63627155055681
PGAP1,7.471457613805659
PGD,1667.616670480049
PGGHG,0.02991860446325157
PGK1,155.454276007979
PGK2,0.014194843694988014
PGLS,523.8130547405806
PGLYRP1,1.0887813950112915
PGLYRP2,0.0028518007183847105
PGLYRP3,0.01572942767765221
PGLYRP4,0.2601296063498426
PGM1,204.26081795573728
PGM2,78.80912881552696
PGM2L1,5.625020736020293
PGM3,97.16483716111968
PGP,579.0698832529548
PGS1,26.30288221421232
PHEX,0.1423668306031605
PHGDH,119.49654888649387
PHKA1,0.3005629831826531
PHKA2,16.399771537356852
PHKB,14.30767807036291
PHKG1,4.529736346236648
PHKG2,25.11392288712415
PHLPP1,9.056524784070517
PHLPP2,17.892466278584635
PHOSPHO1,1.3608596321913664
PHPT1,205.95253860641554
PHYH,24.092761947766625
PHYKPL,10.030089487723483
PI4K2A,3.1062128976195957
PI4KA,11.222891845873953
PI4KB,3.110955342739726
PIGA,4.993274161487005
PIGB,1.900938876386237
PIGC,6.306024025972006
PIGF,1.4866205342392835
PIGG,15.57803347702081
PIGH,25.37604850526603
PIGK,5.328014748968686
PIGL,4.29422245469114
PIGM,3.0188995381179256
PIGN,1.6998278747377271
PIGO,14.24568620927207
PIGP,1.649809622113969
PIGQ,42.33730252737353
PIGS,34.74171877972225
PIGT,10.055830645224342
PIGU,1.5769827587271508
PIGV,3.0426395278036265
PIGW,2.935276313829412
PIGX,1.9681988927595955
PIGY,0.3354345050980549
PIGZ,71.20287251114708
PIK3C2A,1.5576732967986398
PIK3C2B,9.018324119118171
PIK3C2G,0.011746825150872348
PIK3C3,0.18479691676227655
PIK3CA,7.009996786736038
PIK3CB,1.0530229126262072
PIK3CD,6.397700340471907
PIK3CG,0.18584140817599243
PIK3R1,1.9387009470447056
PIK3R2,47.01404411735258
PIK3R3,77.39165015859969
PIK3R4,24.841249999398652
PIK3R5,0.07998829217304858
PIKFYVE,14.173421008808244
PIM1,18.820271909639587
PIM2,20.611376606380166
PIM3,78.77574982264665
PIN1,1800.0829947566003
PIN4,6.060895167499993
PINK1,84.08722737067417
PIP4K2A,17.913951001772876
PIP4K2B,40.68791799521914
PIP4K2C,49.9851651951535
PIP5K1A,1.008102469913679
PIP5K1B,0.8724968716415251
PIP5K1C,431.70963436486306
PIP5KL1,1.8783229918072588
PIPOX,0.9887480196308135
PISD,20.937393484237983
PJA1,40.92130335482158
PJA2,103.59458973707704
PKLR,1.239104456772253
PKM,1075.1810376288272
PKMYT1,3.934758752218352
PKN1,126.95672784646857
PKN2,5.646042918445266
PKN3,37.39402053903129
PLA2G10,0.18403413212323902
PLA2G12A,1.2746574058903593
PLA2G12B,0.05335425324513488
PLA2G15,36.56642271222363
PLA2G16,15.128169474436657
PLA2G1B,0.03449129925337993
PLA2G2A,0.5754319974056028
PLA2G2C,0.006321158858970057
PLA2G2D,0.0081513513361279
PLA2G2E,0.10480083352838437
PLA2G2F,0.017105401618544066
PLA2G3,0.18692102144308093
PLA2G4A,3.716397658071299
PLA2G4B,431.5238770465973
PLA2G4C,21.262475175703678
PLA2G4D,0.08672486938125407
PLA2G4E,0.013512290194263688
PLA2G4F,0.030709041159795558
PLA2G5,1.1682245597230456
PLA2G6,11.885601872353703
PLA2G7,0.3686723661003983
PLB1,0.19478837326727833
PLCB1,2.2929865281946182
PLCB2,0.7241099185520007
PLCB3,2.9282691583192753
PLCB4,64.743354870898
PLCD1,6.246825831860493
PLCD3,16.55003172079151
PLCD4,2.8207667385531376
PLCE1,0.898125577421393
PLCG1,11.48283766714868
PLCG2,0.8635794100998148
PLCH1,3.1610179195392485
PLCH2,181.19825535495048
PLCL1,1.3347030921450904
PLCL2,29.901173975276844
PLCXD2,0.2176083099915484
PLCZ1,0.07175189323406331
PLD1,0.5588261559988917
PLD2,39.61218971946644
PLD3,42.096474446700284
PLD4,8.3543874173305
PLD6,50.832405313593846
PLG,3.615722070737719
PLIN1,0.49674099004110744
PLIN2,1.3305811198424191
PLIN3,2.064232556531225
PLIN4,0.7776353266656812
PLK1,2.8191135624821015
PLK2,6.185039872200501
PLK3,4.681961215486776
PLK4,0.12736088560277373
PLOD1,6.731685588810661
PLOD2,4.038830624365286
PLOD3,12.120878360816207
PLPBP,1.3790311261442316
PLPP1,5.389883230682263
PLPP2,2.123055391477898
PLPP3,4.2032094621878
PLPP4,0.019762828557283812
PLPP5,0.0656688155578048
PLPP6,0.050042688733332445
PLPP7,1.1305815492037874
PLPPR2,0.3307009692228308
PLPPR3,0.9307949846236876
PLPPR4,0.11900942508124815
PLPPR5,0.012456429933028047
PLTP,7.71799967106212
PLXNB3,53.829748982701275
PMM1,14.38901065786131
PMM2,17.35536973696851
PMPCA,40.028870678041095
PMVK,317.9197127712192
PNCK,12.985271725195698
PNKP,38.1848133732008
PNLIP,0.01735944451270558
PNLIPRP1,0.04876262171622993
PNLIPRP2,0.3354345050980549
PNLIPRP3,0.018139233522564087
PNMT,1.683364981749286
PNP,248.59426928301212
PNPLA2,211.69039635414137
PNPLA3,0.02073306530030291
PNPLA4,2.6350409469083638
PNPLA6,1.8348668885764736
PNPLA7,13.362299801666927
PNPLA8,13.792505251267858
PNPO,12.741713080119844
PNPT1,6.506706424581514
POLA1,3.1375039594035576
POLA2,3.610977024812076
POLB,136.6113393586102
POLD1,1.5049953779565866
POLD2,8.041344167828543
POLD3,0.3954426613967023
POLD4,9.962068414730549
POLE,1.1471237191539956
POLE2,0.3861446249182711
POLE3,65.14378268796736
POLE4,2.813252653412578
POLG,46.29202100709232
POLG2,6.770285647446976
POLH,4.68025561288227
POLI,3.583307571999686
POLK,4.703290261826787
POLL,10.518244849385669
POLM,23.69762975539147
POLN,1.9742077710459003
POLQ,0.07334803504430529
POLR1A,1.1439978330127305
POLR1B,0.4438996290535909
POLR1C,15.371159930747552
POLR1D,59.60641874346257
POLR1E,11.929487927138872
POLR2A,9.284405472467967
POLR2B,20.854124424465578
POLR2C,130.1879449967548
POLR2D,14.246639183214167
POLR2E,167.5152397346075
POLR2F,13.484975919772731
POLR2G,13.708860706880333
POLR2H,267.03734813955776
POLR2I,79.6495894160652
POLR2J,23.481996581530247
POLR2K,47.039413117840276
POLR2L,119.91824074248827
POLR3A,0.731718589289158
POLR3B,1.4965728586747205
POLR3C,0.8654652324243907
POLR3D,5.800644409986312
POLR3E,33.683461140606546
POLR3F,38.42071082252423
POLR3G,1.9692699679864785
POLR3GL,48.0051723547366
POLR3K,18.46330039887484
POLRMT,17.341300254716995
POMGNT1,42.58657381824708
POMT1,85.50514872593158
POMT2,19.603156928420006
PON3,0.3281555623405741
POR,123.36782572788749
PPA1,2803.272193417623
PPA2,94.91798300126496
PPARA,0.961404585480324
PPAT,8.44234248397105
PPCDC,1.1991882137016558
PPCS,46.122857653218595
PPEF1,0.02418619076914607
PPEF2,0.625137587636385
PPIA,320.76274972368805
PPIAL4A,0.05840893971923158
PPIAL4C,0.3354345050980549
PPIAL4E,0.3354345050980549
PPIAL4G,0.6221233776920433
PPIB,805.8197595262255
PPIC,3.3206332840415933
PPID,890.8539992671462
PPIE,7.7177938572374005
PPIF,112.49677035511993
PPIG,11.84233776417721
PPIH,564.7843812516463
PPIL1,118.04315645873429
PPIL2,1.898680241057057
PPIL3,58.92930814720699
PPIL4,3.205764005129131
PPIL6,2.621913953001632
PPIP5K1,73.99122950473598
PPIP5K2,6.727599479506709
PPM1A,4.509877676884944
PPM1B,39.98194930720401
PPM1D,15.138605585485308
PPM1E,2.6651983131485255
PPM1F,41.98816894269221
PPM1G,23.68415381579912
PPM1K,28.324439721887806
PPM1M,7.499194010884919
PPOX,24.534368933289464
PPP1CA,199.65975703308618
PPP1CB,162.47315289047353
PPP1CC,54.16748548810323
PPP1R1A,10.704781082013593
PPP1R1B,129.0665200099402
PPP1R2,69.4396808192339
PPP1R3A,0.06646892507772041
PPP1R3B,0.2783251102941003
PPP1R3C,3.122002434847861
PPP2CA,240.3661448491714
PPP2CB,115.74358077623039
PPP2R1A,1072.9755736084253
PPP2R1B,27.536342011672314
PPP2R2A,83.43785693401846
PPP2R2B,7.6130974594703416
PPP2R2C,97.5804294080891
PPP2R3A,1.1073869462843842
PPP2R3B,12.267066640709324
PPP3CA,2630.961895697442
PPP3CB,89.55629455669576
PPP3CC,19.080622632424134
PPP3R1,621.1092830918851
PPP3R2,2.4370537589271226
PPP4C,78.63876006323139
PPP5C,71.36456817431818
PPP6C,193.09333009215263
PPT1,10.42760121413021
PPT2,106.44936713367179
PPWD1,36.03044530730907
PRAG1,0.3354345050980549
PRDX1,10462.717011343302
PRDX2,15151.006618027126
PRDX3,39.62450550532821
PRDX6,351.0818880787496
PREP,87.99290788018466
PRKAA1,19.805110381519757
PRKAA2,4.691343940461428
PRKAB2,35.693643493147164
PRKACA,1426.1713514657151
PRKACB,308.3892152786796
PRKACG,0.05836883453597892
PRKAG2,20.49037254516079
PRKAR1A,27.05652836011771
PRKAR1B,170.5345073968507
PRKAR2A,25.823040480483282
PRKAR2B,72.41434248466514
PRKCA,2.7871918312956
PRKCB,26.050584687439468
PRKCD,2.4934694572639597
PRKCE,23.652543543755232
PRKCG,93.9249174682103
PRKCH,1.3340159444360402
PRKCI,6.400116005029641
PRKCQ,0.5635621321361398
PRKCSH,348.83202077365036
PRKCZ,138.32783425091827
PRKD1,0.07793702847056236
PRKD2,2.76692438420435
PRKD3,1.396100696115224
PRKDC,1.4627375880607747
PRKG1,0.40666464749514813
PRKG2,0.056768538141826384
PRKN,0.21524163632635238
PRKX,0.9406607544615809
PRKY,4.811898034307434
PRODH,10.479046162999822
PRODH2,0.13635787981955008
PRPF19,1078.7711217411988
PRPF4,177.72164957624219
PRPF4B,64.23920339376893
PRPS1,1322.4135588226848
PRPS1L1,1.6993128857058533
PRPS2,5.617099998200677
PRRT2,1514.374863379961
PSAP,65.30763198092123
PSAT1,124.25878063483542
PSKH1,11.60586096405699
PSKH2,0.006261025484133014
PSPH,644.3641028503949
PSPHP1,0.3354345050980549
PTDSS1,20.89787179786177
PTDSS2,47.5727047677999
PTEN,15.85300394038421
PTGDS,659.5877230973482
PTGES,5.6394766629766915
PTGES2,218.4514290764637
PTGES3,3196.2804622756175
PTGIS,4.374751471651947
PTGR1,127.93354358804343
PTGS1,0.33321885901915155
PTGS2,0.2540109671867244
PTK2,3.6130236162165157
PTK2B,443.6265457608866
PTK6,3.18175377915634
PTK7,0.44759235367671363
PTP4A2,1.777621074576493
PTP4A3,24.31905465621543
PTPDC1,4.091722656238055
PTPMT1,17.189185337289445
PTPN1,23.398904282328534
PTPN11,23.35634473721706
PTPN12,4.2398470572803335
PTPN13,1.417597032959216
PTPN14,0.21695465324698335
PTPN18,128.61391847507863
PTPN2,18.762460362590883
PTPN21,5.8990061817663895
PTPN22,0.17251678835783682
PTPN23,39.176527225727675
PTPN3,1.5020352028296513
PTPN4,15.81958346735313
PTPN5,3.126775356598253
PTPN6,2.0486874267873625
PTPN7,0.10782181220858349
PTPN9,0.5297112402299481
PTPRA,1.877183665300557
PTPRB,7.549164011117476
PTPRC,0.23324329141175182
PTPRD,58.22188625815163
PTPRE,4.759678851792783
PTPRF,12.529253992019909
PTPRG,2.876354953793293
PTPRH,0.21058685158885887
PTPRJ,1.1027304773294044
PTPRK,3.5385600242347386
PTPRM,14.57684229647856
PTPRN,257.3339768001195
PTPRN2,22.49671890964086
PTPRO,0.2974291258374035
PTPRQ,0.0007437702806167998
PTPRR,20.8758095754803
PTPRS,109.65479121509969
PTPRT,0.9555625213055
PTPRU,16.67528454809547
PTPRZ1,6.26385788328925
PTRH1,0.38496687899501364
PTRH2,250.04705491619166
PTS,21.716969106250627
PUS1,9.094138157759277
PXDN,0.08267013059526555
PXDNL,0.14466088987982142
PXYLP1,0.3900283303635837
PYCR1,4.988100655094998
PYCR2,289.3992649588621
PYCR3,18.52640291410028
PYGB,2035.929686212246
PYGL,1.7717229538358172
PYGM,9.613514636441655
PYURF,0.2973760538931675
QARS,190.91143698084434
QDPR,2786.881338572336
QPCT,1.0142554837848796
QPRT,1.745781762145027
QTRT1,166.74204393814244
QTRT2,3.0803803903498332
RAD1,1.4098806888333784
RAD18,3.441267391730291
RAD9A,23.269909540469264
RAF1,1.0988463980057661
RAG1,0.04683192653379479
RALBP1,32.823055490702615
RARS,242.5593834646447
RARS2,15.025268778360688
RBBP6,1.0776479203128038
RBKS,1.7012607320052624
RBP1,196.08882066927654
RBP2,0.03273100100378282
RBP4,0.4677313477131297
RCHY1,13.64884308945099
RCL1,3.1505882217537757
RDH10,0.48517041874291245
RDH11,368.0939273852387
RDH12,2.419533501076366
RDH13,5.092217605672927
RDH14,18.790986802602724
RDH16,0.5683049670249974
RDH5,7.204258526927035
RDH8,0.3354345050980549
REG3A,15.598236131061894
RENBP,1.9793543668513316
RET,4.621477994198411
REV3L,34.19913052512325
RFC5,30.921437120085596
RFK,20.218915839429506
RFWD3,7.194156492217712
RGL1,16.802709877411434
RHAG,0.3012257575781964
RHBG,87.19507896755776
RHCG,0.1190611386422117
RING1,198.94070585977354
RIOK1,0.9432776347623261
RIOK2,0.22144827953975846
RIOK3,22.664420580523565
RIPK1,12.272661365806842
RIPK2,0.4865093450859482
RIPK3,1.3455840019902672
RIPK4,0.06350330446720866
RIPOR1,1.8350848174091228
RNF103,69.12382930140595
RNF115,36.97982321967847
RNF123,38.32272511923394
RNF125,0.1933582863812333
RNF126,80.13624039801152
RNF128,0.46446307460008845
RNF13,18.236752108489878
RNF130,37.63803589290744
RNF133,0.11965076600056067
RNF138,10.528048453764512
RNF139,12.76197927103228
RNF14,28.51054071443942
RNF144A,102.09976086631097
RNF144B,1.586590564197486
RNF146,150.79179629666766
RNF149,13.229619075951565
RNF152,22.675608305426145
RNF167,162.02228417706132
RNF180,1.7278059350516675
RNF182,10.283432218193497
RNF185,30.653740043712506
RNF187,261.588495063679
RNF19A,20.182917630233256
RNF19B,35.19827473431906
RNF2,6.346190663187344
RNF20,3.2719021194004045
RNF216,22.865944719808205
RNF217,2.020609742927268
RNF25,54.453545930808225
RNF31,47.559995338822745
RNF40,4.636067005596781
RNF41,72.62208505657286
RNF5,81.58438533106089
RNF8,13.29082801987571
RNGTT,6.945059532830433
RNMT,80.02186086715054
ROCK1,6.116197878855736
ROCK2,27.044047251624768
ROR1,0.2706827549251312
ROR2,0.0021734391818325023
RORA,11.307421400549044
ROS1,0.0010119445462525767
RPAP2,10.744123574588249
RPE,59.332756901950134
RPE65,0.019371716050546824
RPIA,27.27691517370291
RPL14,830.5086681071355
RPN1,326.2411264602039
RPN2,192.64560012810642
RPP14,44.89681817954706
RPS6KA1,54.588178872446456
RPS6KA2,11.586669459096633
RPS6KA3,3.109526119063791
RPS6KA4,8.891119827770796
RPS6KA5,7.390199828336961
RPS6KA6,2.2982672774158037
RPS6KB1,2.924085336294416
RPS6KB2,92.56924573073022
RPS6KC1,0.5599522929876534
RPUSD4,1.7518355465426563
RRM1,21.22316276682604
RRM2,0.05137941595033972
RRM2B,5.712275168645255
RTCA,25.04561945192029
RWDD2A,8.7422063112478
RXRA,2.964419587494423
RYK,9.700452431958789
SACM1L,27.2238249354091
SAE1,271.6023663091798
SAP130,1.6742988197856024
SARDH,0.28667835286924614
SARS,339.65593584414495
SARS2,28.2547059870235
SAT1,125.15312060189585
SAT2,262.27032944405465
SBK1,136.95450339222407
SC5D,14.992612959462896
SCARB1,17.517205239336405
SCARF2,2.9967711563490784
SCD,80.38656107910063
SCD5,73.74445917327924
SCLY,15.977459312916814
SCP2,77.05537088821278
SDC1,0.961058326451544
SDHA,418.5724092925087
SDHB,235.137699117005
SDHC,10.485757137581665
SDHD,1.8741746551853251
SDR16C5,1.5188823007911478
SDR42E1,0.0251888206713098
SDR42E2,0.18413186596313869
SDR9C7,1.0887813950112915
SDS,0.5095223775394921
SDSL,1.278561088420962
SEC11A,77.87228155939492
SEC11C,5.4208583438801226
SELENOI,0.1784505883933933
SEPHS1,741.155713833657
SEPHS2,41.28072615303748
SERPINA1,0.7439494741473007
SERPINA3,0.4539399273157399
SETD1A,0.943224760569646
SETD1B,31.066653487174165
SETD2,0.11873356268185911
SETD5,93.05404362069716
SETD7,3.3613895358136068
SETDB1,0.4603508573460125
SETDB2,3.52637297709356
SETMAR,3.438032368980569
SFXN3,12427.82596496167
SGK1,9.382343113301973
SGK2,0.8033810088055774
SGK3,0.6602833422027936
SGMS1,5.63030229454539
SGMS2,0.7645048039793038
SGPL1,41.19045333997727
SGPP1,15.096868575885155
SGPP2,15.368512298409886
SGSH,3.7238637094781444
SH3RF1,1.1474369005656235
SH3RF2,0.09377029920167913
SH3RF3,0.26276560395929804
SHMT1,237.67359091737902
SHMT2,563.9571552798635
SHPK,6.853064951527268
SHPRH,2.2831849749934006
SI,0.003050955681994351
SIAE,15.27438749903845
SIAH1,3.771468892453278
SIAH2,23.70890361619507
SIK2,14.504290163047978
SIK3,14.613630828316575
SIN3A,4.8680540534571
SIN3B,0.46831775052712216
SIRT1,14.276676349691886
SIRT2,119.69475323960089
SIRT3,21.517231551168713
SIRT5,11.885601872353703
SIRT6,38.98496130474213
SIRT7,58.45883634576231
SLC10A1,0.19227460500043778
SLC10A2,0.058748703153154044
SLC10A6,0.11880179429376408
SLC11A1,0.4145187114736463
SLC11A2,14.982194241799318
SLC12A1,0.48055539096377226
SLC12A2,4.67499265778655
SLC12A3,0.007639755007145463
SLC12A4,0.09784037481039612
SLC12A5,306.87135103699705
SLC12A6,0.10307268317072733
SLC12A7,1.31709806274962
SLC13A1,1.3898493503991496
SLC13A2,0.9791894450655247
SLC13A3,3.566210728631368
SLC13A4,1.1153773040048955
SLC13A5,0.43058639541011373
SLC14A1,0.20853811243320944
SLC14A2,0.052867346971752514
SLC15A1,0.00294269283974238
SLC15A2,1.7544215061188013
SLC15A3,1.9962808099073328
SLC15A4,17.292708988345144
SLC16A1,7.716709772410568
SLC16A10,0.7807672974354397
SLC16A2,10.420295432990574
SLC16A3,2.6682947104563093
SLC16A7,0.26546954719903687
SLC16A8,0.8859438911115249
SLC17A1,0.004877929217801219
SLC17A2,0.014797084619435076
SLC17A3,0.0062992807362742525
SLC17A4,0.05166096529905448
SLC17A5,10.655637941276357
SLC17A6,0.03721009470208834
SLC17A7,1428.5791668334873
SLC17A8,0.023326127399307364
SLC18A1,0.058656845323138175
SLC18A2,5.653198894892841
SLC18A3,0.00919108843023206
SLC19A1,11.466422711869816
SLC19A2,10.793336567253114
SLC19A3,0.9536165297651397
SLC1A1,8.0351091723821
SLC1A2,9.623167735385557
SLC1A3,39.85863044602112
SLC1A4,4.459032749723094
SLC1A5,0.16524662889836228
SLC1A6,144.92148229884657
SLC1A7,1.8201763805071753
SLC20A1,65.37377127728139
SLC20A2,35.47601785221514
SLC22A1,0.0941620430728807
SLC22A10,0.021264472426219188
SLC22A11,0.045138364328768624
SLC22A12,0.05897090893711688
SLC22A13,0.15579662376989084
SLC22A16,0.0053420550726444764
SLC22A18,0.16060511850239126
SLC22A2,0.03382319055994716
SLC22A3,0.32648297107578245
SLC22A4,3.382310942611958
SLC22A5,41.851950081555984
SLC22A6,0.45137267086356114
SLC22A7,0.8451239407975061
SLC22A8,0.10148119762227757
SLC22A9,0.009460177359486295
SLC23A1,0.2969515370297132
SLC23A2,55.535096891988914
SLC24A1,2.619598596609009
SLC24A2,9.739134603691777
SLC24A3,21.450723059630334
SLC24A4,0.018838953662053737
SLC25A1,440.94968219882884
SLC25A10,13.587353000195124
SLC25A11,2162.3196937347
SLC25A12,1200.845680856918
SLC25A13,85.48512891559416
SLC25A14,12.408125904682358
SLC25A15,0.795202141013277
SLC25A16,6.631499749515545
SLC25A17,6.887476178303379
SLC25A18,5.162779085163859
SLC25A19,4.433243716005426
SLC25A2,0.7617097541989009
SLC25A20,2.5134761866521167
SLC25A21,0.053591269738210455
SLC25A22,254.10860855064664
SLC25A26,3.5857511260667883
SLC25A27,99.56863622894087
SLC25A28,115.77320337604847
SLC25A29,31.38583391748027
SLC25A3,1702.4972842312677
SLC25A37,7.494570050187959
SLC25A4,1540.5046960083646
SLC25A5,3394.062841058238
SLC25A6,571.9262098054853
SLC26A1,2.63040660225652
SLC26A11,3.6338657682243873
SLC26A2,7.219875557378445
SLC26A3,0.08466843763362225
SLC26A4,0.049742995219834996
SLC26A6,16.749595707102056
SLC26A7,0.02591590326489688
SLC26A8,8.147550855849909
SLC26A9,0.04292258763902036
SLC27A1,12.570677607900825
SLC27A2,3.2817686900800727
SLC27A3,31.03122369812394
SLC27A4,7.734400924705133
SLC27A5,3.128366609259194
SLC27A6,0.03207867204820829
SLC28A1,0.05797266048828553
SLC28A2,0.030135458407527575
SLC28A3,0.0016511680553956674
SLC29A1,54.8310209297192
SLC29A2,63.71282720887335
SLC29A3,1.6862261116693
SLC29A4,2.942360655525171
SLC2A1,43.381614112648826
SLC2A10,0.13998587467707846
SLC2A11,37.54039698158712
SLC2A12,2.7062756257377125
SLC2A13,2.3883570690488702
SLC2A14,0.04444866006482799
SLC2A2,0.7271472329221568
SLC2A3,101.73750352743228
SLC2A4,0.1910936048081856
SLC2A5,0.244538032220801
SLC2A6,22.921978046343384
SLC2A7,0.02769435809366143
SLC2A8,37.24774263001907
SLC2A9,0.033604260192555864
SLC30A1,5.4398323743964685
SLC30A6,3.948005621296937
SLC30A7,10.76656273112259
SLC31A1,4.531432382899736
SLC32A1,15.557059415339321
SLC33A1,557.7956317155324
SLC34A1,0.001974332436038957
SLC34A2,0.573648807834543
SLC34A3,0.11121819845762998
SLC35A1,51.77234165096621
SLC35A2,5.184469312616163
SLC35A3,3.0505599586055148
SLC35B2,0.9583777880562403
SLC35B4,26.705123285509693
SLC35C1,8.552648130668988
SLC35D1,5.097802595885669
SLC35D2,1.8936383428470902
SLC36A1,84.33962709666483
SLC36A2,0.07419499914014951
SLC36A4,11.575956941258116
SLC37A1,13.495207627879324
SLC37A4,20.402446721211458
SLC38A1,50.01080307265453
SLC38A2,54.05053557019321
SLC38A3,9.603863205174358
SLC38A4,0.5616960912328457
SLC38A5,22.072838672529414
SLC39A7,29.928282053409966
SLC3A1,0.4463026090116351
SLC3A2,61.12232019390746
SLC40A1,1.1695678996157517
SLC41A1,40.031295195730046
SLC41A2,4.243020872504134
SLC43A1,3.399253039975397
SLC43A2,17.292708988345144
SLC46A1,11.645753625175761
SLC47A1,2.599546945676911
SLC47A2,0.05422419485558121
SLC4A1,0.7663782340012864
SLC4A10,16.01960502589645
SLC4A2,4.341319888979736
SLC4A3,107.86710157079395
SLC4A4,6.101931037133897
SLC4A5,2.1541920294580135
SLC4A7,0.3750778167885491
SLC4A8,2.867730492759036
SLC4A9,0.18413186596313869
SLC51A,0.651162303270655
SLC51B,0.21660282448642276
SLC52A1,0.06228079599410107
SLC52A2,98.5736702115868
SLC52A3,1.936781052013422
SLC5A1,0.031645048019064544
SLC5A10,0.07359837218656663
SLC5A11,5.94162884991684
SLC5A12,0.01696088416657737
SLC5A2,0.7763831454062765
SLC5A3,0.1255683507315296
SLC5A5,3.2721442084970414
SLC5A6,54.24547625209848
SLC5A7,0.019607468664621704
SLC5A8,0.03320352537427123
SLC5A9,0.3453425823524361
SLC6A1,97.83936874018585
SLC6A10P,0.3354345050980549
SLC6A11,0.4432312088143226
SLC6A12,12.287200957265991
SLC6A13,3.270540601353137
SLC6A14,0.3354345050980549
SLC6A18,0.020564936803086797
SLC6A19,0.1185497404542115
SLC6A2,0.0014875986040404116
SLC6A20,0.2316663604349173
SLC6A3,0.11152113387915114
SLC6A4,0.16515069858202824
SLC6A5,0.23472014792431425
SLC6A6,1.6304761037987814
SLC6A7,216.95998185429883
SLC6A8,110.59461028943743
SLC6A9,3.5531940191405553
SLC7A1,20.90890441251394
SLC7A10,3.9670613991204404
SLC7A11,1.3871029766780636
SLC7A2,0.6706467830109482
SLC7A3,0.04448941571177317
SLC7A5,23.704517769080148
SLC7A6,12.863393204939893
SLC7A7,0.1560340745390066
SLC7A8,39.08323601797882
SLC7A9,1.2533658762997844
SLC8A1,1.5618464799119638
SLC8A2,401.248770379229
SLC8A3,3.1100756252831245
SLC8B1,9.729461577754964
SLC9A1,40.33994386618753
SLC9A2,0.32486573703736854
SLC9A3,8.666297272540609
SLC9A4,0.00480476909266957
SLC9A5,49.10204925953428
SLC9A7,1.8470300696663164
SLC9A8,12.106197292110359
SLCO1A2,4.065905027647381
SLCO1B1,0.5745214485775751
SLCO1B3,0.04767210311424515
SLCO1C1,0.3165858253417558
SLCO2A1,0.24233323425771713
SLCO2B1,14.57684229647856
SLCO3A1,8.194480697207569
SLCO4A1,14.194061754011638
SLK,26.4782506166961
SMARCD3,143.38337396772278
SMG1,3.042306212390574
SMPD1,83.51280372243511
SMPD2,7.5599385198746525
SMPD3,31.3740024187334
SMPD4,20.840449596321395
SMS,348.26541140254994
SMURF1,12.68094780298484
SMURF2,10.20536490653366
SMYD3,8.169446716024773
SNRK,40.42643850101063
SOAT1,1.424717613933954
SOAT2,0.03407891780113554
SOD1,2460.570398410767
SOD2,15.5151258909313
SOD3,4.441693648386941
SORD,2.965207930404096
SPCS1,79.70544796033997
SPCS2,212.90238595206495
SPCS3,347.1124198898451
SPEG,30.13600472922214
SPHK1,0.20773954121796948
SPHK2,5.155559279568807
SPR,38.959626003476366
SPRYD3,237.41784414225378
SPTLC1,16.700446602222314
SPTLC2,2.141529729929563
SPTLC3,0.08732625500993889
SQLE,0.3639383496005219
SRC,7.442438835153271
SRD5A1,6.535639074539929
SRD5A2,0.009651094001857765
SRD5A3,2.7965546094630436
SREBF1,15.003032923185662
SRM,548.8897957902665
SRMS,0.8853035440247182
SRPK1,10.775847664845848
SRPK2,35.246550885278374
SRPK3,19.941909452615626
SSH1,31.6226248272866
SSH2,8.119415245672373
SSH3,106.887496744082
SSR4,213.44541935899838
SSU72,239.93414102676877
ST3GAL1,4.977756412520393
ST3GAL2,23.923281935103663
ST3GAL3,23.2586718868922
ST3GAL4,5.173188441388089
ST3GAL5,30.75982691697632
ST3GAL6,6.582635051740601
ST6GAL1,1.6948145115862439
ST6GALNAC1,2.1147070697040653
ST6GALNAC2,0.1911427881349138
ST6GALNAC3,0.521189933541185
ST6GALNAC4,18.517311268368186
ST6GALNAC5,0.03240455405231181
ST6GALNAC6,215.80535771583385
ST8SIA1,4.211178388315355
ST8SIA4,0.09355278527190919
ST8SIA5,31.90717706545287
STAMBP,13.140449373517274
STAMBPL1,3.488233877428797
STARD3,61.84649039462584
STK10,3.384008333351995
STK11,111.44751038319593
STK16,1.1727555241119685
STK17A,8.647337838079833
STK17B,2.10429813211496
STK19,16.529715208169645
STK24,13.80277672628193
STK25,7.519974666713284
STK26,0.629690691282171
STK3,0.7945079318367692
STK31,1.525208281300859
STK32A,2.5042840302776463
STK32B,0.18893170012997623
STK32C,7.452052669158632
STK33,2.295249450458088
STK35,19.080622632424134
STK36,34.079087209095846
STK38,17.344858445541387
STK38L,7.773800062129246
STK39,56.20103342178551
STK4,0.795060347846214
STRA6,0.07351491016597259
STS,4.207828951427117
STT3A,4.662958135568601
STT3B,27.848517432416294
STUB1,179.59730974799197
STYK1,0.03222343850865547
STYXL1,11.267730907258755
SUCLA2,331.6406559112857
SUCLG1,483.2992559007735
SUCLG2,61.186754218432455
SULT1A1,46.507159865616906
SULT1A2,5.138504635820258
SULT1A3,1.16755298942543
SULT1B1,0.1285084084324957
SULT1C2,0.05079829201837241
SULT1C4,0.9413078179531257
SULT1E1,1.3273511575593253
SULT2A1,0.011658623318125078
SULT2B1,0.37087631969913903
SULT4A1,261.4180842121282
SUOX,9.903828162378932
SUV39H1,9.008778297525305
SUV39H2,3.5255607646481866
SYK,0.15219507413884825
SYNJ1,0.4244195659119289
SYNJ2,0.04087827187840116
SYVN1,1.5983042096362876
TAF1,11.585923473573517
TALDO1,149.86224590064458
TAOK1,3.8186036385288995
TAOK2,70.10088170940587
TAOK3,48.948741130078474
TARS,138.77094749882016
TARS2,2.0543872056718713
TARSL2,32.78457290071686
TAT,0.021727108808921463
TBCB,238.68864925641375
TBK1,1.2186876828238662
TBL1X,4.61591159312885
TBL1XR1,10.772836834404488
TBXAS1,0.12219639991560459
TCIRG1,12.173333379080558
TDO2,0.036270215787805926
TECR,433.75387185831664
TECRL,0.001394909312193612
TENT2,0.15316461371698084
TENT4A,0.45357387630786017
TESK1,61.81989784756786
TESK2,6.542865451304202
TFRC,78.4723241302156
TGDS,5.691983345391208
TGFBR1,11.049864483119496
TGFBR2,4.994998868663353
TGM1,20.98616074735207
TGM2,25.570093711329445
TGM3,0.09207600441825346
TGM4,0.009768905850749129
TGM5,0.05458077566772048
TGM6,0.018105422639918517
TGM7,0.01438308791538765
TGS1,11.12900389455507
TH,0.026509914761077853
THNSL1,2.540319655325355
THTPA,7.880623189917901
TIAM2,3.6755449679448535
TICRR,0.03598885020295838
TIPARP,3.3629664148912206
TK1,1.207963960956118
TK2,12.934464976713443
TKFC,17.655218887752373
TKT,102.9845965540485
TKTL1,0.016915506643344774
TKTL2,0.3040568295727089
TLK1,10.980697394333815
TLK2,0.428060261912204
TM7SF2,27.744232934430347
TMEM91,3.320315119480619
TMLHE,1.3677574041948963
TMX3,19.71232274203785
TNFRSF21,24.7272946510066
TNIK,7.6130974594703416
TNK1,28.04568259698599
TNK2,235.40810342563339
TNKS,19.766944722201103
TNKS2,30.736246606876463
TNNI3K,9.391955881337308
TNS2,1.434061794943761
TOPORS,15.389442420422055
TP53RK,4.8710833583579465
TPH1,0.12360953657621912
TPH2,0.002659725281440065
TPI1,14371.277297796765
TPI1P2,0.3354345050980549
TPK1,0.8987675104874362
TPMT,26.15374672469265
TPO,0.08595271296452563
TPP1,41.020400425345244
TPSAB1,0.1259404256019053
TPSB2,0.025518871271540323
TPSD1,0.025216585862835716
TPST1,8.961075317871897
TPST2,5.5986257523506175
TPTE,0.3354345050980549
TPTE2,0.3118710637421653
TRAF7,84.33962709666483
TRDMT1,2.4668097623495124
TREH,0.10183416089669807
TREX1,6.170611019870028
TREX2,0.37148280283310053
TRHDE,4.775077588351271
TRIB3,10.655637941276357
TRIM11,37.71129369705061
TRIM32,4.367677947701075
TRIM33,7.524365810588883
TRIM63,0.03215104125718497
TRIO,4.463793674368934
TRIP12,10.042585088092759
TRIT1,19.14580627133806
TRMT1,15.555661850386931
TRMT11,26.62459111361485
TRMT1L,7.988338052867974
TRMU,21.495058117729688
TRPM6,0.5147671510640388
TRPM7,12.721452434611749
TSSK1B,0.20447763106973466
TSSK2,0.0231714118888251
TSSK3,24.36435682117064
TSSK4,2.870866144716
TSSK6,1.0385573952974316
TST,4.21285327871018
TSTA3,165.40037029462601
TTC3,108.35015766177281
TTK,0.004838323288598186
TTL,1.1643244429234174
TTLL10,0.08360076089213375
TTN,0.07602580847464194
TUSC3,4.427715847923234
TUT1,0.5231787362564614
TUT4,0.6950417161591614
TUT7,0.1907089895411479
TXN,712.8243943702477
TXN2,44.98630776748222
TXNRD1,75.71150465366244
TXNRD2,43.07337485206841
TXNRD3,0.36503622432257976
TYMP,21.096611861921197
TYMS,14.95718632719258
TYR,0.1046323172264974
TYRO3,169.42685767147628
TYRP1,0.040312052617576415
UAP1,28.99789161428278
UAP1L1,4.621477994198411
UBA1,795.7508454619541
UBA2,213.87761565825986
UBA3,99.249188241121
UBA6,86.15644387200803
UBA7,6.561841223546921
UBE2A,49.663737587862514
UBE2B,53.05174974763152
UBE2C,0.458071054545684
UBE2D1,8.951539956101634
UBE2D2,38.26362958579607
UBE2D3,1006.3773343912457
UBE2D4,21.129766633698196
UBE2E1,47.67440122649253
UBE2E2,4.659516211661456
UBE2E3,14.422552345462128
UBE2F,1.982773761089484
UBE2G1,15.51399526051289
UBE2G2,17.249718130967633
UBE2H,364.9515414190901
UBE2I,968.2756619798755
UBE2J1,13.95888707660872
UBE2J2,37.077209943380346
UBE2K,940.3260962564951
UBE2L3,2662.5967193317706
UBE2L6,33.276677112649466
UBE2M,363.48301698881806
UBE2N,35.47601785221514
UBE2NL,0.3354345050980549
UBE2O,74.07351778762006
UBE2Q1,9.659858770203082
UBE2Q2,1.957223137785638
UBE2QL1,106.1136777229998
UBE2R2,17.520975610443017
UBE2S,40.55005751658406
UBE2T,1.5338924162438212
UBE2U,0.023784263818109993
UBE2W,8.3543874173305
UBE2Z,79.772532338418
UBE3A,23.665232065574692
UBE3B,14.545740897609775
UBE3C,7.044365050112375
UBE4A,1.6137726715580434
UBE4B,8.584821284422937
UBLCP1,85.85322897578526
UBR1,1.0831695135387163
UBR2,6.362392196835501
UBR3,0.06905353228571168
UBR4,14.725971509640415
UBR5,1.120450856589664
UBR7,26.80872607652345
UCK1,49.493173475166685
UCK2,5.075933250575218
UCKL1,179.1205031371743
UCP1,0.0636622115550881
UCP2,0.9854859456712054
UCP3,5.396106073732792
UEVLD,3.6968245873196794
UGCG,11.436580891265297
UGDH,28.847551151159553
UGGT2,0.8065305544421009
UGP2,2073.5389127089575
UGT1A1,0.5818457107151666
UGT1A10,0.14272264379251745
UGT1A3,1.0114790584917612
UGT1A4,0.0951329295757727
UGT1A5,0.4044927492424471
UGT1A6,0.17846484523713252
UGT1A7,0.817507176308654
UGT1A8,0.1293154038699776
UGT1A9,0.11549856641655931
UGT2A1,0.3354345050980549
UGT2A3,1.2389146853275619
UGT2B10,1.2536713325042186
UGT2B11,0.23720441855058141
UGT2B15,0.6704297803167216
UGT2B17,0.041670555554386396
UGT2B28,0.6936387983112186
UGT2B4,0.7544150219594951
UGT2B7,0.1550237091590488
UGT3A1,0.0020192024239129845
UGT3A2,0.0494868784154801
UGT8,6.215471919699383
UHMK1,8.685263847301398
UHRF1,0.013994842035976209
UHRF2,25.0797671681662
ULK1,124.10307416559256
ULK3,452.6006041170935
ULK4,0.24726028570031336
UMPS,84.29749596070447
UPB1,0.1336245965629886
UPP1,25.585602801838593
UPP2,0.5927182622683081
UPRT,2.7728221801155457
UQCR10,66.62164328864564
UQCR11,64.54237981220164
UQCRB,186.60483145785585
UQCRC1,1891.0105646882005
UQCRC2,3362.730806994764
UQCRFS1,407.3994462488813
UQCRH,135.58691810178522
UQCRQ,94.4091722482138
UROC1,0.0655803261514503
UROD,64.28975126408571
UROS,23.731454105260244
USP1,25.296221584366286
USP10,9.854835606388496
USP11,372.26724099885905
USP12,26.498125235529997
USP13,5.374265736538245
USP14,109.01664263988624
USP15,6.149671540320298
USP16,51.334194435943886
USP17L2,0.06525314811327554
USP17L22,0.04998256910149056
USP17L30,0.050968258904732194
USP17L5,0.050968258904732194
USP17L9P,0.3354345050980549
USP18,0.6785904266556445
USP19,2.910996978218161
USP2,56.45007730075375
USP20,60.479545781781454
USP21,57.446381486103256
USP22,274.25137446817456
USP24,7.582668067416062
USP25,0.09490853328029135
USP26,0.08118014005684498
USP28,35.77833746560504
USP29,0.08228852752006045
USP3,3.7742590244417498
USP30,0.5492933295622038
USP31,9.555631102507698
USP32,0.4586349844119882
USP33,66.6512099887729
USP34,23.449838815654186
USP35,10.400724500568048
USP36,37.63803589290744
USP37,1.348458804326675
USP38,3.810121558893368
USP4,5.855184496110757
USP40,0.42050070538434264
USP41,0.01834435481333142
USP42,10.185864094551413
USP43,0.37656186346378834
USP44,2.7934330831271224
USP45,8.903889385141095
USP46,23.584941952780408
USP47,14.575293183910548
USP48,1.4852385271821686
USP49,5.276608961993756
USP51,1.908244237894261
USP6,0.4794028218760806
USP7,65.79928944920074
USP8,0.7974988537446823
USP9X,7.130066051214063
USP9Y,19.4287091720045
UST,10.000927847092727
UXS1,17.989182435675684
VARS,172.46015514083942
VARS2,475.438462117861
VKORC1,35.62107617077539
VNN1,0.020555329246453962
VNN2,0.2962088838089585
VNN3,0.014990937613385923
VRK1,20.57805550699028
VRK2,0.3675271103847686
VRK3,17.324749342859175
WARS,343.2105615636348
WARS2,5.472091077031132
WDYHV1,7.885607552903963
WEE1,1.357412999147422
WEE2,0.008607917329236174
WNK1,4.568627812937617
WNK2,56.63338136989565
WNK3,0.9206399452147845
WNK4,0.32179680965205126
WWOX,7.24928808949762
WWP1,12.20669782678403
WWP2,0.26237795968955335
XDH,0.09560835658224161
XPO6,0.5643263970962027
XPO7,48.37457254040549
XYLB,1.0768494523943801
XYLT1,0.7520355126625018
XYLT2,25.37604850526603
YARS,2091.6832779726683
YARS2,20.541314741077006
YES1,1.733554714958707
ZADH2,23.236199382801434
ZAP70,3.1339370902124206
ZC3HAV1,0.1987211695250455
ZNRD1,6.2949550334520366
ZNRF1,10.951077264399597
ZNRF2,1.0817661405812335
ZSWIM2,0.015679988656711358
