A4GALT,32.80913254171975
A4GNT,0.03047074463015417
AACS,11.216888427927262
AADAC,0.008367766982390562
AADAT,8.692822968048585
AAK1,3.472578896769981
AANAT,0.02338499895950312
AARS,379.2962444224618
AARS2,2.610780528763412
AASDH,4.7536926238844694
AASDHPPT,6.5471472405697835
AASS,13.793363288825153
AATK,0.426993397836455
ABAT,0.6533532479868047
ABCA1,2.204382249357587
ABCA3,8.529090626567465
ABCA4,0.033890873775197436
ABCA8,23.656929785041527
ABCB1,0.14613441409123412
ABCB11,0.04664320692677182
ABCB4,0.16322613944811554
ABCB6,20.814382766052653
ABCC1,0.38095292151311866
ABCC11,0.44775315457859033
ABCC2,0.2055901669021705
ABCC3,0.3533765148599599
ABCC4,0.4969481824760338
ABCC5,6.8614907858633645
ABCC8,0.018544437418353883
ABCC9,4.931640787474267
ABCD1,6.907196217382594
ABCD2,0.06736163327172726
ABCD3,39.6435661258142
ABCG2,0.4300240144542407
ABCG5,0.00308508452830413
ABCG8,0.0019723938764332253
ABHD12,15.453347884456043
ABHD5,2.8295588615177456
ABHD6,2.087490033681613
ABL1,93.4943629108738
ABL2,1.7861175037913368
ABO,0.09547682218524829
ACAA1,26.619244291931246
ACAA2,28.289068509123236
ACACA,11.417726786259347
ACACB,4.811445827961162
ACAD10,4.8193595173099055
ACAD11,2.0225554864751234
ACAD8,16.668031186097277
ACAD9,244.1779671587805
ACADL,38.129656968007914
ACADM,36.14893150762749
ACADS,11.824800278170379
ACADSB,124.4351103469007
ACADVL,429.56352667807056
ACAT1,38.91668756090767
ACAT2,9.687727651852414
ACE,0.7357997216180363
ACE2,0.05696046513802459
ACER1,0.16791837461055348
ACER2,0.19019118662028595
ACER3,1.351599760239128
ACHE,0.08193230071307193
ACLY,32.189530408766885
ACMSD,0.10436447862188088
ACO1,22.280049139988776
ACO2,46.29783058133734
ACOT1,7.011888343678743
ACOT11,0.7522618408393789
ACOT12,0.002542237726241299
ACOT13,3.1656792157157194
ACOT2,18.68718784803661
ACOT4,0.0951946771680658
ACOT6,0.009586111032012986
ACOT7,7.913911579777411
ACOT8,12.694826292071522
ACOX1,2.6096881497098883
ACOX2,18.917766123613774
ACOX3,11.897442890754075
ACP1,5074.568593518917
ACP2,2.9606146324311906
ACP4,0.0036202735317779565
ACP5,0.07312794187490979
ACP6,10.011787628162125
ACP7,0.44999467512671487
ACPP,0.055865848254557725
ACSBG1,0.0020904649789458963
ACSBG2,0.011007717059514525
ACSF2,3.9138198504513055
ACSF3,3.75721382307815
ACSL1,20.409608266234688
ACSL3,7.374797719432043
ACSL4,4.090185348020504
ACSL5,0.9144743450841543
ACSL6,0.06052695798441146
ACSM1,0.2629691329625254
ACSM2A,0.0585122933778039
ACSM2B,0.06320048198640206
ACSM3,0.0559420815141643
ACSM4,0.002588067066637536
ACSM5,0.11036721873934596
ACSS1,6.164028921765855
ACSS2,15.7956882596437
ACSS3,7.553201090738318
ACVR1,32.89783572977202
ACVR1B,4.2218175886185705
ACVR1C,1.2873702912955158
ACVR2A,6.1320982109148625
ACVR2B,0.571698156330172
ACVRL1,3.703364944290115
ACY1,59.74004357855074
ACY3,0.7874599071852276
ACYP1,5.544237089864477
ACYP2,2.015131302737351
ADA,1.7301600731457258
ADCY1,2.2347152046920167
ADCY10,0.020279052782157685
ADCY2,0.4540352458652593
ADCY3,17.762618711899805
ADCY4,1.7991573290051288
ADCY5,151.10008386781408
ADCY6,29.170350576064894
ADCY7,0.4841112261772786
ADCY8,0.10844658669179806
ADCY9,30.205143916723067
ADH1A,15.260920881477592
ADH1B,55.98814203249983
ADH1C,0.20339470923280137
ADH4,0.008714113072581362
ADH5,1206.2322923268673
ADH6,0.08675249240830586
ADH7,0.5857448742518752
ADHFE1,26.712906528132404
ADI1,62.38664800417987
ADK,12.62860531421967
ADO,10.402391713173419
ADPGK,40.57170018125353
ADPRH,12.315992828785639
ADSL,311.0063666093832
ADSS,149.7957482134736
ADSSL1,133.48550775577266
AFMID,2.9059982131057835
AGA,67.11153621765632
AGK,7.314580789271945
AGL,0.7583792608349523
AGMAT,0.03903095346253336
AGPAT1,7.602288384634212
AGPAT2,16.327612904370245
AGPAT3,8.713332326480092
AGPAT4,0.25793265146018524
AGPAT5,2.150716705587576
AGPS,39.855096130140105
AGT,79.29185194733704
AGXT,0.003075008142592414
AGXT2,0.07273189725255508
AHCY,2528.2259186185393
AHCYL1,30.648153041239507
AHCYL2,3.853219182900204
AICDA,0.01029905732779412
AK1,268.19518135004796
AK2,342.6916171313163
AK3,51.85346345394186
AK4,617.6064287402688
AK5,5.53797977178916
AK7,0.016580391307832877
AKR1A1,118.9051553903189
AKR1B1,39.69764550319273
AKR1B10,0.09705984865863869
AKR1B15,0.03919680139971387
AKR1C1,1.2639119830163925
AKR1C2,4.543313483296279
AKR1C3,8.07527696599549
AKR1C4,5.522781755496033
AKR1C8P,0.3354345050980549
AKR1D1,3.5763124860476507
AKR7A2,337.7202819013278
AKR7A3,0.09947234445082578
AKT1,4.004068522977311
AKT2,1.282036573464403
AKT3,53.888594015745724
ALAD,327.9385379497599
ALAS1,20.579423672087138
ALAS2,0.006170622163604778
ALB,0.14115087097096343
ALDH18A1,181.58211510151818
ALDH1A1,47.89705891811242
ALDH1A2,0.11435912236069944
ALDH1A3,0.25894754917988755
ALDH1B1,1000.8806796024646
ALDH1L1,0.10715349007086787
ALDH1L2,7.393953842688676
ALDH2,1795.771079645532
ALDH3A1,0.1472706378301209
ALDH3A2,120.43829874910975
ALDH3B1,6.874543408171769
ALDH3B2,0.02545871037868754
ALDH4A1,13.145433524266288
ALDH5A1,2.892220716029946
ALDH6A1,10.874235871336555
ALDH7A1,43.53185368077755
ALDH9A1,653.8084265862682
ALDOA,5858.402201919157
ALDOB,0.15679297528756964
ALDOC,26.48312361263993
ALG1,2.7879345697155067
ALG10,0.714799754351278
ALG11,0.6002965084962053
ALG12,5.18363350954523
ALG13,8.753011883559203
ALG14,0.4632490147260288
ALG1L,0.8833807784211802
ALG1L2,0.05005845462470382
ALG2,29.29278714954979
ALG3,1.6139244191211308
ALG5,20.794564099520368
ALG6,1.2770382178984236
ALG8,4.649478806704252
ALG9,7.893785922588806
ALK,0.004487696856411265
ALLC,0.003921673842357976
ALOX12,0.7152185820945941
ALOX12B,0.1630395711428963
ALOX15,0.017062305732988402
ALOX15B,0.014115726246245245
ALOX5,0.9777524782280551
ALPG,2.1334538652401167
ALPI,0.09522613776587274
ALPL,0.06166468021514304
ALPP,0.12394730653401177
AMACR,114.71711305247439
AMD1,30.42343193249765
AMDHD1,0.04657666625778991
AMDHD2,14.123356510787989
AMFR,0.2951397005420954
AMHR2,0.011684296499742872
AMN,0.02214919647547067
AMPD1,0.00530245194171393
AMPD2,7.917195453684902
AMPD3,0.5524240974614728
AMT,20.83871868588934
AMY1A,2.6438139326066277
AMY1B,0.01722354254072168
AMY1C,2.6438139326066277
AMY2A,0.0870849860255502
AMY2B,6.822362139581019
ANAPC11,42.03059159614316
ANGPTL4,3.722455158472145
ANKRD1,0.6039410759078351
ANPEP,1.6671353621942708
ANXA3,68.07079089538927
AOAH,0.5946358000319084
AOC1,0.002981752374669102
AOC2,0.47559007647604606
AOC3,1098.4928620527235
AOX1,13.980671854985973
APOA1,0.18751354043272764
APOA2,180.33762034675766
APOA5,0.11645175048604357
APOB,0.8777091179241892
APOC1,0.047879641494425154
APOC2,27.211319250515267
APOC3,0.018913567938049797
APOE,6.796300782456877
APRT,462.29921355830186
AQP1,493.8979868173437
AQP10,0.00933254018785413
AQP2,0.0032806628709876402
AQP3,0.29775349574119636
AQP4,0.00823489278823899
AQP5,0.04731333407679541
AQP7,0.10392985346908452
AQP8,0.08514896996522132
AQP9,0.6662584988824668
ARAF,1.6363817805481922
ARCN1,258.7875793824887
ARG1,0.02677198914309303
ARG2,0.8829442426988301
ARSA,22.662719993174896
ARSB,2.24942135044918
ART1,12.508037072622695
ART3,1.6207852204197888
ART4,1.2061044851474156
ART5,0.025214165732571663
AS3MT,7.7131093718777
ASAH1,153.0255742741138
ASAH2,0.01445994414862785
ASH1L,0.035738088859700125
ASL,194.75124570133158
ASMT,0.007376489740762153
ASNS,428.976913440571
ASPA,0.7089412251878954
ASPG,0.017952753098120198
ASPH,234.71186834107127
ASRGL1,0.12248416189629661
ASS1,81.48920174843153
ATE1,7.700420590762717
ATIC,587.2691065762698
ATM,0.8325557723703927
ATP10A,9.841561615068093
ATP11A,1.410688967097298
ATP11C,8.088752838229905
ATP1A1,23.45602999687453
ATP1A2,82.07407834458733
ATP1A3,0.01848305471400994
ATP1A4,0.05331133637220561
ATP1B1,1.941255135321366
ATP1B2,1.6065376665305295
ATP1B3,38.32361027883002
ATP1B4,0.020317090524169256
ATP2B1,8.983560178596369
ATP2B2,0.008620663400131201
ATP2B3,0.08819509375347896
ATP2B4,113.36842716800888
ATP4A,0.00968085226814264
ATP4B,0.2703572249398832
ATP5F1A,124.53265572432873
ATP5F1B,167.30632217246165
ATP5F1C,21.50971022167614
ATP5F1D,155.46511749348954
ATP5F1E,125.55773209538297
ATP5MC1,4.311892001287344
ATP5MC2,2.868050998110428
ATP5MC3,5.997867959791037
ATP5ME,117.38991896387836
ATP5MF,1.481717785000078
ATP5MG,179.57272888452187
ATP5MGL,23.718922705117464
ATP5PB,5.524565248774745
ATP5PD,6.7181129554220975
ATP5PF,4.959033242795014
ATP5PO,42.13932100131758
ATP5S,0.3354345050980549
ATP6V0A1,1.4702074688921
ATP6V0A2,0.3843431379526766
ATP6V0A4,0.5590999308309642
ATP6V0B,32.76479856559364
ATP6V0C,242.5046177398363
ATP6V0D1,261.9733586286573
ATP6V0D2,0.1314675993445951
ATP6V0E1,225.81856755582902
ATP6V1A,48.637716236072535
ATP6V1B1,0.25432243791484005
ATP6V1B2,382.57052484649745
ATP6V1C1,19.517172325410105
ATP6V1C2,0.3255112134208546
ATP6V1D,22.91252751656323
ATP6V1E1,329.49076617065526
ATP6V1E2,0.8356183004905302
ATP6V1F,29.291276847996713
ATP6V1G1,59.995693329873525
ATP6V1G2,1.5381066685584974
ATP6V1G3,0.2330917175245828
ATP6V1H,23.202087118329207
ATP7A,2.574656706401773
ATP7B,1.6562645254280228
ATP8A1,2.0658095007787574
ATP8B1,38.559387758043286
ATP8B2,39.20115489809493
ATR,0.020339093538218993
AUH,3.1351699640931883
AURKA,0.00443247256326313
AURKB,0.07931030414587903
AURKC,0.2496115327096058
AWAT1,0.010098818481182074
AWAT2,0.005622956900316665
AXL,0.3030174797485292
AZIN2,0.7963414524148358
B3GALNT1,6.744236850042711
B3GALNT2,10.426156129769632
B3GALT1,0.07048572232807915
B3GALT2,0.17869560227603545
B3GALT4,9.32602651663928
B3GALT5,0.010871146728952579
B3GALT6,8.967055483832636
B3GAT1,0.014850832149188333
B3GAT2,0.5358471413802813
B3GAT3,21.22070654510533
B3GLCT,0.7866139610071975
B3GNT2,13.23443850905753
B3GNT3,1.2406923297536334
B3GNT4,0.009644828461849778
B3GNT5,0.1255142329986206
B3GNT6,0.007400413898112025
B3GNT7,0.3603205393561291
B3GNT8,2.705051569519196
B3GNT9,11.919252666740991
B3GNTL1,0.32694763039035235
B4GALNT1,1.1057901138240653
B4GALNT2,0.08753139082536945
B4GALNT3,8.7886142180316
B4GALNT4,0.4134080043948254
B4GALT1,34.78029409771112
B4GALT2,22.696025189484292
B4GALT3,16.474688280683594
B4GALT4,6.582045890192311
B4GALT5,22.720777375966325
B4GALT6,0.25162350153444507
B4GALT7,10.881377920422672
B4GAT1,2.277812689362301
BAAT,0.004141706614133655
BARD1,3.9594627425839874
BBOX1,0.04052851251326005
BCAP31,1058.1488029911147
BCAT1,0.3610530267983317
BCAT2,16.886309766734286
BCHE,1.5898651411045137
BCKDHA,5.973572486214308
BCKDHB,14.168473739092343
BCKDK,37.518701634042095
BCO1,0.06461878427195712
BCR,0.5010878325642364
BDH1,0.30588786027340076
BDH2,67.4164620955763
BHMT,0.04251813373740326
BHMT2,19.484608580383192
BIRC6,5.700752200556759
BLK,0.0036043045773867183
BLVRA,787.020548672257
BLVRB,691.183664642915
BMP1,8.89147530914287
BMP2K,0.1637280339809877
BMPR1A,22.21031199259884
BMPR1B,0.6324338799001048
BMPR2,21.47339737631771
BMX,1.116749676533044
BPGM,9.507923913788117
BPNT1,15.85718320709748
BRAF,8.597238231276574
BRAP,0.277811699912048
BRPF1,5.463000324863472
BRSK1,3.1331921975319834
BRSK2,0.7143809747167638
BSCL2,18.393810234580126
BSG,112.59092055122667
BTD,7.506685314504519
BUB1,0.060036957531935366
BUB1B,0.004219765323913325
C1GALT1,2.92199616630608
CA1,0.01078642062162252
CA12,0.37354961800862474
CA13,2.8195208208516123
CA14,0.012253432506272857
CA2,0.2970481976036968
CA3,0.6467759588733855
CA4,0.04423474278636111
CA5A,0.08417582761312976
CA5B,1.5314780452103856
CA6,10.425839500790367
CA7,0.012449993010970295
CA8,0.13926415575874665
CA9,0.4077729951413452
CAD,29.618655738152132
CALM1,677.37227413083
CAMK1,23.83198025829057
CAMK1D,4.018717949129937
CAMK1G,0.2849623897949523
CAMK2A,0.1352337621309165
CAMK2B,0.018013786930364137
CAMK2D,501.6363066154749
CAMK2G,70.66823912107978
CAMK4,0.03176197190911182
CAMKK1,11.803024520379791
CAMKK2,23.449179497132146
CANT1,10.64617784493385
CARM1,14.971326779051157
CARNS1,10.518313587915515
CARS,8.041606578460511
CARS2,14.071760012834947
CASK,17.964469461922395
CAT,105.95135302151684
CBLC,0.0519195983521084
CBLL1,7.05778796772773
CBLL2,0.027434690025870352
CBR1,25.491933722849204
CBR3,234.00165232734363
CBR4,35.74361067805835
CBS,0.9639663676778345
CBSL,0.3354345050980549
CBX1,156.56270161332205
CCNB1IP1,20.42576926834626
CD36,2.123722424368702
CD38,0.05970214488147498
CDA,5.434635949850914
CDC14A,0.8986860863786437
CDC14B,15.695859054068293
CDC25A,0.15654417117570538
CDC25B,22.243176478862473
CDC25C,0.0056326772753350065
CDC34,7.207493297235362
CDC42BPA,3.4316441052060562
CDC42BPB,3.9354882766598887
CDC42BPG,0.04891715792155182
CDC7,0.04271088651526294
CDIPT,176.11175406142786
CDK1,0.30234590038420744
CDK10,8.685988621826686
CDK11A,9.687727651852414
CDK11B,8.542711636981712
CDK12,8.488253193009372
CDK13,13.264132975075375
CDK14,27.353222915912035
CDK15,0.5994871925105436
CDK16,16.111343263496064
CDK17,6.920265827762666
CDK18,37.14579120972608
CDK19,4.6283281399551495
CDK2,7.566501650065575
CDK20,3.1954229100025304
CDK3,2.540242900087697
CDK4,9.878201614160924
CDK5,13.39580064827124
CDK6,23.256910421273318
CDK7,77.9677234532412
CDK8,6.004702057813247
CDK9,51.14675247771116
CDKL1,0.6410315642544406
CDKL2,0.5318920194381475
CDKL3,1.1176639288631582
CDKL4,0.0124926335095224
CDKL5,1.2807934464339314
CDKN3,0.22568671772954704
CDO1,5.663388189364298
CDS1,0.12822970165925915
CDS2,31.20302402001751
CDY1,0.256335927830294
CDY1B,0.256335927830294
CDY2A,0.04923577690024244
CDY2B,0.04923577690024244
CEL,1.0962179279147872
CEPT1,1.1626839969714566
CERCAM,24.21546223749111
CERK,14.130874089213501
CERS1,0.1489316482158427
CERS2,58.26199694556027
CERS3,0.013981981997120807
CERS4,8.129206855944252
CERS5,14.13839245182692
CERS6,5.18363350954523
CES1,50.89485657822074
CES2,18.71101503892832
CES3,0.03658338714220196
CES5A,0.0037159798292662
CFTR,0.014502841556162976
CH25H,1.141944826614294
CHAT,0.014545141103376102
CHD9,6.119335039067593
CHDH,0.11802538790148537
CHEK1,1.0273294317013189
CHEK2,0.4349577021155592
CHFR,6.569104149018129
CHI3L1,0.5926166709735957
CHIA,0.34819723870797287
CHIT1,0.059357261020967375
CHKA,1.2548436010469501
CHKB,39.660826453690575
CHMP4A,112.4644627514122
CHPF,86.68435419115589
CHPF2,12.68746505380379
CHPT1,19.668933743020894
CHST1,2.1579957957260616
CHST10,1.6139040117567107
CHST11,2.5789648051972436
CHST12,12.17427611369187
CHST13,0.043024473644940046
CHST14,1.2774161035837666
CHST2,0.36508690811205635
CHST3,23.740130335546322
CHST4,0.02226550981150046
CHST5,0.05088037207426817
CHST6,0.4456213573467521
CHST7,2.94519607866824
CHST8,0.08680789068945167
CHST9,0.11884972653239605
CHSY1,12.452349129396374
CHSY3,12.101304361358451
CHUK,0.8935581910208855
CHURC1-FNTB,3.2507362769424972
CIDEA,0.02295737685752877
CINP,0.43217873133920426
CIT,0.1988221876380472
CKB,855.9181620193903
CKM,2.306683934270305
CKMT1A,1.8694627886660367
CKMT1B,0.003122567531540831
CKMT2,70.82367056883109
CLC,0.4876056741891448
CLCF1,1.679505474064906
CLK1,9.994793095988328
CLK2,21.751213921163334
CLK3,1.0800059946182636
CLK4,1.2029980176301518
CLOCK,5.0481116979551075
CLPS,1.369654978012301
CLTRN,0.5786685643266595
CLYBL,3.4028596859736853
CMA1,0.14350094677376543
CMAHP,4.479606190508137
CMAS,58.62943934927548
CMPK1,1282.1583904197569
CMPK2,0.639801931440165
CMTR1,19.228724272971434
CNDP1,0.0021573802027726684
CNDP2,12.4963676088743
CNOT4,6.0683345883371365
CNP,18.56814131096931
COASY,369.4818914864119
COL4A3BP,4.2060123753101255
COLGALT1,93.7121937586312
COLGALT2,0.11829023118270662
COMT,75.18025188560372
COMTD1,286.7722924884838
COP1,0.4785008438550989
COPA,251.9270185604066
COPB1,170.43314330072684
COPB2,73.06098511802567
COPE,317.9406581889932
COPG1,148.32757118856927
COPG2,112.41871056571944
COQ2,1.1080716074913215
COQ3,6.055597568080769
COQ5,1.5701292502380226
COQ6,8.508667106335189
COQ7,0.2707691868407827
COX1,7.766401376158287
COX17,19.420575369528613
COX2,5.3369352212394165
COX3,0.33446363282071023
COX4I1,367.03398794705396
COX4I2,1.8955135349035872
COX5A,132.82941713764222
COX5B,473.13052112267195
COX6A1,19.474605628994386
COX6A2,0.2851087319669666
COX6B1,61.940770768272664
COX6B2,0.01077169892792645
COX6C,105.23280631072332
COX7A1,189.53910243259844
COX7A2,69.94595431647748
COX7A2L,23.78175207139514
COX7B,36.818961512432644
COX7B2,0.3354345050980549
COX7C,228.1298119960012
COX8A,619.4353282593761
COX8C,0.03458333067735052
CP,1.185648849528967
CPA1,6.093824353095481
CPA2,0.686017774385836
CPA5,0.004546662132949753
CPA6,0.00522729787648853
CPOX,69.98390817597895
CPS1,1.2901909588923528
CPT1A,0.4467622776997888
CPT1B,2.48023856348929
CPT1C,0.33054408341850167
CPT2,29.87552299496392
CRAT,14.213417984326265
CREBBP,0.31964778282877804
CRLS1,9.911642745986919
CROT,12.205202745408252
CS,3054.648285301189
CSAD,14.628756103767046
CSF1R,7.149762783571591
CSGALNACT1,7.235376246689947
CSGALNACT2,28.55634779502228
CSK,9.111691771426392
CSNK1A1,40.84835968973914
CSNK1A1L,0.020801095295478553
CSNK1D,62.89213259408323
CSNK1E,3.5567350957244788
CSNK1G1,1.9580804114197548
CSNK1G2,23.656929785041527
CSNK1G3,11.621866919263997
CSNK2A1,340.1908627864784
CSNK2A2,251.5094305480435
CSNK2B,567.3422931908007
CTBP1,43.64044129327564
CTDP1,1.5888931736540426
CTDSP1,148.35336899243615
CTDSP2,149.42699344540912
CTDSPL,41.38921894169512
CTDSPL2,2.3542846675898192
CTGF,0.3354345050980549
CTH,0.5358471413802813
CTPS1,15.603819360037617
CTPS2,7.195837515963599
CTSA,200.5736967860101
CTSB,97.64999838579757
CTSC,2.6118603663402897
CTSD,1011.8115887595884
CTSE,0.010957848624857
CTSF,106.73542291167527
CTSG,1.6686188284254497
CTSH,5.09115584841673
CTSK,87.97367789802473
CTSL,5.376343851130956
CTSO,53.820184039007174
CTSS,3.9524340113417047
CTSV,0.008048531145034392
CTSW,0.19683627794585926
CTSZ,13.428175569150717
CUBN,0.6153072679447987
CWC27,17.912134718171313
CYB5D1,6.439962560284406
CYB5R1,28.487325341338746
CYB5R2,7.7131093718777
CYB5R3,8082.826627325618
CYBB,2.9126159671185468
CYBRD1,297.581495328874
CYC1,357.87098187847874
CYLD,5.891864029227087
CYP11A1,0.047830344980667794
CYP11B1,0.03632634165138312
CYP11B2,0.001749428264850449
CYP17A1,0.3183478208309131
CYP19A1,0.15204810471320368
CYP1A1,2.8960771209645535
CYP1A2,4.881250664873969
CYP1B1,2.9286210408461306
CYP21A2,0.13883881356834102
CYP24A1,0.04255372230264104
CYP26A1,0.09617622446888627
CYP26B1,2.1320212336794198
CYP27A1,29.63904392392658
CYP27B1,0.02134675751798139
CYP2A13,0.04638837469548625
CYP2A6,0.0032733774431717914
CYP2A7,0.05996477628878289
CYP2B6,0.02889595120271605
CYP2C18,0.2259625918283721
CYP2C19,0.1750227487879086
CYP2C8,0.04459910138062147
CYP2C9,0.003973055771109711
CYP2D6,0.32013573580734367
CYP2E1,1.3302796093474825
CYP2F1,0.01563865961690323
CYP2J2,0.0040488544177138845
CYP2S1,0.19885477606322602
CYP2U1,8.068540682449447
CYP39A1,0.7535311080368916
CYP3A4,0.013221208483332476
CYP3A43,0.010920937698223878
CYP3A5,0.1660210869064221
CYP3A7,0.021262629503657482
CYP46A1,0.1300263230671668
CYP4A11,0.08124814486241899
CYP4B1,4.499420674625364
CYP4F11,1.3701307487717376
CYP4F12,0.28301179207620175
CYP4F2,0.0021091595169156095
CYP4F22,0.011174264676823052
CYP4F3,0.0019289602659824214
CYP4F8,0.0026662025444213837
CYP4V2,15.213841417594624
CYP4X1,39.67923514114412
CYP4Z1,0.450589472325038
CYP51A1,19.195282214014973
CYP7A1,0.038250964344602185
CYP7B1,1.0193388183460748
CYP8B1,0.01017882148770644
CYTB,10.283962318241796
DAD1,813.9779840941009
DAGLA,0.6764756782273391
DAGLB,3.829830155298305
DAO,0.07248565665079634
DAPK1,3.0344600280432292
DAPK2,0.6789623926570735
DAPK3,10.826541211916888
DARS,4790.5534547718
DARS2,2.646461268687837
DBH,0.01116314626730373
DBI,52.08637966314705
DBT,3.854872969870005
DCK,9.929131070590547
DCLK1,35.65631749039782
DCLK2,10.009919676061905
DCT,0.3924487060038052
DCTD,12.303654549051267
DCTPP1,16.095917100223303
DCXR,21.79212825074448
DDAH1,86.32822382087305
DDAH2,222.79762498317123
DDC,1.3078191747169696
DDO,1.8273060243738946
DDOST,531.6176343670763
DDR1,19.821458355676242
DDR2,53.44911333562059
DECR1,21.033606351883382
DECR2,7.673070791454304
DEGS1,12.589196489965797
DEGS2,0.09539216149252952
DERA,19.834345592620405
DGAT1,18.14871114814287
DGAT2,0.2546302694194851
DGKA,3.577740926922692
DGKB,0.06132810300277665
DGKD,26.440613983078823
DGKE,1.6651578097586854
DGKG,7.693084974792753
DGKH,4.405903831082082
DGKI,0.044356130521744884
DGKQ,5.21453170659256
DGKZ,12.349758015780168
DGUOK,31.419511031364536
DHCR24,0.4614364611226049
DHCR7,3.6918044941015653
DHDH,0.19067589119328307
DHFR,113.47350240090927
DHODH,2.424773824027857
DHRS2,0.007058401137454995
DHRS3,29.882644863690487
DHRS4,198.88658995255554
DHRS9,0.14276764001646117
DIO1,0.0029005092459413154
DIO2,0.9888981621480651
DIO3,3.2612756132397482
DLAT,344.41276092265406
DLD,786.4140121012051
DLST,365.91754452860135
DMGDH,0.6636562730836326
DMPK,298.2648414083912
DNAJC6,1.6646634935663887
DNMT1,4.550367850300955
DNMT3A,4.538499239604449
DNMT3B,0.2311450051425242
DNMT3L,0.008691173180626942
DOLPP1,4.0034476513081545
DOT1L,3.079565608822995
DPAGT1,12.40836113634185
DPEP1,0.022382558573023795
DPEP2,0.18558254426903256
DPEP3,0.05168794657761144
DPH5,34.375430265306235
DPM1,1066.4251499562768
DPM2,18.322586065363772
DPM3,27.436501931121796
DPYD,15.008170112572497
DPYS,0.018380839005488814
DPYSL2,2242.5976924140496
DPYSL3,469.6857223716688
DSTYK,8.850302720152671
DTYMK,10.769216054172057
DUOX1,0.16100316369613482
DUOX2,0.026948065163401615
DUPD1,0.11783200419515537
DUSP1,6481.35871064913
DUSP10,1.1695552416901676
DUSP11,7.559850796913649
DUSP12,8.260187929398745
DUSP13,0.017076971331754013
DUSP14,0.34558817184949525
DUSP15,3.9044700517071242
DUSP16,12.842226431299864
DUSP18,0.3402927679820274
DUSP19,3.9272678602197795
DUSP2,0.49733820648797306
DUSP21,0.08186674790155296
DUSP22,23.026488044230803
DUSP23,24.57526240649821
DUSP27,0.5350556576158909
DUSP28,2.0436588891905396
DUSP3,707.5419783432224
DUSP4,0.08858428135768648
DUSP5,2.2446694953361206
DUSP6,2.342042141452184
DUSP7,10.454495329463178
DUSP8,53.59552847611345
DUSP9,0.014098690400416794
DUT,360.71871675062795
DYRK1A,19.781297912110553
DYRK1B,8.829730488651977
DYRK2,19.164857031015444
DYRK3,0.8886225027206466
DYRK4,8.56996643183643
DZIP3,6.776767610635871
EARS2,0.5993469222679721
EBP,95.87426987991945
ECH1,105.95369851524185
ECHDC2,25.3738287576006
ECHS1,173.41879688517224
ECI1,25.171613797593793
ECI2,31.995278157672537
EGFR,4.2617352443532495
EHHADH,0.8446962552128545
EHMT1,0.4065982491607826
EHMT2,1.7434392691356035
EIF2AK1,29.71730157974412
EIF2AK2,34.08381749730391
EIF2AK3,5.357124302744123
EIF2AK4,0.18833197746475056
EIF4EBP3,19.1488967331446
ELOVL1,7.150570528315633
ELOVL2,0.5865673823115257
ELOVL3,0.028889764644596173
ELOVL4,2.0931755901306004
ELOVL5,1.5038591338383347
ELOVL6,0.44447640542183814
ELOVL7,0.10493516368048349
ELP3,1.9805114890464774
ENGASE,18.156607495686494
ENO1,1085.093986858175
ENO2,151.69849959866644
ENO3,40.47687074674653
ENOPH1,182.5356035532918
ENPP1,3.5307091994101656
ENPP2,10.624846117248554
ENPP3,0.10784676998683439
ENPP6,0.03544111604303139
ENPP7,0.2621620114119895
ENTPD1,41.500622970447864
ENTPD2,0.11523695404390925
ENTPD3,0.7687948987351355
ENTPD4,6.183202936857317
ENTPD5,1.5795844807619037
ENTPD6,9.82755710011671
ENTPD8,0.15262764241718454
EP300,3.2306708094916696
EPHA1,0.5247873270858595
EPHA10,0.001207878895752908
EPHA2,0.4340701705181756
EPHA3,8.149448687879472
EPHA4,0.890371093914307
EPHA5,0.03349970577724511
EPHA6,0.035232086797895766
EPHA7,0.32407603812787855
EPHA8,0.11945315526060056
EPHB1,1.5254627446289777
EPHB2,0.019993529678746864
EPHB3,2.9822796760742474
EPHB4,0.1210519082017392
EPHB6,17.62119918665229
EPHX1,72.34270569271008
EPHX2,10.256438785897641
EPM2A,14.712063524509343
EPRS,45.05826740341182
EPX,0.0802922224100967
ERBB2,0.9435160782573271
ERBB3,0.9826535272013177
ERBB4,1.761593177313568
ERN1,2.2148327042951137
ERN2,0.004056449693658973
ESD,2085.4404201403945
ETFA,1558.6666532402612
ETFB,404.7622603498243
ETFDH,18.340657253000064
ETNK1,7.480130199336463
ETNK2,6.582045890192311
ETNPPL,0.0047119349893784725
EXT1,29.90876812777514
EXT2,28.383853124565526
EXTL1,0.05857166885492702
EXTL2,12.087107010944052
EXTL3,18.465088516798605
EYA1,0.0024304355604308748
EYA2,0.8106464828425783
EYA3,0.7924714348291366
EYA4,0.1640730610969269
EZH1,65.18717628280335
EZH2,0.006557967121473161
F13A1,9.409256020544406
F13B,0.952082265681838
F2,0.21019252419575762
FAAH,4.869945352715228
FAAH2,0.08089282909959723
FABP1,0.08509378091443034
FABP12,0.07361943011456162
FABP2,0.02867650810285699
FABP3,255.03692787822362
FABP4,20.992975439531918
FABP5,168.7668810546294
FABP6,0.06265058432252911
FABP7,0.004538894930401295
FABP9,1.0553661478381027
FADS1,6.582045890192311
FADS2,3.6112258140498996
FADS3,3.633303318035413
FADS6,0.012210045400132154
FAH,5.1096252414662535
FAM20B,47.75383900678371
FANCL,6.382013483806856
FAR1,32.92432510771698
FAR2,0.4077729951413452
FARS2,1.9543321847308273
FARSA,581.32562488121
FARSB,2.032109388412946
FAS,21.35920632492558
FASN,17.652606585768886
FASTK,47.849309605463276
FAXDC2,36.18508756271215
FBP1,0.5636920726196557
FBP2,0.10548169647554757
FDFT1,60.533388903099926
FDPS,13.36072994992801
FDXR,3.647570263911083
FECH,11.542332128137724
FER,4.275870390348601
FES,7.967629039078475
FGA,0.0028578245956790995
FGFR1,155.41897268043132
FGFR2,16.312146344450973
FGFR3,1.017992043640653
FGFR4,0.022043281637908266
FGGY,1.8504919951989989
FGR,0.27983724291218
FH,712.6722157369429
FHIT,1.9183576051746059
FHL2,8.400660983236051
FIG4,15.435356328639216
FITM1,0.0045762012133536215
FITM2,2.5773491026711666
FKBP10,51.26330548828978
FKBP11,2.9104097212124556
FKBP14,3.9405935690838096
FKBP1A,522.2795163161046
FKBP1B,1.0816632271700446
FKBP2,623.6499452758884
FKBP3,623.1936624190008
FKBP4,404.59236006700735
FKBP5,1.5277850786224236
FKBP6,0.0345624960497994
FKBP7,33.352818246850035
FKBP8,72.77522929814272
FKBP9,113.88069270425216
FKBP9P1,0.3354345050980549
FLAD1,3.0952348445075697
FLT1,1.0032006336582882
FLT3,0.024872001417603592
FLT4,0.2325219593276861
FLVCR1,0.9338613577100437
FMO1,0.09975692861272781
FMO2,13.442572976161667
FMO3,0.6653076839842588
FMO4,10.695984460457703
FMO5,0.24563110099339866
FMO6P,0.0049746305039965735
FN3K,20.741408485942138
FN3KRP,33.50225772559414
FNTA,41.68743049894837
FNTB,13.056546535652632
FOLR1,0.021241607683061572
FOLR2,8.183206982961904
FOLR3,0.3354345050980549
FOSL1,0.7168943738135479
FPGS,1.3469821143610967
FPGT,6.5303089308106035
FRK,9.035873312864302
FRMPD2,0.014371669987526408
FTCD,0.24051261472133034
FTMT,0.3764543508002139
FUCA1,41.222223101604364
FUCA2,13.748483088277053
FUK,4.6458516357476665
FUT1,0.007956532352457826
FUT10,1.6508343426894634
FUT11,7.05778796772773
FUT2,0.13987222943046881
FUT3,0.019284116403137614
FUT4,0.8313022386684185
FUT5,0.015932161036428347
FUT6,0.007321863090575673
FUT7,0.03534818422924055
FUT8,0.24016791961787148
FUT9,0.07917572773881386
FYN,29.299566079538014
G0S2,0.8842539767477086
G6PC,0.025175886130501195
G6PC2,0.018216384410824384
G6PC3,28.345933597978494
G6PD,259.68481719812354
GAA,17.519200972929248
GAD1,11.110406837465094
GAD2,0.0016533292476141688
GAK,1.9305572409050678
GAL3ST1,0.604751566620108
GAL3ST2,0.012065013121627976
GAL3ST3,0.3450062790348631
GAL3ST4,4.0799127252958165
GALC,5.789343472435417
GALE,1.329806584352683
GALK1,91.79938726948778
GALK2,13.341034384841105
GALM,14.040714977207431
GALNS,3.3818310944547956
GALNT1,26.900424156611226
GALNT10,0.23885986532177134
GALNT11,15.649825941077866
GALNT12,0.6238590509777584
GALNT13,0.7332734450341969
GALNT14,0.12272128877523611
GALNT15,0.4895491601441386
GALNT2,30.240049279408137
GALNT3,0.2211855373762109
GALNT4,0.8115051001906821
GALNT5,0.37281222375558837
GALNT6,0.044769335612822134
GALNT7,0.363961468772243
GALNT8,0.08122080204498835
GALNT9,0.0124197130601415
GALNTL5,0.43999999999999995
GALT,25.940015554292714
GAMT,25.25635196807607
GANC,5.827235604260577
GAPDH,3222.7431828206445
GAPDHS,8.042317062334442
GARS,211.17903786702428
GART,65.4568943550657
GATM,24.006755936141424
GBA,8.480560349619406
GBA2,44.360988448250346
GBA3,0.3354345050980549
GBE1,24.850570347791397
GBGT1,0.6055622703527992
GC,0.0025339224091948456
GCAT,45.97597728751871
GCDH,6.549700908295019
GCH1,0.47520345779473716
GCK,0.9083328452535212
GCLC,3.920768639887867
GCLM,13.004752958777683
GCNT1,0.12664677877207772
GCNT2,0.010544019015304808
GCNT2P,0.3354345050980549
GCNT3,0.07077045134902471
GCNT4,1.2798544366598605
GCNT7,0.011467826251187616
GCSH,5.6257079067406925
GDA,0.00576422294342528
GDE1,10.646120294767416
GDPD2,0.26579489426396447
GFPT1,287.19195910175466
GFPT2,1.7705943860218987
GGCT,11.8102822318794
GGH,1.7931366374126492
GGPS1,382.5192862032456
GGT1,0.5636920726196557
GGT2,1.2557625587889092
GGT3P,0.005419595194482281
GGT5,29.560826758596857
GGT6,0.00393375190244893
GGT7,16.381768478001806
GGTLC1,0.5642767148917974
GGTLC2,1.7831684152107201
GIF,0.3354345050980549
GK,2.2631101319757536
GK2,0.9456388863331135
GK3P,0.3354345050980549
GLA,4.469405426457396
GLB1,12.086720341137324
GLB1L,0.8886225027206466
GLCE,0.14529555257644647
GLDC,0.003864402827101208
GLIPR1,42.823332325941514
GLO1,1036.4704710446815
GLRX,22.895957246922038
GLRX2,6.818288929647852
GLS,381.4882678615606
GLS2,0.3212094259513123
GLT6D1,0.06930364432416915
GLT8D1,1.9407715590461305
GLT8D2,42.63654408545227
GLTP,19.995657250853572
GLUD1,1068.4292176995248
GLUD2,0.09067490629880047
GLUL,4.4656778883329205
GLYAT,26.66571856032572
GLYCTK,0.4239669926282622
GM2A,22.803322835110716
GMDS,228.05846750692797
GMPPA,17.634044061587023
GMPPB,29.441292739713308
GMPR,26.627756374620752
GMPR2,76.14071922949462
GMPS,94.43445795517061
GNE,6.81671754640531
GNMT,0.22595401106254476
GNPAT,33.20866585524387
GNPDA1,15.780321846988477
GNPDA2,5.846199821017305
GNPNAT1,21.861456236131875
GNPTAB,12.342436452506506
GNS,37.30991936605669
GOT1,925.5210591646778
GOT2,1338.17196348542
GPAA1,77.15733361404534
GPAM,0.22254740120967226
GPAT2,0.7505701375811086
GPAT3,0.6582069289240687
GPAT4,1.352005973421296
GPCPD1,16.614260747449567
GPD1,0.17163865601692407
GPD2,58.08520871729701
GPHN,8.207511789877524
GPI,2078.7730600151167
GPIHBP1,0.4640184630549425
GPLD1,1.5566229376246183
GPT,0.5660915720245898
GPT2,0.8313022386684185
GPX1,57.37252682123349
GPX2,0.03233158835467368
GPX3,610.9278151580698
GPX4,166.90628900554532
GPX5,0.793289329058847
GPX6,2.01032323162201
GPX7,7.070912919331538
GPX8,21.212565004484915
GRHL1,1.2779768223318158
GRHPR,26.72994295199075
GRK1,0.11699235770509935
GRK2,4.014622265826703
GRK3,1.2623639556998993
GRK7,0.00607015949206194
GSR,87.44100952474966
GSS,126.63443176958766
GSTA1,0.17379431134424034
GSTA2,5.619549002346362
GSTA3,3.8201241689736465
GSTA4,34.87899144216132
GSTA5,0.58469847618054
GSTK1,52.173775963973696
GSTM1,61.04378130410312
GSTM2,33.80527479531936
GSTM3,155.0512659284647
GSTM4,14.97774705110056
GSTM5,61.34462719223704
GSTO1,1161.6393163273262
GSTO2,0.1291273997377949
GSTP1,7851.447910484457
GSTT1,177.73113467083346
GSTT2,0.7751724581002625
GSTZ1,4.049601591614141
GTF2F1,6.360269979344053
GTF3C4,0.5654227264529504
GUCA1A,0.0803580412103317
GUCY1A1,2.9663227089166733
GUCY1A2,0.5833460814367849
GUCY1B1,1.0453859436592674
GUCY1B2,0.002767324883491153
GUCY2C,0.02025822534260914
GUCY2D,0.0013129825761689085
GUCY2F,0.003092285900485385
GUK1,141.04406240308288
GUSB,3.4793873203804444
GYG1,152.2973785091783
GYG2,0.8947455168628526
GYS1,57.67704678000808
GYS2,0.0493879372647611
H6PD,24.869067188035444
HAAO,37.12761915978842
HACD1,0.6699772991826155
HACD2,3.095013644366691
HACD3,4.330319334841662
HACD4,0.5979568033382378
HACE1,7.934047276505775
HACL1,19.733126474233394
HADH,2358.807795301497
HADHA,986.9821981387
HADHB,80.11503394539899
HAGH,39.653825402939106
HAGHL,0.644312845319975
HAL,0.01256556766214056
HAO1,0.19763453007540133
HAO2,2.123937704953015
HARS,82.99568548256642
HARS2,30.61410573508009
HAS1,0.04290380999415206
HAS2,0.6793770188984578
HAS3,0.13131690626079637
HAT1,67.4498323859108
HCCS,8.399904258503302
HCK,1.3587212067828522
HCST,7.248565254371922
HDAC3,1.2024488299281086
HDC,0.31228366007972463
HDLBP,81.04762652655052
HECTD1,7.014295393680918
HECTD2,5.613158784027034
HECTD3,2.7889013589527094
HECW1,0.0034108705008580086
HECW2,0.18612926179213454
HELZ2,0.6876799392079543
HEPH,66.6004089234768
HERC1,0.6282406473199531
HERC2,0.2234361585603289
HERC3,11.694264015555934
HERC4,7.322974422618092
HEXA,54.99527390639656
HEXB,3.2857976697349423
HEXDC,0.3354345050980549
HGD,0.01654035437888076
HIBADH,60.1935950026031
HIBCH,8.692822968048585
HIF1AN,6.854966299238174
HIGD2A,12.786005955663788
HIPK1,24.97812283907016
HIPK2,1.5942751363953889
HIPK3,52.64037377230451
HIRIP3,0.30124163812271165
HK1,316.7828921548436
HK2,36.90252886557495
HK3,0.12378947029991295
HKDC1,0.0026816039022591275
HLCS,4.70455877255885
HLTF,0.1829803930417666
HMBS,17.874681443709008
HMGCL,139.9472792627543
HMGCLL1,0.012605404028703207
HMGCR,5.09115584841673
HMGCS1,21.497882406108072
HMGCS2,0.03171648852826813
HMOX1,11.820919356302346
HMOX2,54.544790104901175
HNMT,31.977630301420845
HPD,4.992874831705654
HPGD,1.1996113605949568
HPGDS,0.8816348894479977
HPRT1,293.70002422380793
HS2ST1,4.108606673960226
HS3ST1,0.2998713544801482
HS3ST2,0.450589472325038
HS3ST3A1,0.022595120812396344
HS3ST3B1,0.028009233142054057
HS3ST4,0.01951125357636128
HS3ST5,0.25606778054092755
HS3ST6,0.03660677251978888
HS6ST1,5.023547271285719
HS6ST2,0.002093133628083913
HS6ST3,0.8672572351713128
HSD11B1,1.9596113921429723
HSD11B1L,1.6602159434256658
HSD11B2,0.07422773896984577
HSD17B1,0.6205985009839904
HSD17B10,94.58450893255477
HSD17B11,126.067772483862
HSD17B12,334.53122541361023
HSD17B14,2.748613079353471
HSD17B2,0.005214526683623136
HSD17B3,0.3158480451636142
HSD17B4,62.51958653516492
HSD17B6,5.21453170659256
HSD17B7,0.8941711686991086
HSD17B7P2,4.974489070591379
HSD17B8,1.0785471611759863
HSD3B1,0.8561440324619417
HSD3B2,0.013035672690213627
HSD3B7,5.288833758355512
HSPG2,2.2204667043114754
HTATIP2,39.937785482343635
HUNK,0.019946318903183748
HUWE1,4.870878260965909
HYAL3,0.5688935100333911
HYALP1,0.3354345050980549
HYI,36.15796985699698
HYKK,1.1213224039432583
IARS,694.3888071291036
IARS2,72.01149387875842
ICK,12.401032772728918
ICMT,41.51919601450392
IDH1,25.787665257687276
IDH2,60.863546895330394
IDH3A,447.5190884482868
IDH3B,252.98146591213805
IDH3G,150.53340629751202
IDI1,19.5647081406591
IDI2,2.1272734354694633
IDO1,0.03667694622403798
IDO2,0.0650322570798734
IDS,82.98791376483852
IDUA,5.694826029118086
IGF1R,34.001629114425604
IKBKB,12.39370525808881
IKBKE,0.2963432276405596
IL4I1,0.28861035436915067
ILK,183.8865780889736
ILKAP,28.090742563906147
IMPA1,184.17446503566387
IMPA2,16.472399971554307
IMPDH1,22.416791880402947
IMPDH2,139.46630537799626
INMT,86.57707930858061
INPP1,150.153939440105
INPP4A,5.688535732454331
INPP4B,6.705240515570434
INPP5A,163.88419214148828
INPP5B,14.41712085126256
INPP5D,1.2850206600890057
INPP5E,19.75675191791794
INPP5F,0.538119681388428
INPP5J,2.313008987453845
INPPL1,11.72095486164785
INSL3,0.01746595312831626
INSR,14.90933946589088
INSRR,0.005034792660228902
IP6K1,20.97672738897064
IP6K2,13.264132975075375
IP6K3,0.036256300075844294
IPMK,1.1057901138240653
IRAK1,17.762618711899805
IRAK2,1.5923148428208296
IRAK3,0.6537647612758629
IRAK4,5.060402712314727
IREB2,7.288160496747926
ISYNA1,71.96759856732865
ITK,0.028944276842783924
ITPA,221.258675489039
ITPK1,28.461450367804325
ITPKA,0.17024663927226505
ITPKB,5.3198536180506
ITPKC,8.898341047556887
IVD,329.36871911636416
JAK1,67.3960370468005
JAK2,69.18779657697914
JAK3,0.168919974208472
JMJD7-PLA2G4B,0.19276672646590834
KALRN,4.6367861376126545
KANSL3,22.161033137440654
KARS,516.8801121353973
KAT2A,52.173775963973696
KAT2B,24.96131138531765
KAT5,44.4645029622183
KAT6A,6.737734383249433
KAT6B,7.453593554454876
KAT7,40.703529519154365
KAT8,30.61577979964584
KCNJ11,0.7658222451758621
KCNJ8,22.8115806075465
KDR,6.750740546236942
KDSR,25.73692096381625
KHK,3.8275022192835597
KIT,3.4706646602164626
KL,0.267486278689811
KMO,0.0026103449347646395
KMT2A,16.003421038931734
KMT2B,0.3354345050980549
KMT2C,9.12549027504283
KMT2D,7.786619285477921
KMT2E,31.422703516186782
KMT5A,0.08744585611927874
KMT5B,0.052531638327043204
KMT5C,0.3350355754164824
KPNA6,54.845297584078416
KYAT1,0.41426786262502635
KYAT3,10.315561941178165
KYNU,0.09564618772492581
L1CAM,1.9529788377018755
L2HGDH,0.4922725829939826
LALBA,0.09996023381633702
LAP3,530.2246420613892
LARS,418.8924884142439
LARS2,3.08346973670385
LATS1,0.7078064345323049
LATS2,47.4867204792829
LBR,119.53071768129674
LCAT,26.151904420653818
LCK,0.07433520826498094
LCLAT1,2.5359475690629254
LCT,0.008632994478355265
LDHA,7058.987511099316
LDHAL6A,0.002232811000855327
LDHAL6B,0.21375648639464462
LDHB,451.856153812712
LDHC,0.01043602368574754
LDHD,3.8292481452786267
LDLR,0.5590975971667597
LGALS13,0.01255229436992727
LGMN,62.07712480735048
LGSN,0.059118472577440906
LHPP,69.39708708641702
LIAS,0.761023967428151
LIMK1,3.367069558887331
LIMK2,8.870884331394594
LIPA,14.168473739092343
LIPC,0.03773269481122847
LIPE,0.11938025156660231
LIPF,0.1819885557935162
LIPG,0.06625642298927131
LIPT1,3.1136198224991
LIPT2,0.40028335700728584
LMTK2,3.679096191880974
LMTK3,0.009749369910113739
LOC102724197,0.3354345050980549
LOC286297,0.3354345050980549
LOC344967,0.3354345050980549
LOX,31.73957137855494
LOXL2,7.726464636271519
LPCAT1,2.9296163917208258
LPCAT2,1.8177459760322554
LPCAT3,6.221585938517489
LPCAT4,1.5703638589259847
LPIN1,10.15769010786802
LPIN2,16.011125050290826
LPIN3,10.221149904937118
LPL,1.3806058888274684
LPO,0.1697122996292287
LRAT,0.020997516630348476
LRP1,11.933780528402325
LRP2,0.0019565779111811584
LRRK1,0.05363882987279847
LRRK2,7.228783509484989
LRSAM1,13.182504622607398
LRTOMT,2.1071438803611375
LSS,114.07613445755314
LTA4H,686.7843005129423
LTC4S,1.1193264282750504
LTK,0.04598897064638372
LYN,3.931947547528678
LYPLA1,61.81900754228387
LYPLA2,34.46869077190663
LYZL1,1.4145390562382973
MACROD1,4.664954602164372
MACROD2,2.3489148789209664
MAGEA2B,0.1626710879648594
MAK,0.019160443734308103
MAN1A1,2.451658988311202
MAN1A2,3.8267099169855925
MAN1B1,1.3397086541668628
MAN1C1,7.2221919509077
MAN2A1,6.599443286611275
MAN2A2,21.939544460964086
MAN2B1,21.204424076462047
MAN2C1,66.63097571301746
MANBA,13.793363288825153
MANSC1,21.726672562277752
MAOA,716.2815617682706
MAOB,205.04352822751386
MAP2K1,456.75445078932637
MAP2K2,151.45288441848234
MAP2K3,12.691619418311927
MAP2K4,31.569987469698212
MAP2K5,8.515473879670427
MAP2K6,1.4883795147624268
MAP2K7,3.2512242319168516
MAP3K1,1.825795889653696
MAP3K10,6.517387213206757
MAP3K11,18.981471297879068
MAP3K12,12.739011287831948
MAP3K13,2.0364571832523297
MAP3K14,3.641599248454268
MAP3K15,0.016800932648247786
MAP3K2,10.895664775800293
MAP3K20,0.20179825659102824
MAP3K21,0.03839897316107535
MAP3K3,31.519458093006925
MAP3K4,13.197338790000408
MAP3K5,20.232003073628377
MAP3K6,36.07664066800983
MAP3K7,0.5433715381482759
MAP3K8,16.242582422449605
MAP3K9,0.0034196841336282236
MAP4K1,0.3222838202091136
MAP4K2,7.546552532153308
MAP4K3,21.457077063207336
MAP4K5,40.36330224096769
MAPK1,352.76947764993747
MAPK10,0.559216144955231
MAPK11,1.6602159434256658
MAPK12,0.4798469428512343
MAPK13,0.44447640542183814
MAPK14,62.81249452422485
MAPK15,0.011830298367109278
MAPK3,95.36984685984999
MAPK4,11.817540817918452
MAPK6,6.828880532696189
MAPK7,17.081158774867408
MAPK8,4.962239290998025
MAPK9,8.911889801230005
MAPKAPK2,2.4584309143890573
MAPKAPK3,7.900493358521749
MAPKAPK5,23.965057231679022
MARCH1,2.5011009938661157
MARCH10,0.0033069166562765804
MARCH11,0.007982758707868126
MARCH2,55.486357443807954
MARCH3,0.13487126295135932
MARCH4,0.0025311518244410924
MARCH5,6.5880033554346085
MARCH6,24.18204544148822
MARCH7,57.54827615268448
MARCH8,10.809998853798893
MARCH9,3.74330275811845
MARK1,12.474354562422835
MARK2,19.075839120164776
MARK3,29.06639587721816
MARK4,12.989959022368835
MARS,102.09217580874656
MARS2,0.5829436635438757
MAST1,0.09666361396439999
MAST2,26.772543324752764
MAST3,18.877971728677476
MAST4,6.679267624459982
MASTL,0.11135408435716795
MAT1A,0.020237402100368385
MAT2A,298.9578819284489
MAT2B,195.52303602191282
MATK,0.015159101554576577
MBOAT1,3.930192536749329
MBOAT2,3.5204015254391967
MCAT,11.48280151512663
MCCC1,9.063429286890536
MCCC2,9.046502676275747
MCEE,10.383675639512122
MDH1,3629.524850617264
MDH1B,0.5757094759321667
MDH2,4090.042716250947
MDM2,0.009855505687542659
MDP1,107.02345672889975
ME1,561.0488236056689
ME2,35.90033388081606
ME3,17.096765603852944
MECR,5.519216136487589
MED1,0.3361546835095081
MELK,0.0008123159767786909
MERTK,39.30219243683294
MET,0.5650332821498028
METTL1,7.694935328670029
METTL3,36.49269963210662
MGAM,0.04203700170156097
MGAT1,31.14156796935747
MGAT2,0.583462068067753
MGAT3,0.19427019223106923
MGAT4A,2.7917633231958696
MGAT4B,13.890701928893838
MGAT4C,0.16044054400592953
MGAT4D,0.02696149145334556
MGAT5,11.817540817918452
MGAT5B,0.018462602684463272
MGLL,49.01704573046504
MGMT,10.541723256213658
MGRN1,29.6042757366463
MGST1,19.547123825125873
MGST2,25.781231228645463
MGST3,77.58752138878538
MIA3,9.925670659853298
MIB1,19.420575369528613
MIB2,17.951521822063995
MID1,2.1242409139793366
MIF,44.15725065355819
MINK1,0.294892236321913
MINPP1,6.183202936857317
MIOX,0.03764002098229772
MIP,0.0015595730383821398
MKNK1,15.557839358473055
MKNK2,27.89337212687774
MKRN1,46.677631749519406
MKRN2,25.880747312192202
MKRN3,0.0675198124525923
MLKL,5.45917669626895
MLYCD,8.291416822369944
MMAA,0.9065773880999786
MOCS1,50.77890067400906
MOCS2,33.14645400922338
MOGAT1,0.014917485667853276
MOGAT2,0.0011863505388385307
MOGAT3,0.06832763191888709
MOGS,68.77522035092528
MOK,0.5652915168862541
MOS,0.09191795284698573
MOXD1,1.084843806336292
MPC1,99.96159519704017
MPC2,33.35984688030802
MPI,9.457873387841461
MPO,0.0014309022756765683
MPST,1494.4393483663916
MRPL58,13.330417578133794
MSMO1,11.33316503925907
MSRA,6.375581043963368
MST1R,0.1562954445690615
MT1A,1.5746935300241574
MT2A,166.92862152231677
MT3,0.12056085064885529
MT4,0.3354345050980549
MTAP,319.01417391219593
MTFMT,8.542711636981712
MTHFD1,221.20234025289216
MTHFD1L,10.967154101723118
MTHFD2,21.399089895868016
MTHFD2L,2.0313161619353877
MTHFD2P1,0.001932900926311011
MTHFR,5.600615159472096
MTHFS,7.947476644192122
MTMR1,2.370132404703973
MTMR14,8.93955727517105
MTMR2,1.2315306415124916
MTMR3,0.4095745459163644
MTMR6,7.136297077428993
MTMR7,0.5382229675018936
MTMR8,1.3397470254710961
MTPAP,2.715385063392281
MTR,0.8924216161775381
MTRR,10.242320372195822
MTTP,0.6764756782273391
MUL1,20.199743957755405
MUSK,0.05604375754868372
MUT,0.3354345050980549
MVD,52.29392451399022
MVK,9.617960682621533
MYBBP1A,60.279490258607694
MYCBP2,0.26166033565413005
MYLIP,97.54018751895836
MYLK,10.210931798077242
MYLK2,0.09426476279629067
MYLK3,0.054244423625357197
MYLK4,0.5169152905407202
MYO3A,1.8525108712714093
MYO3B,3.1595128392254406
MYO5B,0.2793843098680415
NAA10,34.70854867633598
NAAA,7.693084974792753
NADK,24.21546223749111
NADSYN1,8.658661783322334
NAGA,20.741408485942138
NAGK,20.248136415043575
NAGLU,32.87121984358353
NAGPA,4.265167939236449
NAGS,0.013997475773692328
NAMPT,232.31332127583772
NANP,0.5362429692535117
NANS,88.99030800139505
NAPRT,25.164291606310147
NAPSA,0.17106892604161258
NARS,2742.8631294621127
NARS2,4.515645263246469
NAT1,1.395819884798602
NAT2,0.1320727755275319
NCOA1,19.94203536552004
NCOA2,0.5095042782774684
NCOA3,3.0649328878931636
NCOA6,13.40535945342626
NCOR1,0.10812933240118461
NCOR2,1.6656245840804242
ND1,0.7496282848946749
ND2,6.647572110665278
ND3,3.518721426725826
ND4,15.91921099634504
ND4L,0.3354345050980549
ND5,3.9860139175064595
ND6,2.1511623729121254
NDST1,19.580735779410624
NDST2,7.8133840011109195
NDST3,0.0007247737438456983
NDST4,0.003390322725421899
NDUFA1,364.3840281967054
NDUFA10,45.669317821770676
NDUFA11,65.15662312612247
NDUFA12,12.802123228816065
NDUFA13,577.5450938679627
NDUFA2,9.07354832564784
NDUFA3,4.409634192929008
NDUFA4,54.78253034597877
NDUFA5,19.9509395682645
NDUFA6,36.78899309461094
NDUFA7,2.8637763903489404
NDUFA8,46.07262924322148
NDUFA9,28.862879976183255
NDUFAB1,111.16405483736419
NDUFB1,42.83267593819547
NDUFB10,196.03019247348615
NDUFB2,24.608784989339032
NDUFB3,88.14364873295892
NDUFB4,106.62367905722861
NDUFB5,63.70972193858052
NDUFB6,25.834136126885703
NDUFB7,286.2376960377503
NDUFB8,79.96132399906386
NDUFB9,13.80762578296789
NDUFC1,65.35969820417046
NDUFC2,32.20125848140287
NDUFS1,37.495394279909135
NDUFS2,22.242373531256824
NDUFS3,126.1250576118982
NDUFS4,138.17199348284853
NDUFS5,807.6707428839527
NDUFS6,12.864678162263989
NDUFS7,13.329789129481082
NDUFS8,60.558397060113485
NDUFV1,56.80719353705842
NDUFV2,90.66539507514341
NDUFV3,8.63135184330447
NEDD4,5.3278864564189785
NEDD4L,0.20590157226249
NEK1,8.088752838229905
NEK11,1.7675929839035964
NEK2,0.001683964888953478
NEK3,8.610880497457206
NEK4,4.386170918372559
NEK5,0.04584227579696046
NEK6,0.967361924478586
NEK7,105.07955028606962
NEK8,1.0712256731187095
NEK9,2.320482396486723
NEU1,25.601698773160496
NEU2,0.07868648115252536
NEU3,0.9000003634563182
NEU4,0.00871764333862369
NEURL1,0.14715923590013888
NEURL1B,12.145077092584518
NGLY1,10.433239515592732
NHLRC1,0.9617464028247423
NIT2,557.2153296305303
NKTR,41.88169544224126
NLK,3.230849336818402
NLN,50.91116087447027
NME1,857.8452115657964
NME2,281.45765578880633
NME3,105.61901913872605
NME4,197.2549732268883
NME6,0.2552956444823954
NME7,1.2506693992419384
NMNAT1,1.6311177774955723
NMNAT2,0.35301177537657896
NMNAT3,4.104087283689612
NMRK1,15.458307431782211
NMT1,51.5603988679799
NMT2,4.0933237462096
NNMT,120.76501658232553
NNT,12.746378378737417
NOL9,3.0039074259115646
NOS1,0.001063486179787273
NOS2,0.16863595387394797
NOS2P1,0.3354345050980549
NOS2P2,0.3354345050980549
NOS3,0.6108370250433374
NOX1,0.03691104858540942
NOX3,0.09198887034239282
NOX4,3.9911222783726745
NOX5,0.010784580194351764
NPAS2,6.8354001459265685
NPC1,5.783032833279023
NPC1L1,0.7467665388662109
NPR1,18.180300577723365
NPR2,25.86381841259252
NQO1,119.42457168670387
NQO2,156.4889687421377
NR1D1,331.41899905178366
NRF1,1.5963555829464104
NSD1,6.407755948972836
NSD2,0.8117852405670956
NSD3,0.8238692165195934
NSDHL,438.8342797284497
NSF,46.301048549091334
NT5C,159.53789144438232
NT5C1A,0.5074997997260634
NT5C1B,0.05893090585445929
NT5C1B-RDH14,0.037698419756150243
NT5C2,107.46274600384355
NT5C3A,10.277623551762446
NT5DC3,32.095632639733175
NT5E,74.37784064155925
NT5M,1.2428722009811028
NTAN1,3.4734925409196613
NTRK1,0.009359381996768886
NTRK2,60.013856114299614
NTRK3,56.63882078050105
NUAK2,0.22221756750235933
NUDT10,3.3562902980567775
NUDT11,3.0739899663767702
NUDT12,5.288833758355512
NUDT2,32.96883206405366
NUDT3,17.061876968507697
NUDT4,10.817132613615843
NUDT5,83.54863410032479
NUDT9,14.020805505785738
OARD1,6.985686386591588
OAT,805.1151591741892
OBSL1,2.668996772017838
OCRL,18.854102981483084
ODC1,11.263987239437183
OGA,13.207835039605774
OGDH,436.0993747211266
OGT,112.7833656213316
OLAH,0.0664929517041441
OPLAH,0.25486974438152377
OTC,0.00891755664105677
OTUD5,54.573628324692194
OXCT1,280.07710096955867
OXCT2,0.0031572457253325925
OXSM,3.6392942069860155
OXSR1,21.017352138647677
P4HA1,48.09770789987147
P4HA2,25.64978747582162
P4HA3,0.6615931420168548
P4HB,359.5564494855057
PADI1,0.01557731885785207
PADI2,0.10502142131280126
PADI3,0.0037368995574332494
PADI4,0.004080773304877882
PADI6,0.3354345050980549
PAFAH1B2,350.27491699089353
PAFAH1B3,18.236035719230244
PAFAH2,2.63672074635096
PAH,0.006357572756738147
PAICS,104.63069041446803
PAK1,30.55458954631176
PAK2,124.82608479635789
PAK3,2.4795354633038857
PAK4,0.16830889163727622
PAK5,0.1843105272396382
PAK6,0.04792894796125535
PAM,2.234011019422561
PAN2,18.473011660716175
PANK1,1.1847958170709643
PANK2,7.209012372252105
PANK3,10.277623551762446
PANK4,8.1967179561404
PAOX,2.70315119807194
PAPOLA,5.177980640646074
PAPOLB,0.0011865993074032283
PAPOLG,2.7224597953715515
PAPSS1,68.09848230783017
PAPSS2,8.973932622012436
PARP1,30.76991513195902
PARP10,1.9640516479749055
PARP11,1.1991478291069213
PARP12,0.8644098072034228
PARP14,4.180330554286683
PARP15,0.033201179842854305
PARP16,9.001451504337524
PARP2,15.596742401862754
PARP3,21.336214863400098
PARP4,2.9065657584697986
PARP6,33.41323700761772
PARP8,8.115717787653749
PARP9,4.59211393197539
PARS2,1.2056404627460606
PASK,0.18490762310400322
PBK,0.021388525405539406
PC,9.854305810514798
PCBD1,83.07302243274928
PCBD2,2.37684015308931
PCCA,12.960386019113372
PCCB,1.8285536786155312
PCK1,2.0580772277323414
PCK2,4.7810323590401635
PCMT1,832.3104392985855
PCYOX1,213.13774082474967
PCYT1A,15.367251166105984
PCYT1B,3.970010426989916
PCYT2,8.809167650170908
PDE10A,0.447148857395478
PDE11A,0.06176831503022095
PDE1A,11.68702034133324
PDE1B,12.694826292071522
PDE1C,8.264338251587343
PDE2A,4.8284938640278785
PDE3A,72.19776385958934
PDE3B,0.04095840484120101
PDE4A,2.8142095309584403
PDE4B,14.326605640021109
PDE4C,3.7693942953828468
PDE4D,11.781256636387518
PDE5A,121.56699655349848
PDE6A,0.030245303018173963
PDE6B,0.005682951547155056
PDE6C,0.02975049158382351
PDE6H,1.0083333333333333
PDE7A,1.1931251193270682
PDE7B,0.8550945248232215
PDE8A,13.323561006997496
PDE8B,8.021417597885074
PDE9A,0.7819865440608045
PDF,1.4779901263754212
PDGFRA,9.12549027504283
PDGFRB,243.42380773290478
PDHA1,233.022516928332
PDHA2,8.963593332760542
PDHB,119.16418933903512
PDHX,15.711414177313387
PDIA2,0.18899661776221346
PDIA3,2540.1531141372966
PDIA4,465.73313841574566
PDIA5,53.23203284276649
PDIA6,338.54290483608077
PDK1,0.620023972449994
PDK2,60.66340910652524
PDK3,16.835558355565063
PDK4,12.665386363801355
PDP1,3.5788895644248195
PDP2,0.7930842779790277
PDPK1,1.1033431017058417
PDPR,10.115426689144424
PDXK,4.316349227277218
PDXP,1.9945531786944315
PDZD4,30.309883702568104
PEAK1,13.606552102211909
PECR,45.76941411926025
PEMT,11.369174760040694
PEPD,44.14954210271315
PEX11A,1.572737982850983
PFAS,34.708526147112224
PFKFB1,0.010670594214992652
PFKFB2,1.4871709626182317
PFKFB3,11.68702034133324
PFKFB4,0.6096189782648553
PFKL,123.74902297909115
PFKM,30.860929146628244
PFKP,1172.417203550831
PGAM1,63.96181946564142
PGAM2,92.14558842160893
PGAM5,18.869356243779258
PGAP1,2.096795249125785
PGD,439.917042685414
PGGHG,0.02991860446325157
PGK1,82.0846929254156
PGK2,0.00824536767473743
PGLS,996.2264434908595
PGLYRP1,0.010046157023303451
PGLYRP2,0.0015784906628992172
PGLYRP3,0.01572942767765221
PGLYRP4,0.00240572539558587
PGM1,350.60162093015845
PGM2,162.90178355706666
PGM2L1,0.9360685652277784
PGM3,46.63030396091656
PGP,34.543105647270906
PGS1,12.232715346341944
PHEX,0.04489100926911424
PHGDH,979.8077985596766
PHKA1,0.28804986502791763
PHKA2,5.307441406741677
PHKB,16.057364374724454
PHKG1,2.4327583434793243
PHKG2,4.57221993076061
PHLPP1,5.638262520154386
PHLPP2,3.0000232669384714
PHOSPHO1,0.14663120740792293
PHPT1,92.62403552078544
PHYH,34.421858002875105
PHYKPL,5.83987707328765
PI4K2A,0.735528138586362
PI4KA,2.557351466108889
PI4KB,1.454184786894237
PIGA,2.7371649862136125
PIGB,5.313646801831415
PIGC,6.620901035383229
PIGF,1.0517654607918097
PIGG,6.620901035383229
PIGH,9.974798955095752
PIGK,22.407641583543043
PIGL,3.1331921975319834
PIGM,1.812215710145911
PIGN,2.6140203040820835
PIGO,5.6445418835493255
PIGP,2.5978293137251316
PIGQ,11.045898007619046
PIGS,17.404703995273763
PIGT,20.278193781508644
PIGU,1.229543632079564
PIGV,3.471806476104967
PIGW,0.5865673823115257
PIGX,1.1717467270657864
PIGY,0.3354345050980549
PIGZ,2.6665055258767962
PIK3C2A,1.7922798965730167
PIK3C2B,4.3694414764786655
PIK3C2G,0.0017301236015573986
PIK3C3,0.11569484294873678
PIK3CA,9.236025297591823
PIK3CB,0.4048752326053065
PIK3CD,4.837022312154735
PIK3CG,0.0321946995386435
PIK3R1,2.7797818349930754
PIK3R2,17.75475626135594
PIK3R3,1.8737350649246143
PIK3R4,30.763682551438148
PIK3R5,0.22612110088673368
PIKFYVE,7.0971771518129865
PIM1,29.222355191821638
PIM2,3.17465269533672
PIM3,11.882907392753967
PIN1,693.8478963876785
PIN4,4.56800216949164
PINK1,41.52848314746589
PIP4K2A,18.84614804839077
PIP4K2B,12.215594194432347
PIP4K2C,71.79429824464866
PIP5K1A,0.5214465978653404
PIP5K1B,0.3069096397065857
PIP5K1C,66.40688315492905
PIP5KL1,0.4922725829939826
PIPOX,0.5885824593091878
PISD,1.1360890700101902
PJA1,21.93134956265003
PJA2,269.8341753107884
PKLR,0.007947863939887268
PKM,633.8239369419881
PKMYT1,0.03723928130055482
PKN1,88.29659066872371
PKN2,6.370884668225872
PKN3,0.6997541301890791
PLA2G10,0.006794940363182381
PLA2G12A,1.1457207215584226
PLA2G12B,1.1304561412675453
PLA2G15,4.4412270778087715
PLA2G16,34.53826985316
PLA2G1B,0.6402117576095531
PLA2G2A,38.715054378094614
PLA2G2C,0.3354345050980549
PLA2G2D,0.004657235985015804
PLA2G2E,0.009022287631337927
PLA2G2F,0.017105401618544066
PLA2G3,0.004602662649267609
PLA2G4A,15.039929685693549
PLA2G4B,9.771578190514987
PLA2G4C,8.733851154008361
PLA2G4D,0.0032311847623042404
PLA2G4E,0.008146921125803865
PLA2G4F,0.007704182344122373
PLA2G5,0.9471198866193632
PLA2G6,6.685758994076746
PLA2G7,0.04844726521903731
PLB1,0.24824929079355143
PLCB1,1.885377876697174
PLCB2,1.4784730502384762
PLCB3,3.160493100883198
PLCB4,26.593711246031297
PLCD1,39.67003058806343
PLCD3,16.515378619564338
PLCD4,3.0556044210688524
PLCE1,17.284265019238887
PLCG1,2.5876979803689237
PLCG2,0.5700951701490173
PLCH1,0.02919015901861087
PLCH2,0.031171688361528723
PLCL1,8.0820143514418
PLCL2,6.472200781414252
PLCXD2,0.021115562485450743
PLCZ1,0.07175189323406331
PLD1,14.42466882688153
PLD2,14.932135171410216
PLD3,22.762479716293353
PLD4,1.7896263959143315
PLD6,0.9471198866193632
PLG,0.0026270778504810573
PLIN1,0.16898310256084878
PLIN2,5.301237433791188
PLIN3,28.048079655258363
PLIN4,4.08875382724837
PLK1,0.10525722055838131
PLK2,16.59098264730229
PLK3,7.1826673872961395
PLK4,0.3453693825172507
PLOD1,16.111870260331383
PLOD2,38.22187729186342
PLOD3,23.71765925717446
PLPBP,1.3790311261442316
PLPP1,5.389883230682263
PLPP2,2.123055391477898
PLPP3,4.2032094621878
PLPP4,0.019762828557283812
PLPP5,0.0656688155578048
PLPP6,0.050042688733332445
PLPP7,1.1305815492037874
PLPPR2,0.3307009692228308
PLPPR3,0.9307949846236876
PLPPR4,0.11900942508124815
PLPPR5,0.012456429933028047
PLTP,43.97557918832298
PLXNB3,8.960179379576095
PMM1,11.86787043169341
PMM2,26.75520412466256
PMPCA,20.19579084942723
PMVK,322.5556088279893
PNCK,10.066163094183489
PNKP,16.143075452624956
PNLIP,0.9237213935184266
PNLIPRP1,0.07616682666400032
PNLIPRP2,0.22943445093837003
PNLIPRP3,0.08385388761350725
PNMT,0.48916034172520345
PNP,154.33253617259493
PNPLA2,155.2986821892828
PNPLA3,0.03160763140573957
PNPLA4,3.406272134057181
PNPLA6,0.8610327605551342
PNPLA7,2.7170173734601386
PNPLA8,13.658808860815158
PNPO,4.262195969765872
PNPT1,2.4616815493179622
POLA1,3.748127736267013
POLA2,1.3826165473241552
POLB,6.896728849519973
POLD1,0.6482970980547034
POLD2,5.486467427030298
POLD3,0.39542912681600756
POLD4,56.17530747329554
POLE,0.05435135622840661
POLE2,0.2963432276405596
POLE3,35.72498674292562
POLE4,11.555681496804281
POLG,19.268662438474347
POLG2,3.6640883790387475
POLH,3.884032672387824
POLI,6.337013147135757
POLK,8.156198157513332
POLL,8.399904258503302
POLM,13.23443850905753
POLN,0.26245286702809395
POLQ,0.00481856327224834
POLR1A,0.5459070578680288
POLR1B,0.23532225202766158
POLR1C,5.985560810555304
POLR1D,34.57410437813685
POLR1E,22.497066831724215
POLR2A,2.4508839856739013
POLR2B,16.766044341289398
POLR2C,111.97560326016881
POLR2D,8.65863213410897
POLR2E,119.14197253946229
POLR2F,5.600615159472096
POLR2G,17.618779018170887
POLR2H,162.945480763917
POLR2I,32.178277465149115
POLR2J,18.13983416151227
POLR2K,62.86190999884424
POLR2L,125.24635490556972
POLR3A,0.17174776477324014
POLR3B,1.4998910052805077
POLR3C,0.7564933538909188
POLR3D,4.009906770836857
POLR3E,17.088961840049702
POLR3F,6.491558846922172
POLR3G,0.22203233784963966
POLR3GL,82.38201037324205
POLR3K,4.169083669561825
POLRMT,6.370110607362069
POMGNT1,13.591628817533289
POMT1,8.658661783322334
POMT2,4.274086283374652
PON3,0.05947056684703211
POR,72.53710442652971
PPA1,437.89526030558386
PPA2,135.53775779814512
PPARA,3.6554355013681796
PPAT,4.194216050552888
PPCDC,3.432456477738769
PPCS,84.32255781266839
PPEF1,0.008871110729792776
PPEF2,0.03317823803238185
PPIA,340.0933890542485
PPIAL4A,0.3354345050980549
PPIAL4C,0.3354345050980549
PPIAL4E,0.3354345050980549
PPIAL4G,0.009743957180064843
PPIB,3371.9150004435814
PPIC,67.270484534658
PPID,454.5664566754508
PPIE,10.613214962563891
PPIF,33.875501187044605
PPIG,13.648865915621334
PPIH,488.4618940757264
PPIL1,47.99332386343185
PPIL2,0.8168789979086023
PPIL3,43.29906326237586
PPIL4,5.789870167889729
PPIL6,0.1974869650585227
PPIP5K1,2.1491575282136
PPIP5K2,3.5507687885412875
PPM1A,3.191899484986555
PPM1B,34.12669779477077
PPM1D,5.09115584841673
PPM1E,0.019242874850353177
PPM1F,17.02458608189356
PPM1G,17.905398411437083
PPM1K,10.4828495983941
PPM1M,25.180033082780366
PPOX,8.542711636981712
PPP1CA,74.82237127557589
PPP1CB,452.28932067854913
PPP1CC,46.848740442745736
PPP1R1A,27.713092447249927
PPP1R1B,0.11459308208110609
PPP1R2,91.25910145026128
PPP1R3A,0.06646892507772041
PPP1R3B,128.01988352021453
PPP1R3C,291.7174585158247
PPP2CA,131.12713562510567
PPP2CB,149.06895001919872
PPP2R1A,572.7023116932097
PPP2R1B,5.970351626013979
PPP2R2A,128.36367940342137
PPP2R2B,15.053827379974512
PPP2R2C,0.04117368378513194
PPP2R3A,4.654920603426012
PPP2R3B,9.485676771720597
PPP3CA,321.37760491986234
PPP3CB,56.362595256819745
PPP3CC,24.048468845813655
PPP3R1,184.26937379117007
PPP3R2,2.4370537589271226
PPP4C,41.937332284892186
PPP5C,33.30389136324452
PPP6C,285.7683087483814
PPT1,9.23450344782092
PPT2,28.289068509123236
PPWD1,20.2884275152661
PRAG1,0.3354345050980549
PRDX1,14928.15739815558
PRDX2,4877.882279559765
PRDX3,110.77336853312431
PRDX6,870.9863613637743
PREP,77.21944231248803
PRKAA1,38.55221584209196
PRKAA2,3.8507940529057203
PRKAB2,47.06755772796849
PRKACA,1034.1133221874054
PRKACB,132.88909273333485
PRKACG,5.25292276820224
PRKAG2,20.280410658722978
PRKAR1A,34.01629600109626
PRKAR1B,2.1600764209583336
PRKAR2A,49.94217814877896
PRKAR2B,31.142945419483823
PRKCA,4.962239290998025
PRKCB,7.726464636271519
PRKCD,2.9550134700292117
PRKCE,0.9228406845585567
PRKCG,0.0014432987169544034
PRKCH,1.2573588574591594
PRKCI,4.50022222213408
PRKCQ,0.02019576821831326
PRKCSH,247.7761010913941
PRKCZ,0.05846910888996634
PRKD1,1.1444347880584016
PRKD2,9.904630248126873
PRKD3,17.660460148448614
PRKDC,1.2220880652269774
PRKG1,67.95816730005711
PRKG2,0.13266701739862252
PRKN,0.21524163632635238
PRKX,0.5873732505109202
PRKY,0.9519905064882366
PRODH,2.8059934165202742
PRODH2,0.047452249121563574
PRPF19,336.85844875633484
PRPF4,120.99555093312235
PRPF4B,34.00994422137945
PRPS1,685.0752723891588
PRPS1L1,1.6993128857058533
PRPS2,10.83853942662077
PRRT2,57.51857526695771
PSAP,66.55485611908794
PSAT1,24.228043190189975
PSKH1,27.6101785322864
PSKH2,0.11813839957802594
PSPH,302.470299159401
PSPHP1,0.3354345050980549
PTDSS1,12.305841413594338
PTDSS2,9.785567038588423
PTEN,12.528609933702947
PTGDS,215.638448657124
PTGES,7.7353192876995776
PTGES2,46.59105669240449
PTGES3,5239.701045534324
PTGIS,1092.1726633412006
PTGR1,117.77731223034758
PTGS1,2.489503426234569
PTGS2,2.0529255401388053
PTK2,10.273008079902882
PTK2B,4.2218175886185705
PTK6,0.6492409128939688
PTK7,0.039480123035034016
PTP4A2,2.277786013274101
PTP4A3,376.0785441854001
PTPDC1,1.9994988923015782
PTPMT1,11.27627746571364
PTPN1,33.30000012125802
PTPN11,41.01468865849485
PTPN12,9.385240874718733
PTPN13,8.590418689033488
PTPN14,7.786619285477921
PTPN18,23.95671919673283
PTPN2,7.915713657690265
PTPN21,27.054038602513643
PTPN22,0.09745640074923219
PTPN23,14.38202147918824
PTPN3,6.125715973275249
PTPN4,1.4102104670135032
PTPN5,0.027190538279078937
PTPN6,1.876264907700313
PTPN7,0.09053523445795646
PTPN9,0.6541914628393849
PTPRA,0.7037130849989577
PTPRB,1.0445423654589758
PTPRC,0.9254833053283392
PTPRD,2.545076850091932
PTPRE,0.6947529174811351
PTPRF,8.35240698874029
PTPRG,17.951521822063995
PTPRH,0.0060257959574462755
PTPRJ,0.5573032038433143
PTPRK,18.40172737379867
PTPRM,20.57133097335695
PTPRN,0.006075092708481724
PTPRN2,1.0319255056931338
PTPRO,0.5761109100751599
PTPRQ,2.357908256036129
PTPRR,0.05936769995851275
PTPRS,13.711104846562264
PTPRT,0.00256860471536119
PTPRU,8.034875812816017
PTPRZ1,0.42623640100503546
PTRH1,0.029734016540088008
PTRH2,99.55828891222325
PTS,15.25962053799638
PUS1,2.301426000644925
PXDN,3.5552040660641624
PXDNL,0.12670644164064912
PXYLP1,0.3900283303635837
PYCR1,3.132073128688783
PYCR2,272.05637931762845
PYCR3,18.52640291410028
PYGB,1728.449933244095
PYGL,20.863060179020206
PYGM,47.53439866296386
PYURF,5.947545560310486
QARS,233.89881160899202
QDPR,493.34992503164796
QPCT,0.7573414237819487
QPRT,0.6578826844781511
QTRT1,24.667471053973042
QTRT2,3.0803803903498332
RAD1,1.2684198864521008
RAD18,1.4269768622262
RAD9A,5.2640435177722145
RAF1,0.8614922520410172
RAG1,0.03283448478480042
RALBP1,46.50664594499242
RARS,241.1114963545173
RARS2,15.678701404474923
RBBP6,0.4305470679585327
RBKS,3.011123476498897
RBP1,55.257152277786176
RBP2,0.09263472458822701
RBP4,0.1324294030066597
RCHY1,8.658661783322334
RCL1,15.512367963783369
RDH10,1.5688283186925636
RDH11,152.9091377287311
RDH12,0.002836562587061006
RDH13,1.4154091104005897
RDH14,34.54281431490232
RDH16,0.01893411692022918
RDH5,20.903641708601054
RDH8,0.3354345050980549
REG3A,0.3566624867968456
RENBP,15.236727606931494
RET,0.037873903490751384
REV3L,5.979285939729039
RFC5,20.63214129506312
RFK,8.799090907322249
RFWD3,4.074020742920291
RGL1,6.802814288016585
RHAG,0.01672066971528721
RHBG,0.3354345050980549
RHCG,0.20349291438035927
RING1,40.14922117722744
RIOK1,0.913354905584339
RIOK2,0.20382425153946326
RIOK3,27.207824249052933
RIPK1,7.669378239716977
RIPK2,3.5621144226149517
RIPK3,1.3086297348886835
RIPK4,3.3551560333818604
RIPOR1,1.8350848174091228
RNF103,20.296551558547947
RNF115,19.94203536552004
RNF123,11.607398086905631
RNF125,0.23356413392947203
RNF126,38.36726370418844
RNF128,0.048867653688709316
RNF13,41.85378895268136
RNF130,18.615742023799534
RNF133,0.05612003831900464
RNF138,6.582045890192311
RNF139,20.522787893046612
RNF14,30.88721786145849
RNF144A,0.8655176452355889
RNF144B,1.8444379585976791
RNF146,47.429519045728746
RNF149,11.716000315719869
RNF152,2.7377099209985976
RNF167,115.52100281417493
RNF180,20.563238898762137
RNF182,0.09989928043384898
RNF185,55.51584964735221
RNF187,51.33983363594314
RNF19A,42.17027573315262
RNF19B,16.397247953348884
RNF2,4.303942806928033
RNF20,3.272448365244377
RNF216,33.7250123591412
RNF217,9.222194163575747
RNF25,37.97445541596645
RNF31,20.062755483566036
RNF40,1.812729454951044
RNF41,24.26560438591708
RNF5,69.66029701756187
RNF8,3.1175323730720756
RNGTT,6.358532494726722
RNMT,43.38267844541065
ROCK1,24.673446124577552
ROCK2,43.1875893206672
ROR1,21.59587717527839
ROR2,0.01346386507193249
RORA,2.8740541105008814
ROS1,0.16602267687961664
RPAP2,0.8330281374941169
RPE,84.86853739454827
RPE65,0.011356171511843363
RPIA,15.86463634696126
RPL14,1666.072726507881
RPN1,245.8685559498024
RPN2,401.67958497135504
RPP14,18.129043024966467
RPS6KA1,1.6902146329670205
RPS6KA2,3.296960670674061
RPS6KA3,1.6576956976942026
RPS6KA4,1.2864812887535189
RPS6KA5,1.808195775253765
RPS6KA6,2.37538518683879
RPS6KB1,2.312031747007395
RPS6KB2,39.30219243683294
RPS6KC1,0.8842283901926099
RPUSD4,0.8948637020546005
RRM1,22.30603743488858
RRM2,0.03231550590905642
RRM2B,10.50412517436291
RTCA,11.766749092423074
RWDD2A,2.8845109306148293
RXRA,18.663366612137064
RYK,40.232272338868114
SACM1L,20.790052423470314
SAE1,324.55372265300144
SAP130,1.152124549208342
SARDH,0.10719691857275249
SARS,255.7777579908683
SARS2,5.51296436754197
SAT1,70.25695493727564
SAT2,69.44451208310086
SBK1,0.03292608365168581
SC5D,10.65329028429782
SCARB1,2.0482911872350127
SCARF2,81.40590322067747
SCD,2.4524754516676803
SCD5,7.533258860212925
SCLY,2.127871035820984
SCP2,159.1476397781665
SDC1,0.0894208283762111
SDHA,289.38476336492755
SDHB,216.3083845521224
SDHC,19.65266366497662
SDHD,4.442023532893739
SDR16C5,0.008550266509144777
SDR42E1,0.08346887251386904
SDR42E2,0.019573290413358535
SDR9C7,0.06502391352899267
SDS,0.02202211062294285
SDSL,0.595847923292944
SEC11A,295.48395124993544
SEC11C,2.749889813975256
SELENOI,0.1784505883933933
SEPHS1,628.3466741901815
SEPHS2,17.79407533616896
SERPINA1,0.6108370250433374
SERPINA3,4.8760470126082085
SETD1A,0.35242761560939795
SETD1B,54.005907877268065
SETD2,0.0743645402086488
SETD5,17.206091543963517
SETD7,8.790832221525555
SETDB1,0.2809742356734936
SETDB2,4.023418793930457
SETMAR,33.921275401794055
SFXN3,2884.942193058406
SGK1,4.412485324927081
SGK2,0.17106892604161258
SGK3,2.6296903080948506
SGMS1,12.997354337305008
SGMS2,3.13934847656151
SGPL1,15.477146044021643
SGPP1,12.36440369536221
SGPP2,0.01982182276051572
SGSH,14.545541593563145
SH3RF1,11.189350775820126
SH3RF2,0.4266148665014814
SH3RF3,8.597238231276574
SHMT1,47.43057363415958
SHMT2,370.4275771040002
SHPK,4.613835765044234
SHPRH,1.5264346271733744
SI,0.00280119531217837
SIAE,14.191042926111214
SIAH1,3.7583735349573915
SIAH2,29.708604287141494
SIK2,8.93955727517105
SIK3,3.821313898957459
SIN3A,5.370328155240849
SIN3B,0.11134089948194054
SIRT1,17.817674962435895
SIRT2,34.81617769621957
SIRT3,6.202388616423383
SIRT5,4.592717044725925
SIRT6,10.178834761923808
SIRT7,9.077213439162852
SLC10A1,0.7013693927428878
SLC10A2,0.001278969078534506
SLC10A6,0.022573846876146716
SLC11A1,0.4029016322071696
SLC11A2,7.393953842688676
SLC12A1,0.004284055242542223
SLC12A2,1.0075807146676738
SLC12A3,0.3836436624241189
SLC12A4,0.9871220637534105
SLC12A5,0.005187408262148429
SLC12A6,0.06038438998051998
SLC12A7,1.250792660923517
SLC13A1,1.3898493503991496
SLC13A2,0.9791894450655247
SLC13A3,0.15511505392608707
SLC13A4,0.056654572116426286
SLC13A5,0.11163659041069766
SLC14A1,1.1580351918178668
SLC14A2,0.030448185707297647
SLC15A1,0.021662815692362322
SLC15A2,0.33054408341850167
SLC15A3,4.446020923854303
SLC15A4,12.78322635113284
SLC16A1,4.141519883461289
SLC16A10,0.005942172867618525
SLC16A2,8.318512742749226
SLC16A3,1.4121246582641642
SLC16A7,0.37834962449364484
SLC16A8,1.146997039742917
SLC17A1,0.06505057075080632
SLC17A2,0.014797084619435076
SLC17A3,0.0480606884147512
SLC17A4,0.016758172785412122
SLC17A5,12.805345138329539
SLC17A6,0.03561924497624714
SLC17A7,0.48255972205692205
SLC17A8,0.023326127399307364
SLC18A1,0.058656845323138175
SLC18A2,4.644038258425458
SLC18A3,0.06214561646399096
SLC19A1,4.534889213717822
SLC19A2,3.8997967972849428
SLC19A3,0.7404356458256337
SLC1A1,2.0282327727642393
SLC1A2,0.059213465137471166
SLC1A3,1.507989661143731
SLC1A4,4.556148316696378
SLC1A5,28.159917064493364
SLC1A6,0.07694788869193199
SLC1A7,0.31906275121177846
SLC20A1,7.913911579777411
SLC20A2,59.18642768670581
SLC22A1,0.06343108647523547
SLC22A10,0.061509292009499034
SLC22A11,0.20377100608576706
SLC22A12,1.368484858340572
SLC22A13,0.004924077976188513
SLC22A16,0.1415176491516722
SLC22A18,1.6316101249047326
SLC22A2,0.15170807565448388
SLC22A3,98.30937154446927
SLC22A4,0.44676688632453776
SLC22A5,2.5714265594126657
SLC22A6,0.3332262579895881
SLC22A7,0.0057577129155522285
SLC22A8,0.6796964855365107
SLC22A9,0.00542924566945486
SLC23A1,0.03148926361611759
SLC23A2,14.840993362774272
SLC24A1,1.7097634628177578
SLC24A2,0.11485961790308995
SLC24A3,63.36599117452829
SLC24A4,0.022128005547332817
SLC25A1,861.948300146027
SLC25A10,0.5497350395127294
SLC25A11,824.1435882536849
SLC25A12,877.655247814076
SLC25A13,124.56858969624932
SLC25A14,1.9005853550678682
SLC25A15,0.7871047646939617
SLC25A16,2.4535421294539788
SLC25A17,3.1531403358358654
SLC25A18,0.10822266211822021
SLC25A19,1.4135606356665844
SLC25A2,0.02426641606294334
SLC25A20,5.9602377369985815
SLC25A21,0.21029136425079936
SLC25A22,2.617260866835146
SLC25A26,6.8354001459265685
SLC25A27,14.674185017751853
SLC25A28,53.32228378255788
SLC25A29,7.255161523545557
SLC25A3,2368.0773868527917
SLC25A37,4.8760470126082085
SLC25A4,780.2274268126295
SLC25A5,2568.9939818674793
SLC25A6,664.2323752504612
SLC26A1,0.5271534756615571
SLC26A11,9.527411814138732
SLC26A2,1.4322543092374087
SLC26A3,0.020091757150265954
SLC26A4,0.3628855197895747
SLC26A6,20.167494939319496
SLC26A7,0.10877250354124078
SLC26A8,0.006336009607729995
SLC26A9,0.04431319325572662
SLC27A1,2.952380759603128
SLC27A2,4.602256097978344
SLC27A3,30.73830655717075
SLC27A4,2.007244415997755
SLC27A5,1.604083687489148
SLC27A6,0.003404997224610061
SLC28A1,0.05117989996743629
SLC28A2,0.0015898626453421168
SLC28A3,0.12047573912448373
SLC29A1,136.2935973353891
SLC29A2,1.0005158559300473
SLC29A3,1.3706065519241604
SLC29A4,0.02772104149697697
SLC2A1,16.695681039167404
SLC2A10,5.12194544873748
SLC2A11,3.930192536749329
SLC2A12,4.396932172536519
SLC2A13,2.4514088648334837
SLC2A14,0.002180225040510186
SLC2A2,0.7271472329221568
SLC2A3,46.573125804533035
SLC2A4,3.561667599462529
SLC2A5,0.046552149763647736
SLC2A6,0.6475974059276152
SLC2A7,0.00390507841357682
SLC2A8,6.119335039067593
SLC2A9,0.5577020894198897
SLC30A1,4.533084412011689
SLC30A6,4.239028563509867
SLC30A7,11.393354319208612
SLC31A1,3.9038858349013146
SLC32A1,0.0020598236400166023
SLC33A1,449.5035429629086
SLC34A1,0.0010810432323754423
SLC34A2,0.01708244406228457
SLC34A3,0.00927711508332441
SLC35A1,29.447918023879236
SLC35A2,4.117070527108978
SLC35A3,9.208367095319101
SLC35B2,0.6906769678021164
SLC35B4,2.103003229290375
SLC35C1,3.0050173665576168
SLC35D1,5.814599509708005
SLC35D2,10.80286601685736
SLC36A1,1.7286660318551081
SLC36A2,0.004949341585810089
SLC36A4,3.8939567729886932
SLC37A1,1.482820756054872
SLC37A4,4.058120737241173
SLC38A1,43.994364330310475
SLC38A2,87.3285495267451
SLC38A3,0.23060809259407053
SLC38A4,6.744236850042711
SLC38A5,0.08143959508196029
SLC39A7,18.02034560643659
SLC3A1,0.031330397097981376
SLC3A2,37.71791286594933
SLC40A1,26.45761622819326
SLC41A1,14.05573363533983
SLC41A2,7.321188789522344
SLC43A1,6.343437942426581
SLC43A2,2.4391496612147963
SLC46A1,2.7578874371015027
SLC47A1,0.21474855536461374
SLC47A2,0.013840757037223102
SLC4A1,13.592771879362395
SLC4A10,0.15590695398661464
SLC4A2,22.21031199259884
SLC4A3,1.3753663635603062
SLC4A4,4.043409391168734
SLC4A5,0.6011060384619007
SLC4A7,2.0563121566800895
SLC4A8,0.009180723127115771
SLC4A9,0.00584898415231525
SLC51A,0.6488299595943319
SLC51B,5.41935513356122
SLC52A1,0.0013020305963614208
SLC52A2,10.568002573181168
SLC52A3,0.013313209609510181
SLC5A1,0.016901367105843983
SLC5A10,0.0020412159665752607
SLC5A11,0.023128239955778382
SLC5A12,0.005246466138756932
SLC5A2,0.25671860385870027
SLC5A3,0.1255683507315296
SLC5A5,0.01539555436523649
SLC5A6,2.777547436544687
SLC5A7,0.05706250117786395
SLC5A8,0.08401900033710427
SLC5A9,0.1457665956382257
SLC6A1,13.152846106226365
SLC6A10P,0.0010401649913723838
SLC6A11,0.010198841555219995
SLC6A12,0.005406733134199494
SLC6A13,0.010898802871568664
SLC6A14,0.3354345050980549
SLC6A18,0.020564936803086797
SLC6A19,0.006244940353647964
SLC6A2,0.0008078305692328323
SLC6A20,0.0017868690543086246
SLC6A3,0.11152113387915114
SLC6A4,0.018401273253356307
SLC6A5,0.10319845039380167
SLC6A6,0.2445605209461846
SLC6A7,0.1293370391131903
SLC6A8,10.016946723020155
SLC6A9,3.552489217957536
SLC7A1,5.9602377369985815
SLC7A10,0.2272245004258581
SLC7A11,0.011004021579548768
SLC7A2,21.28586090645107
SLC7A3,0.005720308285239361
SLC7A5,0.7062666227217601
SLC7A6,1.9499191466872456
SLC7A7,1.762592867263765
SLC7A8,11.737744525182508
SLC7A9,0.09344904686953259
SLC8A1,3.1371095555283075
SLC8A2,0.3672909019917838
SLC8A3,0.008240129905154048
SLC8B1,8.467848900628024
SLC9A1,10.045064572985165
SLC9A2,0.0007789232274332733
SLC9A3,0.34210415192585586
SLC9A4,0.314551529377227
SLC9A5,0.17205035844960068
SLC9A7,0.11943922737375255
SLC9A8,6.420634794159606
SLCO1A2,0.1835430545458555
SLCO1B1,0.5745214485775751
SLCO1B3,0.04767210311424515
SLCO1C1,0.07735662322696688
SLCO2A1,0.4179268896213618
SLCO2B1,1.9438025885784083
SLCO3A1,3.584059327476364
SLCO4A1,0.5632923504445575
SLK,35.00835254853971
SMARCD3,42.515217663208986
SMG1,1.2554985670720071
SMPD1,30.554552430605725
SMPD2,3.04796842506157
SMPD3,0.2844094148714397
SMPD4,9.563328351956295
SMS,180.04209880680008
SMURF1,48.882763368563126
SMURF2,8.47464926155947
SMYD3,3.1550610584302956
SNRK,10.34122919544501
SOAT1,2.535295873150351
SOAT2,0.10689373635748042
SOD1,2758.4832263240164
SOD2,24.466375950861647
SOD3,1999.6698243486753
SORD,2.0652938391024027
SPCS1,210.2640841322756
SPCS2,251.19462313283475
SPCS3,255.2525780300384
SPEG,255.56730518604414
SPHK1,2.19237622498689
SPHK2,1.0174231351454666
SPR,365.1620289494774
SPRYD3,146.44846361304258
SPTLC1,20.481874112074966
SPTLC2,0.9716835996819986
SPTLC3,0.5216357141189559
SQLE,0.20012184926467183
SRC,7.57355213726588
SRD5A1,3.334185712933302
SRD5A2,0.3354345050980549
SRD5A3,3.1914913739958974
SREBF1,9.008333804918157
SRM,425.2565416955537
SRMS,0.15573239593730395
SRPK1,2.840294324601803
SRPK2,10.362448156411224
SRPK3,16.034241444578875
SSH1,9.367623145842103
SSH2,0.772620194990032
SSH3,33.27979309597841
SSR4,212.52305044052005
SSU72,116.31605143380455
ST3GAL1,2.083356989176755
ST3GAL2,7.73982442817561
ST3GAL3,13.778400035985946
ST3GAL4,14.696909824503841
ST3GAL5,1.4384962103172472
ST3GAL6,1.9117526987905746
ST6GAL1,19.124961176161843
ST6GALNAC1,0.04203700170156097
ST6GALNAC2,0.34428029684411565
ST6GALNAC3,0.5212420244016285
ST6GALNAC4,13.53196781853502
ST6GALNAC5,2.3483860666649026
ST6GALNAC6,159.27786125456143
ST8SIA1,0.16422999267397612
ST8SIA4,0.13230904443784036
ST8SIA5,0.0067498137863467875
STAMBP,13.114205762866993
STAMBPL1,0.686017774385836
STARD3,19.164857031015444
STK10,0.17661817162125154
STK11,48.643153301071884
STK16,1.1005434189312104
STK17A,30.755818208106195
STK17B,1.5683397448627836
STK19,8.029340748382545
STK24,68.37780416296255
STK25,2.165374710470714
STK26,0.629690691282171
STK3,11.724163363784578
STK31,0.03398304247075182
STK32A,1.7461122285308985
STK32B,0.19810550741453706
STK32C,1.4775072334470656
STK33,0.41190385365991034
STK35,4.466406069762331
STK36,7.241970161869629
STK38,5.518179731631163
STK38L,150.74125721879543
STK39,34.62028244668501
STK4,1.0827560227964899
STRA6,0.12712423587195743
STS,18.473011660716175
STT3A,8.69659626711321
STT3B,62.922358037034094
STUB1,101.79750800567285
STYK1,0.01069263747291353
STYXL1,4.909632876641893
SUCLA2,246.05384473635314
SUCLG1,277.98980118346077
SUCLG2,1249.7132858171067
SULT1A1,4.882150169848956
SULT1A2,0.009418487095309729
SULT1A3,0.10447535788769652
SULT1B1,0.0031297859588148387
SULT1C2,0.009801723316227926
SULT1C4,0.4713406673371505
SULT1E1,0.007093984828097034
SULT2A1,3.553854432798619
SULT2B1,0.034513961623337086
SULT4A1,0.00793919738052338
SUOX,8.706494820878323
SUV39H1,2.384928706792598
SUV39H2,0.935185559635066
SYK,0.8192406593744322
SYNJ1,0.08355387247565889
SYNJ2,0.07798140482195276
SYVN1,0.791721246877996
TAF1,10.489940517287993
TALDO1,110.43575378828308
TAOK1,3.8629587374203336
TAOK2,11.846583900941908
TAOK3,10.411992188659807
TARS,155.6672096128129
TARS2,0.9100491169115071
TARSL2,11.51928313228044
TAT,0.003258816124942013
TBCB,159.31879310361296
TBK1,0.909455746451153
TBL1X,36.064910058273384
TBL1XR1,9.957350535372512
TBXAS1,0.384644602000453
TCIRG1,49.82574929192925
TDO2,0.036270215787805926
TECR,79.57661086738742
TECRL,0.004241098501799015
TENT2,0.15316461371698084
TENT4A,0.45357387630786017
TESK1,56.13589404730229
TESK2,8.980810793633765
TFRC,25.28976252679357
TGDS,6.979138904089724
TGFBR1,23.399372958865836
TGFBR2,94.69365961713129
TGM1,0.659943544698071
TGM2,1706.3893085323905
TGM3,0.14509229797669992
TGM4,0.8030397362335248
TGM5,0.07816991357009405
TGM6,0.018105422639918517
TGM7,0.009227109428350868
TGS1,6.536771670581886
TH,0.3942180720015461
THNSL1,1.1396498128488348
THTPA,3.808422904186357
TIAM2,1.3891880688612266
TICRR,0.06220914302248591
TIPARP,9.270620896053053
TK1,0.2485556677552952
TK2,12.254644192056642
TKFC,17.655218887752373
TKT,51.16562175155125
TKTL1,0.032422910764332985
TKTL2,0.010446996296613326
TLK1,14.13839245182692
TLK2,0.44053716770050616
TM7SF2,2.7841068468664627
TMEM91,4.042232936198269
TMLHE,4.681542885082089
TMX3,17.644753708064044
TNFRSF21,0.5573032038433143
TNIK,4.128880446177571
TNK1,0.18641882805404952
TNK2,23.565475400557077
TNKS,6.614422065347932
TNKS2,23.034761596933922
TNNI3K,3.2590198990010344
TNS2,1.434061794943761
TOPORS,7.940761403744139
TP53RK,5.220715662622109
TPH1,2.251485318232586
TPH2,0.0014706443394157487
TPI1,6703.260016670884
TPI1P2,0.037333166573764585
TPK1,1.7296620312658175
TPMT,5.0051393873781445
TPO,0.005671591640240946
TPP1,61.42461876301644
TPSAB1,8.088752838229905
TPSB2,4.0492926724995195
TPSD1,0.7560708999365745
TPST1,6.698745440360494
TPST2,6.049231026412015
TPTE,0.004461366634249436
TPTE2,0.04182084329094902
TRAF7,24.986529398010692
TRDMT1,1.4553277060016796
TREH,0.010002266600942927
TREX1,3.154805415234193
TREX2,4.305626967081228
TRHDE,0.3065972212049531
TRIB3,0.33703703988671013
TRIM11,1.340694490444399
TRIM32,2.186517404239788
TRIM33,6.3753297830769
TRIM63,0.050083322596185836
TRIO,1.479457886596542
TRIP12,12.660888215332223
TRIT1,8.244040729941611
TRMT1,4.862659364858113
TRMT11,14.621187304184371
TRMT1L,5.556755879769036
TRMU,4.276465125111144
TRPM6,0.003090845362735494
TRPM7,7.064349845915029
TSSK1B,0.20447763106973466
TSSK2,0.0231714118888251
TSSK3,1.9351439219150797
TSSK4,0.39356608025788187
TSSK6,0.30517882171813143
TST,4.316349227277218
TSTA3,106.51712528668347
TTC3,30.43216985818572
TTK,0.0037861988650154392
TTL,0.5053419903394276
TTLL10,0.01829914657339955
TTN,0.15028775652193344
TUSC3,0.5351485035381528
TUT1,0.3301647840300327
TUT4,0.6950417161591614
TUT7,0.1907089895411479
TXN,1228.4410914970977
TXN2,34.721519117505494
TXNRD1,119.38834315399781
TXNRD2,5.998346047160308
TXNRD3,1.51106041223892
TYMP,9.277543057213668
TYMS,9.315393853984059
TYR,0.009486637688432723
TYRO3,0.8072137972476366
TYRP1,0.1106286045367897
UAP1,24.641395529511897
UAP1L1,1.0081263851246673
UBA1,357.1565672859425
UBA2,468.07257423716777
UBA3,69.26648666134213
UBA6,55.83963208752027
UBA7,40.80531404927396
UBE2A,59.9959325699193
UBE2B,70.18489159366646
UBE2C,0.1120332666764172
UBE2D1,13.472358346409601
UBE2D2,52.10758966284214
UBE2D3,1005.3859843074566
UBE2D4,11.970172567488566
UBE2E1,45.19986704951139
UBE2E2,13.197786053330976
UBE2E3,14.72378006574737
UBE2F,1.9289452282380033
UBE2G1,29.69694739675548
UBE2G2,10.420447248017293
UBE2H,606.0378170278593
UBE2I,733.5601987509883
UBE2J1,9.79764570459033
UBE2J2,15.168089288770286
UBE2K,508.1827368001721
UBE2L3,2389.766869870474
UBE2L6,29.977353708510886
UBE2M,162.3267526430255
UBE2N,29.02310290875187
UBE2NL,0.3354345050980549
UBE2O,10.745836589356639
UBE2Q1,4.622234877301955
UBE2Q2,4.004322274270884
UBE2QL1,2.5999869723597846
UBE2R2,25.67578142199992
UBE2S,8.89147530914287
UBE2T,0.16604628273267683
UBE2U,0.0074774155951374465
UBE2W,5.764109018506614
UBE2Z,74.88353047567557
UBE3A,31.86736793937143
UBE3B,9.771578190514987
UBE3C,5.75290707370822
UBE4A,0.839929294434201
UBE4B,4.127495247254053
UBLCP1,104.96192605757088
UBR1,0.955416251493192
UBR2,4.546424410728899
UBR3,0.06347009607612586
UBR4,9.059858221089977
UBR5,1.0683320353501142
UBR7,18.298856722800203
UCK1,16.84394479824677
UCK2,2.5798929169586544
UCKL1,24.524995340003027
UCP1,0.02334216722578639
UCP2,6.34986401376866
UCP3,0.2833610711928381
UEVLD,7.9206223639488265
UGCG,8.617703220372867
UGDH,65.65066773649343
UGGT2,12.39370525808881
UGP2,4934.397376708348
UGT1A1,0.5818457107151666
UGT1A10,0.14272264379251745
UGT1A3,1.0114790584917612
UGT1A4,0.0951329295757727
UGT1A5,0.4044927492424471
UGT1A6,0.17846484523713252
UGT1A7,0.817507176308654
UGT1A8,0.1293154038699776
UGT1A9,0.11549856641655931
UGT2A1,0.3354345050980549
UGT2A3,0.003930731704857416
UGT2B10,1.2536713325042186
UGT2B11,0.23720441855058141
UGT2B15,0.006370849520645098
UGT2B17,0.006370849520645098
UGT2B28,0.6936387983112186
UGT2B4,0.7544150219594951
UGT2B7,0.1550237091590488
UGT3A1,0.12021469926971337
UGT3A2,0.010917247949085664
UGT8,0.03548759987990062
UHMK1,4.913299521198404
UHRF1,0.014539301715950182
UHRF2,13.711104846562264
ULK1,39.348135439021675
ULK3,23.13408964090502
ULK4,1.1963673781343427
UMPS,121.33967364753914
UPB1,0.08300182195583826
UPP1,1.571308344848405
UPP2,0.004105125374547543
UPRT,2.2141781384888373
UQCR10,33.22670467327235
UQCR11,82.32890251821243
UQCRB,168.17443592924923
UQCRC1,1234.320489041009
UQCRC2,2658.386966523786
UQCRFS1,277.54477915786373
UQCRH,54.04174564513332
UQCRQ,86.18335645023306
UROC1,0.013892958161854449
UROD,45.77222316036144
UROS,10.66040365476578
USP1,21.32660225464264
USP10,5.7354274317131235
USP11,85.4094770452299
USP12,29.708604287141494
USP13,4.3407916444471555
USP14,103.8441583218907
USP15,7.249153234641692
USP16,46.45917173407684
USP17L2,0.7544524097088302
USP17L22,0.04998256910149056
USP17L30,0.050968258904732194
USP17L5,0.050968258904732194
USP17L9P,0.3354345050980549
USP18,1.5176920580355666
USP19,1.46630089698816
USP2,2.1751726926388164
USP20,17.46432700158068
USP21,17.75475626135594
USP22,50.12279951536565
USP24,1.9880826431668983
USP25,0.22229191074866397
USP26,0.08118014005684498
USP28,9.194544096531937
USP29,0.002914674753787528
USP3,0.699844920078084
USP30,0.29904554572819375
USP31,0.6484190573202889
USP32,0.37372605645407986
USP33,25.652390726131483
USP34,20.522787893046612
USP35,22.96858950062403
USP36,10.312950522513272
USP37,1.1135509492912492
USP38,3.8123774053967794
USP4,3.072187983855808
USP40,0.550283339176278
USP41,0.01834435481333142
USP42,3.3313538645558767
USP43,0.005087153398113091
USP44,0.16838357005909604
USP45,1.6271800475442804
USP46,2.2972027285708014
USP47,8.356945214277811
USP48,0.5944195954651926
USP49,1.1732463717991115
USP51,0.6230435995179453
USP6,0.02534985853306623
USP7,50.13903347992671
USP8,0.9750726206973354
USP9X,7.465841163280084
USP9Y,6.802814288016585
UST,3.862450346421127
UXS1,18.10134721327315
VARS,109.61740294802229
VARS2,52.118003543867786
VKORC1,106.1769333438643
VNN1,0.08495583899212462
VNN2,0.22145177753934772
VNN3,0.02725674111222332
VRK1,20.132467139319065
VRK2,3.028418364015514
VRK3,8.522281719920578
WARS,305.7672602811842
WARS2,11.917314451092619
WDYHV1,6.01741803628312
WEE1,22.481728268540003
WEE2,0.019325375255701886
WNK1,3.8816305655376313
WNK2,3.4193593918738685
WNK3,0.1293669930370955
WNK4,0.00374288084799943
WWOX,7.103746191275732
WWP1,13.883209579489332
WWP2,0.5473692539580038
XDH,0.007012374380289764
XPO6,0.2961972913108613
XPO7,26.067108325589466
XYLB,0.5449656323336041
XYLT1,3.6646653801259643
XYLT2,8.33884604802176
YARS,531.363130804002
YARS2,15.171191311278289
YES1,10.115426689144424
ZADH2,3.7462000621750993
ZAP70,0.22725795320594888
ZC3HAV1,1.8954073179012165
ZNRD1,7.065478480101158
ZNRF1,4.127699155881636
ZNRF2,1.5808324237291398
ZSWIM2,0.002247687197624111
