A4GALT,2.6123609780481765
A4GNT,0.21321462884586356
AACS,72.89033628898483
AADAC,0.006660416696466043
AADAT,11.694880157978297
AAK1,96.43859467691043
AANAT,0.1437436911346915
AARS,882.6745690603576
AARS2,8.928627226225794
AASDH,4.010735760369498
AASDHPPT,43.042842473189985
AASS,4.318073868234563
AATK,114.23499934530554
ABAT,205.83075125005698
ABCA1,2.4579403130187525
ABCA3,67.57912767564528
ABCA4,0.151763334725182
ABCA8,3.5970116395260416
ABCB1,18.680159962871397
ABCB11,0.04664320692677182
ABCB4,0.041299062410085054
ABCB6,73.86697205731416
ABCC1,0.27901973669892677
ABCC11,0.11109377482800913
ABCC2,0.02376781661122145
ABCC3,0.07298871252185815
ABCC4,0.2843604490448239
ABCC5,36.353259644429514
ABCC8,48.897897645090744
ABCC9,3.2786946174577203
ABCD1,1.6454905690023238
ABCD2,6.443787813987222
ABCD3,47.2453157743795
ABCG2,42.96251884348524
ABCG5,0.07753903419142173
ABCG8,0.28293629549686145
ABHD12,76.8370625213863
ABHD5,3.2937384219713257
ABHD6,16.437757512559717
ABL1,30.3466426611204
ABL2,3.8958060931537353
ABO,0.9080659503000974
ACAA1,61.05593201834587
ACAA2,71.77523916583175
ACACA,32.99376907867045
ACACB,10.310118014311538
ACAD10,4.945813941157553
ACAD11,2.0225554864751234
ACAD8,44.70294301465905
ACAD9,241.61757685306682
ACADL,0.40435195322086614
ACADM,55.379956649513744
ACADS,20.285279706048435
ACADSB,161.7877854339825
ACADVL,717.2749174415002
ACAT1,20.4186592307055
ACAT2,21.13392655533859
ACE,1.7695437506662897
ACE2,0.018599557846424024
ACER1,0.00809801206250325
ACER2,1.0426039449041589
ACER3,7.571192983269123
ACHE,17.07096310734491
ACLY,48.25325679788523
ACMSD,0.003511774543807931
ACO1,16.559330349738396
ACO2,239.37218293328746
ACOT1,2.740546640110038
ACOT11,1.6934477195095363
ACOT12,0.01194762208617626
ACOT13,14.115466301292486
ACOT2,7.706457689830358
ACOT4,3.9416710897334277
ACOT6,0.2467972055222749
ACOT7,129.88731433785088
ACOT8,43.12535621734678
ACOX1,5.464817491554991
ACOX2,3.761909975240632
ACOX3,6.306726503045879
ACP1,5435.526071748987
ACP2,8.305605459935027
ACP4,0.0036202735317779565
ACP5,0.055001678799060455
ACP6,5.480368603509158
ACP7,0.44999467512671487
ACPP,0.002163081618865123
ACSBG1,58.449639797429896
ACSBG2,0.059511063166110656
ACSF2,7.211386200458056
ACSF3,4.919907403960185
ACSL1,11.185795366936308
ACSL3,14.062506786031882
ACSL4,4.757894980452923
ACSL5,2.335675333272981
ACSL6,61.175116875234046
ACSM1,0.08108858120767815
ACSM2A,0.0585122933778039
ACSM2B,0.06320048198640206
ACSM3,0.023386085442659077
ACSM4,0.008230833140090103
ACSM5,2.4921800040517517
ACSS1,53.588289906123485
ACSS2,16.165359512208713
ACSS3,14.889284397336358
ACVR1,8.271304345895773
ACVR1B,38.31290905100426
ACVR1C,1.4157218781362617
ACVR2A,2.8927998703095716
ACVR2B,1.6261841120647558
ACVRL1,3.7477393680732014
ACY1,166.13471496434346
ACY3,14.565695998327127
ACYP1,21.76512814267062
ACYP2,10.467909850637636
ADA,2.2961126806018473
ADCY1,53.90501892904027
ADCY10,0.022536879536177064
ADCY2,47.47156383595569
ADCY3,13.382602761070448
ADCY4,1.6797082605068294
ADCY5,29.92707055338137
ADCY6,18.161860595946674
ADCY7,0.8095608497931243
ADCY8,4.646347272784485
ADCY9,7.838909585705097
ADH1A,15.260920881477592
ADH1B,0.7526719221008435
ADH1C,0.020019435092782006
ADH4,3.1026068878428408
ADH5,537.7283465384099
ADH6,0.0031565295518363127
ADH7,0.3050096348415828
ADHFE1,22.332856388177188
ADI1,44.903315802183705
ADK,11.442443429981354
ADO,27.415861840809676
ADPGK,50.217290375826195
ADPRH,4.272948636062049
ADSL,174.218408473243
ADSS,137.49748512107647
ADSSL1,3.6194453214406264
AFMID,14.526394169181394
AGA,35.449219531580724
AGK,22.264523677979888
AGL,0.6229662827065625
AGMAT,0.6130942824447989
AGPAT1,17.801117099931112
AGPAT2,27.87700901874989
AGPAT3,50.335403458371346
AGPAT4,1.3615702999489145
AGPAT5,19.489925808581123
AGPS,21.544603277159872
AGT,370.6210592772182
AGXT,1.1981950333722313
AGXT2,0.0016093943818835594
AHCY,3304.5649691590443
AHCYL1,160.203272955955
AHCYL2,26.86098605583938
AICDA,0.02460038993500046
AK1,806.2260104938931
AK2,342.8086377685764
AK3,83.94342778015005
AK4,610.8327910903294
AK5,113.70733901463623
AK7,0.16944574246550373
AKR1A1,96.44851586515617
AKR1B1,121.36782213240568
AKR1B10,0.041469624578642054
AKR1B15,0.006558406400660752
AKR1C1,0.6842707066403912
AKR1C2,1.7683841543503445
AKR1C3,14.817741387429162
AKR1C4,5.522781755496033
AKR1C8P,0.3354345050980549
AKR1D1,3.5763124860476507
AKR7A2,373.9073917775488
AKR7A3,2.7692533014922014
AKT1,3.785962477858326
AKT2,1.6144929086304574
AKT3,28.07057592012123
ALAD,824.9713426313413
ALAS1,26.508259678048258
ALAS2,0.17411834545850238
ALB,0.5281947996076032
ALDH18A1,114.04323261201448
ALDH1A1,170.23441347799005
ALDH1A2,0.16333016134862904
ALDH1A3,3.3967962974979473
ALDH1B1,4.348990501952795
ALDH1L1,45.94606050355367
ALDH1L2,1.1944561812698742
ALDH2,4308.890795143057
ALDH3A1,0.06983290217122295
ALDH3A2,103.60708990410427
ALDH3B1,1.9815112499393148
ALDH3B2,0.07628165814240663
ALDH4A1,161.29482543472616
ALDH5A1,86.64615084333283
ALDH6A1,196.3778394967393
ALDH7A1,164.48257631363742
ALDH9A1,1167.9128644505713
ALDOA,5427.024022653028
ALDOB,0.2747139574732209
ALDOC,3206.778287553368
ALG1,3.2227843827956626
ALG10,0.25922977886049026
ALG11,0.2413924589248101
ALG12,3.2078277529793713
ALG13,8.582824359974872
ALG14,0.8531808302859435
ALG1L,2.0451244280269956
ALG1L2,0.05550827146161656
ALG2,50.22100618869612
ALG3,1.3416756535539631
ALG5,20.980190585190797
ALG6,1.6991812844746785
ALG8,7.847531118103529
ALG9,3.7392438469985394
ALK,0.5173839857578946
ALLC,0.05801299129139141
ALOX12,0.26083005795512676
ALOX12B,1.610330369072452
ALOX15,0.2061749497869911
ALOX15B,0.8086193909084234
ALOX5,0.5527987935939643
ALPG,2.1334538652401167
ALPI,0.09522613776587274
ALPL,14.630124314291969
ALPP,0.12394730653401177
AMACR,281.05936314230667
AMD1,84.78760741048465
AMDHD1,0.225505841468401
AMDHD2,14.764654635380888
AMFR,0.46849074331573737
AMHR2,0.06348622862741445
AMN,0.04309924632358182
AMPD1,0.11167496795558433
AMPD2,38.739928891520044
AMPD3,7.2483465412840555
AMT,21.35878723183421
AMY1A,2.6438139326066277
AMY1B,2.6438139326066277
AMY1C,2.6438139326066277
AMY2A,3.9761634755305564
AMY2B,17.453927363325878
ANAPC11,71.55762600257633
ANGPTL4,13.531929707828551
ANKRD1,0.6070688868456022
ANPEP,1.5105238252484579
ANXA3,128.6558254748369
AOAH,0.43589577053697326
AOC1,0.01422461806442714
AOC2,1.351641604875602
AOC3,1.1188690894134328
AOX1,0.10948819670280971
APOA1,0.37483062268670664
APOA2,0.10827433763853124
APOA5,0.005427523299905188
APOB,0.0015149996358523948
APOC1,33.58030319002047
APOC2,0.4686297301078007
APOC3,46.87519708233557
APOE,5237.902624869724
APRT,372.15443807745623
AQP1,8.260812764728062
AQP10,0.0016779986448629228
AQP2,0.002387492844724628
AQP3,0.1773777949248474
AQP4,315.5798855591434
AQP5,1.2947590833178324
AQP7,0.4263426958826324
AQP8,0.5951525901834548
AQP9,0.7269328042089624
ARAF,0.5195771097583094
ARCN1,172.4277038389883
ARG1,0.09066898525952932
ARG2,5.065141999574555
ARSA,27.268966975986935
ARSB,1.954666732514264
ART1,0.00793554496462474
ART3,3.7590747142081815
ART4,0.0005564806946627682
ART5,0.029224606470693658
AS3MT,9.830942147449163
ASAH1,103.97511505733414
ASAH2,0.010873795248888764
ASH1L,0.03392421669983369
ASL,153.18579054299684
ASMT,0.052033670707479975
ASNS,1473.1126665888144
ASPA,11.174424854934449
ASPG,0.03956167328681048
ASPH,225.8612908521117
ASRGL1,99.27054886389442
ASS1,273.4754335321941
ATE1,7.723650218257258
ATIC,458.86376261371834
ATM,0.9023815324665352
ATP10A,2.256427518218055
ATP11A,4.149817489613893
ATP11C,0.703247508732118
ATP1A1,140.565177179697
ATP1A2,3201.6446712113143
ATP1A3,663.4537130312328
ATP1A4,0.3536719285654111
ATP1B1,1649.8270620657913
ATP1B2,1226.6532902562687
ATP1B3,61.46756015068749
ATP1B4,0.020317090524169256
ATP2B1,101.75629973385355
ATP2B2,257.8168808085114
ATP2B3,20.129965091754116
ATP2B4,47.38801306182216
ATP4A,1.3172194548338452
ATP4B,0.2703572249398832
ATP5F1A,124.53265572432873
ATP5F1B,167.30632217246165
ATP5F1C,21.50971022167614
ATP5F1D,155.46511749348954
ATP5F1E,125.55773209538297
ATP5MC1,4.311892001287344
ATP5MC2,2.868050998110428
ATP5MC3,5.997867959791037
ATP5ME,117.38991896387836
ATP5MF,1.481717785000078
ATP5MG,179.57272888452187
ATP5MGL,23.718922705117464
ATP5PB,5.524565248774745
ATP5PD,6.7181129554220975
ATP5PF,4.959033242795014
ATP5PO,42.13932100131758
ATP5S,0.3354345050980549
ATP6V0A1,8.305093523373865
ATP6V0A2,0.8211003227798531
ATP6V0A4,0.20297671000716133
ATP6V0B,190.7472439806315
ATP6V0C,1631.2152447179274
ATP6V0D1,781.2410613437914
ATP6V0D2,0.1314675993445951
ATP6V0E1,84.78760741048465
ATP6V1A,496.6297896007769
ATP6V1B1,0.09521801401856526
ATP6V1B2,2413.0597869049825
ATP6V1C1,72.19272923738473
ATP6V1C2,0.6627534749672674
ATP6V1D,80.32776956912103
ATP6V1E1,600.5326774651586
ATP6V1E2,1.7164128999517487
ATP6V1F,134.80072469070143
ATP6V1G1,82.987540080323
ATP6V1G2,950.3192029898897
ATP6V1G3,0.2330917175245828
ATP6V1H,56.09211553440203
ATP7A,0.49115576262021743
ATP7B,1.4497057364545975
ATP8A1,40.6199851253624
ATP8B1,1.1715382219498018
ATP8B2,17.624857893161213
ATR,0.034318558184904084
AUH,6.487413982433256
AURKA,0.013855481705347979
AURKB,0.03813397040707305
AURKC,1.4255660184923709
AWAT1,0.0633604788899994
AWAT2,0.0043072804542775645
AXL,0.09728682349183487
AZIN2,0.7963414524148358
B3GALNT1,16.54284812990203
B3GALNT2,0.8265568495160379
B3GALT1,6.996423096347545
B3GALT2,16.922645731601065
B3GALT4,3.417509038705956
B3GALT5,0.12239044879314588
B3GALT6,20.041356854082096
B3GAT1,184.68036515601193
B3GAT2,6.316490524590981
B3GAT3,97.98432654808056
B3GLCT,0.7866139610071975
B3GNT2,8.814589512801524
B3GNT3,0.023697954430500788
B3GNT4,2.449083989018765
B3GNT5,0.24920187220274
B3GNT6,0.005820869219521846
B3GNT7,2.7132193437556613
B3GNT8,0.10629582850684872
B3GNT9,2.705424961943475
B3GNTL1,2.187424764721152
B4GALNT1,69.32958918317645
B4GALNT2,0.0018789283153488512
B4GALNT3,3.6545721911712645
B4GALNT4,223.69500680323827
B4GALT1,1.983902002572496
B4GALT2,121.7256787001257
B4GALT3,20.4186592307055
B4GALT4,2.654907552053888
B4GALT5,26.89061357840756
B4GALT6,9.31997626945035
B4GALT7,26.842739631341693
B4GAT1,2.277812689362301
BAAT,0.24118784490902223
BARD1,0.6069816789124994
BBOX1,25.535182351021973
BCAP31,1873.254871014001
BCAT1,2.8650746594220537
BCAT2,19.402078293125733
BCHE,3.566226110408724
BCKDHA,7.565729127470402
BCKDHB,10.38251585837269
BCKDK,25.252221788128843
BCO1,0.06461878427195712
BCR,1.7434748639255566
BDH1,33.529508414629134
BDH2,70.5960315645042
BHMT,0.1687632825942668
BHMT2,7.811337659389576
BIRC6,3.8229995995163346
BLK,0.014598062253811153
BLVRA,727.6751271479426
BLVRB,603.8537517728462
BMP1,6.186635469960152
BMP2K,0.3064403551369068
BMPR1A,2.8321614393060304
BMPR1B,10.5333106526305
BMPR2,18.032588834743137
BMX,0.02941910919910629
BPGM,16.89511950008874
BPNT1,7.445070460154227
BRAF,11.008012150657276
BRAP,0.30024303575679034
BRPF1,4.8833952734909
BRSK1,674.1628244135424
BRSK2,120.40301350546807
BSCL2,513.7753053080669
BSG,203.53710812720536
BTD,3.1888188838859786
BUB1,0.011578594771125005
BUB1B,0.01673992569040042
C1GALT1,7.044973638191299
CA1,0.05040889802997852
CA12,1.6012896956991027
CA13,17.419419918900928
CA14,3.1050002082988604
CA2,162.87897003218006
CA3,0.9806571804951945
CA4,19.908640027263413
CA5A,0.3835239579775251
CA5B,0.5605206185559064
CA6,10.425839500790367
CA7,15.562103774907461
CA8,4.604403115450655
CA9,0.25784036734323257
CAD,28.47945235000662
CALM1,4407.263890797879
CAMK1,44.85588260058841
CAMK1D,80.52523034926575
CAMK1G,105.18216018020759
CAMK2A,3520.500833406431
CAMK2B,259.26081505748493
CAMK2D,449.61207865318414
CAMK2G,68.5874170203739
CAMK4,9.863919504056645
CAMKK1,139.15163995699416
CAMKK2,267.351022224572
CANT1,7.287369257064505
CARM1,20.599197114991306
CARNS1,59.80824210373755
CARS,15.29367409202912
CARS2,11.963964844006602
CASK,17.310601067672092
CAT,80.86640261110679
CBLC,0.04751046416268429
CBLL1,6.189873074825442
CBLL2,0.027434690025870352
CBR1,114.93955751529845
CBR3,189.09792887384333
CBR4,72.77300196803736
CBS,55.58322470545959
CBSL,0.3354345050980549
CBX1,237.24793900350383
CCNB1IP1,17.946544509017166
CD36,0.15182361695842
CD38,1.851215156902266
CDA,21.744275931594007
CDC14A,1.477267757642831
CDC14B,9.280279977750439
CDC25A,0.08878247987793107
CDC25B,39.42218255884699
CDC25C,0.07348514944346016
CDC34,15.060414652514467
CDC42BPA,4.704022329910649
CDC42BPB,6.586613617674444
CDC42BPG,0.0572677862516288
CDC7,6.030155499191494
CDIPT,225.3404228604008
CDK1,0.40881940781262716
CDK10,45.64255843629642
CDK11A,12.196360628175151
CDK11B,17.903563492419853
CDK12,2.709321406119
CDK13,13.763755050252888
CDK14,48.11341952054652
CDK15,0.0020091903616065742
CDK16,148.3191284733276
CDK17,39.183771942850704
CDK18,47.610902208586865
CDK19,17.989552966681163
CDK2,0.8752176587927771
CDK20,26.293828193264186
CDK3,9.604567362484897
CDK4,3.718317052309703
CDK5,224.70232143966896
CDK6,6.809338046527851
CDK7,103.53301140698909
CDK8,8.448443301223925
CDK9,118.54353688508363
CDKL1,1.5305717803044547
CDKL2,1.9362334082397183
CDKL3,1.7406147483397298
CDKL4,0.02729869355657012
CDKL5,0.49842324123952564
CDKN3,1.2830353101895542
CDO1,47.861985163891326
CDS1,23.31837940596354
CDS2,24.128846146471613
CDY1,0.256335927830294
CDY1B,0.256335927830294
CDY2A,0.04923577690024244
CDY2B,0.04923577690024244
CEL,24.68883168991672
CEPT1,1.2107773033328835
CERCAM,151.9154258362067
CERK,33.656533744139345
CERS1,213.65217590609683
CERS2,24.501789767120602
CERS3,0.0017657349074001116
CERS4,28.483087043987577
CERS5,32.39207132937991
CERS6,6.891260342702091
CES1,0.2974792551177311
CES2,40.03319952120146
CES3,1.671707365401763
CES5A,0.09987962017943154
CFTR,0.04015268919488375
CH25H,7.636177365448737
CHAT,0.014545141103376102
CHD9,3.640510598923406
CHDH,13.051694782940423
CHEK1,0.38300029613454295
CHEK2,0.23832811170027737
CHFR,7.2097000999923235
CHI3L1,49.826782297902994
CHIA,0.34819723870797287
CHIT1,0.04888708989379895
CHKA,17.37889385181948
CHKB,54.56887354041159
CHMP4A,63.903184322630885
CHPF,82.51996036043401
CHPF2,10.855426715690333
CHPT1,25.51157024390774
CHST1,162.41489113994646
CHST10,44.26979291414815
CHST11,10.25266742231186
CHST12,12.576122330298185
CHST13,0.28792914763628524
CHST14,0.3040435330688799
CHST2,26.293828193264186
CHST3,3.4840144526227816
CHST4,0.016303192028539824
CHST5,1.8688432563856028
CHST6,1.1808994500436165
CHST7,24.525149274617032
CHST8,5.7855256361729035
CHST9,0.19616848646485507
CHSY1,4.313662006581885
CHSY3,2.052359561247895
CHUK,0.8931571710401784
CHURC1-FNTB,3.2507362769424972
CIDEA,1.7811508399419207
CINP,1.1063577825835136
CIT,77.46247437421043
CKB,9180.774386251373
CKM,3.1238749565738524
CKMT1A,17.81768390554225
CKMT1B,132.40703021416937
CKMT2,10.557566151950343
CLC,1.416608020365395
CLCF1,0.3770565861689862
CLK1,5.077252189202553
CLK2,20.174308235935488
CLK3,0.9289818350202744
CLK4,1.257405795449788
CLOCK,4.7169806445204765
CLPS,85.43850467162775
CLTRN,0.5786685643266595
CLYBL,1.8488681096624235
CMA1,0.02906925210366064
CMAHP,3.0391794875433136
CMAS,175.6197935631678
CMPK1,666.875588672164
CMPK2,1.564140837092338
CMTR1,26.341439522329896
CNDP1,37.15992261874961
CNDP2,88.84440415640424
CNOT4,7.4246714375637435
CNP,317.1035634971548
COASY,718.1195299367739
COL4A3BP,3.716960342340703
COLGALT1,16.458761357922587
COLGALT2,17.134633115680877
COMT,88.17529450154373
COMTD1,315.98148011866556
COP1,0.4785008438550989
COPA,279.84271684212075
COPB1,94.58129807247627
COPB2,41.20241540015942
COPE,556.1658104645371
COPG1,182.61370179782313
COPG2,112.47422972602682
COQ2,1.5005263096112902
COQ3,19.008077461425643
COQ5,2.605089569764169
COQ6,9.208220728822793
COQ7,0.2245084933409027
COX1,7.766401376158287
COX17,39.528266392933915
COX2,5.3369352212394165
COX3,0.33446363282071023
COX4I1,1289.4990239484368
COX4I2,3.6573862419044234
COX5A,363.4979574239642
COX5B,1400.0352225440683
COX6A1,63.241630972215134
COX6A2,0.9451568135762739
COX6B1,125.06113564012895
COX6B2,0.011260880956002722
COX6C,225.76112923845312
COX7A1,60.19369802523776
COX7A2,112.08863121652061
COX7A2L,37.44728827940427
COX7B,126.51169634268997
COX7B2,0.3354345050980549
COX7C,291.0648227868192
COX8A,2016.8187891981697
COX8C,0.7410518340738615
CP,0.058762846510637075
CPA1,104.28791180834125
CPA2,13.478121165191837
CPA5,0.0265192778496885
CPA6,0.05651024032218487
CPOX,77.81598415624329
CPS1,1.0607764066281333
CPT1A,0.43977509824983513
CPT1B,22.81274182940125
CPT1C,57.48013605144096
CPT2,50.11675029220335
CRAT,16.664499622524136
CREBBP,0.17290162367827835
CRLS1,12.188603194728303
CROT,10.386469794149123
CS,4944.563348891773
CSAD,22.92739990765079
CSF1R,7.167581757729544
CSGALNACT1,20.77547280921287
CSGALNACT2,11.218028539297821
CSK,21.156384073695346
CSNK1A1,24.19711398451445
CSNK1A1L,1.680314482853118
CSNK1D,82.45541162544865
CSNK1E,5.899298849291764
CSNK1G1,1.9279232402765762
CSNK1G2,91.85342071239498
CSNK1G3,7.540462617413853
CSNK2A1,375.10474932960375
CSNK2A2,242.29697781733728
CSNK2B,488.5791519657091
CTBP1,108.82786215699014
CTDP1,1.2715383363636297
CTDSP1,23.157174595849895
CTDSP2,90.1968092658104
CTDSPL,16.20718789560072
CTDSPL2,1.5169216839828095
CTGF,0.3354345050980549
CTH,3.9804806483026898
CTPS1,4.4480204986257315
CTPS2,2.7757886436591233
CTSA,219.3064789264177
CTSB,299.58652500950035
CTSC,1.1014570010563294
CTSD,727.807942154127
CTSE,0.008948794744541803
CTSF,218.9093419786533
CTSG,0.04057626889224579
CTSH,81.84287061394951
CTSK,4.421357116816785
CTSL,3.573555522035471
CTSO,15.149651866085401
CTSS,1.6877193215349462
CTSV,0.13730676401496802
CTSW,0.2689408064218959
CTSZ,5.312721243885367
CUBN,0.21936562496499698
CWC27,12.349838832898138
CYB5D1,15.37613524622342
CYB5R1,18.4427908635931
CYB5R2,3.387141842172457
CYB5R3,2916.2707822834436
CYBB,1.5945180991813694
CYBRD1,23.89653234112147
CYC1,823.6925677551311
CYLD,5.759274169828809
CYP11A1,1.3949996517921586
CYP11B1,0.08561019986287545
CYP11B2,0.02394455424536984
CYP17A1,0.3296541687919998
CYP19A1,0.3354345050980549
CYP1A1,0.22798795997477458
CYP1A2,4.881250664873969
CYP1B1,2.166590907419416
CYP21A2,0.5170497203935335
CYP24A1,0.19166426384942534
CYP26A1,0.2614569677250943
CYP26B1,4.550624187288655
CYP27A1,32.92157366473522
CYP27B1,0.12909816749547295
CYP2A13,0.04638837469548625
CYP2A6,0.05490970411242261
CYP2A7,0.0613031517002189
CYP2B6,0.0048407261323557054
CYP2C18,0.04610049465338468
CYP2C19,0.011396755566451072
CYP2C8,4.5372057922354205
CYP2C9,0.002943677575376855
CYP2D6,2.67430729404483
CYP2E1,9.606387336177814
CYP2F1,0.005136780606169795
CYP2J2,10.071613762295401
CYP2S1,0.1272541233882507
CYP2U1,8.20491764939888
CYP39A1,0.259090748221501
CYP3A4,0.0447454532050942
CYP3A43,0.03394488473130321
CYP3A5,0.1456482649699016
CYP3A7,0.013647109828466857
CYP46A1,61.264546138493486
CYP4A11,0.13754158832568464
CYP4B1,0.03755322206320507
CYP4F11,3.984799068860266
CYP4F12,0.010280875067131452
CYP4F2,0.10563849080445224
CYP4F22,0.0035538334976453045
CYP4F3,0.1698183023696074
CYP4F8,0.004891351748766339
CYP4V2,19.117305971419505
CYP4X1,13.595776679243441
CYP4Z1,0.454281443218761
CYP51A1,43.54503026177836
CYP7A1,0.007875189160134027
CYP7B1,0.3687846554596935
CYP8B1,0.01656324099305005
CYTB,10.283962318241796
DAD1,693.4406687310234
DAGLA,32.643930019874674
DAGLB,15.541411213204306
DAO,0.012511541174317457
DAPK1,15.665676483306308
DAPK2,2.6432857908717966
DAPK3,5.7758860433578505
DARS,5204.4224624582
DARS2,2.9418215421261666
DBH,0.9100082114343475
DBI,439.1334784207966
DBT,4.128002861409772
DCK,14.196261534567583
DCLK1,413.6631854421851
DCLK2,74.08643241372535
DCT,1.0085079166128508
DCTD,17.213769820373717
DCTPP1,17.411264152237717
DCXR,278.8500814589916
DDAH1,633.9494829608559
DDAH2,60.70384282896955
DDC,0.04875341104975662
DDO,3.4078389183779967
DDOST,359.5810488566164
DDR1,62.550177233440465
DDR2,5.844436661829759
DECR1,47.80615855322972
DECR2,13.037872688692527
DEGS1,11.45742559017781
DEGS2,3.763327819293642
DERA,26.16505902809813
DGAT1,60.7284932605554
DGAT2,2.696339072417409
DGKA,17.796231207655012
DGKB,6.814743633759963
DGKD,7.090256148769145
DGKE,5.672927160631851
DGKG,5.606598075199866
DGKH,1.3054416630798371
DGKI,2.702828162689729
DGKQ,27.58732917341858
DGKZ,478.8982983062102
DGUOK,36.12980227988714
DHCR24,6.377465843296706
DHCR7,35.24219936537814
DHDH,0.6186095465884833
DHFR,289.9350729755039
DHODH,1.943363981525061
DHRS2,0.07338579036186527
DHRS3,18.92081484574893
DHRS4,120.77475287689703
DHRS9,0.04409367213740477
DIO1,0.010196554709508022
DIO2,49.855002900697464
DIO3,0.8057967664548201
DLAT,501.02273555202123
DLD,1010.3150435129876
DLST,268.2058807199055
DMGDH,1.0688798409654694
DMPK,67.79345333375265
DNAJC6,80.30083775155927
DNMT1,8.26970136827756
DNMT3A,2.8229639183270656
DNMT3B,0.64505192317204
DNMT3L,0.03798289307998578
DOLPP1,14.624017100578905
DOT1L,5.609751886541075
DPAGT1,14.471557906778495
DPEP1,0.009754913677259993
DPEP2,0.36390592529446025
DPEP3,0.02296590372054094
DPH5,31.778863799728747
DPM1,977.5988236929882
DPM2,70.93684565597745
DPM3,31.744027087752087
DPYD,1.5238813068638992
DPYS,0.8522261107366453
DPYSL2,15710.221778518908
DPYSL3,75.31268752903293
DSTYK,14.752411057891829
DTYMK,12.06546255036539
DUOX1,0.25936882936725436
DUOX2,0.005737584819815406
DUPD1,0.023426382908296715
DUSP1,388.55415759607087
DUSP10,1.9338581030021138
DUSP11,4.331316658228195
DUSP12,7.652034907388817
DUSP13,0.06512172459593572
DUSP14,2.0864277212195463
DUSP15,2.1776139802330348
DUSP16,5.152820386953279
DUSP18,0.8512716760386893
DUSP19,2.052359561247895
DUSP2,15.396768981398688
DUSP21,0.08186674790155296
DUSP22,14.23861663248207
DUSP23,24.80592506975734
DUSP27,0.15934766743926437
DUSP28,4.282812657495847
DUSP3,408.2604121330202
DUSP4,2.0789464880434947
DUSP5,10.619204483224868
DUSP6,45.58743385621418
DUSP7,24.80592506975734
DUSP8,108.77937456735232
DUSP9,4.363421050328972
DUT,311.33955289672963
DYRK1A,19.9749690758548
DYRK1B,26.032376755643995
DYRK2,1.574249286628917
DYRK3,0.7693437168541885
DYRK4,5.318485417653041
DZIP3,23.919736760596432
EARS2,1.0864328050279406
EBP,240.84321387662118
ECH1,219.9564674291954
ECHDC2,18.57283756828487
ECHS1,348.6447757355863
ECI1,35.73199975773761
ECI2,49.34768437060681
EGFR,1.566874967556069
EHHADH,1.5395045427939005
EHMT1,0.4953538825545141
EHMT2,4.445746973100324
EIF2AK1,74.40024781956151
EIF2AK2,44.57424927668042
EIF2AK3,3.267765202705324
EIF2AK4,0.27806074227848326
EIF4EBP3,40.780411655984
ELOVL1,6.758149499276836
ELOVL2,20.351940358930474
ELOVL3,0.8369894396396518
ELOVL4,28.775234004668174
ELOVL5,2.4783863805263837
ELOVL6,7.52510992877102
ELOVL7,9.754109567258055
ELP3,2.9130969438204826
ENGASE,14.022787650122028
ENO1,2813.0685224602194
ENO2,1100.5978011980255
ENO3,28.552951249737756
ENOPH1,791.2053687756483
ENPP1,0.1674005675827072
ENPP2,46.3884727377969
ENPP3,0.09098442795848533
ENPP6,1.3365528131851272
ENPP7,0.2621620114119895
ENTPD1,5.734704059599855
ENTPD2,10.787793472291892
ENTPD3,8.374660135182925
ENTPD4,26.151132023751018
ENTPD5,1.84652185591351
ENTPD6,94.85543235731686
ENTPD8,0.00804008429099649
EP300,2.034244803615059
EPHA1,0.21492251547875588
EPHA10,6.697090125590136
EPHA2,0.39800257602996303
EPHA3,1.520539000291567
EPHA4,32.97212157100585
EPHA5,1.8735515914434222
EPHA6,0.22818952976570772
EPHA7,1.387385708335506
EPHA8,0.36428645222338923
EPHB1,11.5914332661688
EPHB2,0.13141174030709304
EPHB3,3.5564455148486815
EPHB4,0.17298528261628598
EPHB6,302.6852860142755
EPHX1,166.72102924647453
EPHX2,11.952635074705867
EPM2A,9.85842123517323
EPRS,34.293573652318514
EPX,0.16363758943448012
ERBB2,0.10919185813495946
ERBB3,8.688537337971018
ERBB4,6.11390888774797
ERN1,0.632410953931882
ERN2,0.011466369933607713
ESD,666.8113315056936
ETFA,1817.2970086359098
ETFB,1228.6685132547173
ETFDH,26.11500664822828
ETNK1,12.517495873596177
ETNK2,3.513217648599766
ETNPPL,220.12413097722754
EXT1,2.4934505613866524
EXT2,13.701699070240101
EXTL1,75.31230640952481
EXTL2,25.3632921838709
EXTL3,32.04034424783528
EYA1,1.916068111594735
EYA2,7.107047046797482
EYA3,1.710108873236222
EYA4,0.14905725401521452
EZH1,62.73013195333235
EZH2,0.013611065355525186
F13A1,0.8598718304812227
F13B,0.952082265681838
F2,0.004790241178276268
FAAH,37.39499612815035
FAAH2,0.8925677747911002
FABP1,0.38839365306608814
FABP12,0.07361943011456162
FABP2,2.0423800119197857
FABP3,328.756356182276
FABP4,0.982639615222539
FABP5,1204.22733447848
FABP6,15.088039340995092
FABP7,64.53721897309798
FABP9,1.0553661478381027
FADS1,31.789738265243734
FADS2,13.223789186062042
FADS3,2.302758191651224
FADS6,4.507424979060164
FAH,3.566226110408724
FAM20B,27.15432585211276
FANCL,10.505342017820078
FAR1,37.69961586401625
FAR2,3.763327819293642
FARS2,1.5177340849370353
FARSA,1936.5634734485013
FARSB,3.793420823300387
FAS,4.1425425438991335
FASN,98.45767787457626
FASTK,130.0330321889819
FAXDC2,41.881148247054945
FBP1,0.23135363850783053
FBP2,0.02394086865538122
FDFT1,57.33361905253554
FDPS,19.533889185553573
FDXR,7.39038220481366
FECH,9.206421166140856
FER,2.4668051465249397
FES,5.399497375238762
FGA,6.990622680771628
FGFR1,21.787762358379336
FGFR2,42.31281486841109
FGFR3,444.6854560169361
FGFR4,0.36185291247553736
FGGY,1.4596121264509772
FGR,2.7862537209859597
FH,1050.7037448169162
FHIT,2.801970985280042
FHL2,4.299894745015235
FIG4,24.059089152592705
FITM1,0.1767497280813462
FITM2,5.240898054514465
FKBP10,19.974633236252505
FKBP11,4.901642281518536
FKBP14,3.2951793266137326
FKBP1A,713.1905211865213
FKBP1B,96.73625904654888
FKBP2,1257.0857744197237
FKBP3,1819.15139166389
FKBP4,513.6344033714623
FKBP5,0.8451836217737234
FKBP6,0.11533696270290493
FKBP7,3.4871097164682734
FKBP8,186.46415797902668
FKBP9,60.458714991637684
FKBP9P1,0.3354345050980549
FLAD1,5.791387434585343
FLT1,13.035898422345749
FLT3,0.625895725220038
FLT4,0.6222936878203326
FLVCR1,2.309796929878452
FMO1,0.011224721156076005
FMO2,0.49552936152878313
FMO3,0.5162978338068267
FMO4,0.4373335850653273
FMO5,0.6159815892903685
FMO6P,0.3354345050980549
FN3K,65.81027216727031
FN3KRP,45.94606050355367
FNTA,37.07164603219944
FNTB,14.836129391685594
FOLR1,0.5163813623645496
FOLR2,1.3387055902771139
FOLR3,0.024143800261519643
FOSL1,0.2257738293927891
FPGS,0.9207857870134585
FPGT,2.0378961074515898
FRK,0.13094925591873913
FRMPD2,1.3743591108628461
FTCD,8.17526453532947
FTMT,0.3764543508002139
FUCA1,7.280606621721983
FUCA2,7.708173985383985
FUK,6.196349638071975
FUT1,2.38356197629344
FUT10,1.7556419762371152
FUT11,5.032940722965668
FUT2,0.5336646025343699
FUT3,0.0030156023508329855
FUT4,0.3697777595075367
FUT5,0.023441041113693155
FUT6,0.0008693728456943061
FUT7,0.14445712345775827
FUT8,1.0643253520495282
FUT9,12.884119542878556
FYN,258.7810134089487
G0S2,6.833020392018761
G6PC,0.2573661812362027
G6PC2,0.007297261984338883
G6PC3,65.00091472432005
G6PD,449.8773023580583
GAA,37.02949704786408
GAD1,40.13971849840093
GAD2,25.299323514762996
GAK,3.344468876542225
GAL3ST1,5.404181083475172
GAL3ST2,0.1411358494623257
GAL3ST3,11.783194357785785
GAL3ST4,4.869721924052282
GALC,14.672893822216876
GALE,11.583780281831789
GALK1,96.87513864960913
GALK2,10.157934347386213
GALM,3.7279244806212652
GALNS,7.036596475974805
GALNT1,13.932281372693621
GALNT10,0.17517664107185227
GALNT11,29.410932291974188
GALNT12,0.7023407215703048
GALNT13,6.21092849974017
GALNT14,1.2533217329497328
GALNT15,9.06096855091082
GALNT2,10.825353594571265
GALNT3,0.7684149571218655
GALNT4,0.4441402621307212
GALNT5,0.0767851823556389
GALNT6,0.18128500797905484
GALNT7,0.3994686319468678
GALNT8,0.1761222552476788
GALNT9,105.76795916668966
GALNTL5,0.6436342414451384
GALT,34.754205856060864
GAMT,66.27644721002349
GANC,2.1311737950547704
GAPDH,8452.569757558042
GAPDHS,8.042317062334442
GARS,360.336877163941
GART,60.376960856072685
GATM,293.23358269628875
GBA,11.922208682660827
GBA2,85.34078557784706
GBA3,0.00794103793910615
GBE1,5.5998742864823114
GBGT1,1.4015347147732444
GC,0.1128901827185453
GCAT,365.59672134898807
GCDH,13.807840061287765
GCH1,2.160473423071132
GCK,1.5361531341674928
GCLC,7.559117114746867
GCLM,33.20351998686349
GCNT1,0.7150640297909214
GCNT2,0.3999756427806308
GCNT2P,0.3354345050980549
GCNT3,0.0029247163130719355
GCNT4,0.29820065413436064
GCNT7,0.10890572687051159
GCSH,28.410174550891035
GDA,26.00864299026612
GDE1,22.10166518254879
GDPD2,5.612906170319225
GFPT1,128.59496955157545
GFPT2,11.4825055413239
GGCT,67.1510194302284
GGH,7.213072405956892
GGPS1,486.93182545021045
GGT1,1.9409863479456713
GGT2,0.21870093827220827
GGT3P,0.17355584807048113
GGT5,10.13617709063986
GGT6,0.0335007371572371
GGT7,94.78844222916723
GGTLC1,0.5642767148917974
GGTLC2,0.021173653002767204
GIF,0.3354345050980549
GK,4.588884128263418
GK2,0.9456388863331135
GK3P,0.3354345050980549
GLA,4.839373314588733
GLB1,10.4922967707125
GLB1L,1.6261841120647558
GLCE,0.38361199797340695
GLDC,7.935614701448736
GLIPR1,3.810196367701734
GLO1,1960.856255184131
GLRX,75.61159537195317
GLRX2,14.14305860565414
GLS,307.7662541421191
GLS2,43.45152258616448
GLT6D1,0.019344310719102233
GLT8D1,1.6735388999550107
GLT8D2,2.4832909362577027
GLTP,34.549206753838014
GLUD1,4646.945497234448
GLUD2,0.767486496355821
GLUL,140.27889101912095
GLYAT,26.66571856032572
GLYCTK,0.7833108746773252
GM2A,29.092620570463325
GMDS,43.51061441831801
GMPPA,19.847463276134956
GMPPB,23.006592589084388
GMPR,8.875123426072742
GMPR2,71.68674109621749
GMPS,75.37839209354067
GNE,6.775218804552786
GNMT,2.3472273855469195
GNPAT,28.775234004668174
GNPDA1,27.563225608818335
GNPDA2,8.497727716096595
GNPNAT1,18.295256283296183
GNPTAB,21.742500195993102
GNS,9.997154480511085
GOT1,12844.969616799815
GOT2,3596.3266339621377
GPAA1,82.03617313446267
GPAM,0.6196567836859218
GPAT2,1.1219493510282597
GPAT3,0.6582069289240687
GPAT4,1.352005973421296
GPCPD1,39.395673471163676
GPD1,3.7491557875017385
GPD2,214.8717689109247
GPHN,32.73697667515378
GPI,4730.455733862124
GPIHBP1,2.035488183128972
GPLD1,1.2122462198531805
GPT,11.991234066230607
GPT2,124.59859696962997
GPX1,87.08151040481609
GPX2,0.20715666058958387
GPX3,166.17626091243204
GPX4,306.96748744339027
GPX5,0.793289329058847
GPX6,2.01032323162201
GPX7,2.2033923107572946
GPX8,0.07017625420297728
GRHL1,2.065641628869383
GRHPR,37.86632502264712
GRK1,0.030711385498719976
GRK2,4.014622265826703
GRK3,1.2623639556998993
GRK7,0.012048799200754658
GSR,174.21335146737653
GSS,287.90438803864146
GSTA1,0.08628367709898663
GSTA2,0.13234216694665563
GSTA3,0.039603811202738703
GSTA4,71.55762600257633
GSTA5,0.58469847618054
GSTK1,42.44795220943694
GSTM1,0.16394517146781948
GSTM2,28.84839469609731
GSTM3,446.87143382845284
GSTM4,10.565032371838239
GSTM5,311.53498377590324
GSTO1,1292.6132437462245
GSTO2,4.408041456802484
GSTP1,3679.5424931295684
GSTT1,169.13927016062178
GSTT2,0.7749225441117251
GSTZ1,9.812128312179292
GTF2F1,15.799743081567655
GTF3C4,0.9514106568611463
GUCA1A,0.7096037332877619
GUCY1A1,2.9663227089166733
GUCY1A2,5.154362177478505
GUCY1B1,1.0453859436592674
GUCY1B2,0.020234094038811924
GUCY2C,0.010098880936625877
GUCY2D,0.10700916836343434
GUCY2F,0.002237228139034518
GUK1,361.79932080616817
GUSB,3.799323467618477
GYG1,26.532114017831404
GYG2,4.813616790150931
GYS1,44.6359815296962
GYS2,0.04241105125752382
H6PD,10.044871637136943
HAAO,1.0912486735499738
HACD1,0.6699772991826155
HACD2,3.095013644366691
HACD3,4.330319334841662
HACD4,0.5979568033382378
HACE1,17.34732153059821
HACL1,8.612431644534425
HADH,780.7314596615573
HADHA,894.6581172526193
HADHB,142.9119979436881
HAGH,101.90712107055906
HAGHL,44.43393403520312
HAL,0.014096444053349783
HAO1,0.19763453007540133
HAO2,0.014585142029638249
HARS,304.37037371004175
HARS2,32.41138335809594
HAS1,1.6454905690023238
HAS2,0.09649803600522776
HAS3,0.2648072432647915
HAT1,30.452268849170693
HCCS,11.20285690963033
HCK,0.9343793576037596
HCST,2.8743084907480787
HDAC3,1.1913231766350385
HDC,0.21618003967095542
HDLBP,58.33829671437077
HECTD1,4.762034890574246
HECTD2,3.5844090397320407
HECTD3,3.015861869859731
HECW1,4.453951490651224
HECW2,4.544659152908907
HELZ2,0.2805906138766747
HEPH,13.855975601340868
HERC1,1.103667226525679
HERC2,0.37981375375612036
HERC3,10.893049348948901
HERC4,10.494029228147705
HEXA,16.563887649296465
HEXB,1.4744429083976414
HEXDC,0.3354345050980549
HGD,0.10591224948511312
HIBADH,33.93643918336325
HIBCH,11.406228925366472
HIF1AN,7.246818555243109
HIGD2A,24.825732051723417
HIPK1,21.156384073695346
HIPK2,121.51093107523339
HIPK3,9.83460484499098
HIRIP3,0.49576732476659763
HK1,569.1264729302837
HK2,2.236398834947721
HK3,0.19468545490844663
HKDC1,0.8360395829865087
HLCS,2.4238272236657137
HLTF,0.16886164487896874
HMBS,57.889357094065446
HMGCL,92.29302800568261
HMGCLL1,2.1007670594725565
HMGCR,33.656533744139345
HMGCS1,72.70985641259644
HMGCS2,0.0203716540354601
HMOX1,15.204351000785291
HMOX2,228.41413402903783
HNMT,5.129708285697513
HPD,0.017532822848022052
HPGD,0.2520266479137093
HPGDS,0.3098788602021877
HPRT1,1882.9240650640586
HS2ST1,12.87994373909324
HS3ST1,0.8522261107366453
HS3ST2,7.42297219223239
HS3ST3A1,0.1372480746436082
HS3ST3B1,0.4826857708416397
HS3ST4,14.079181374317214
HS3ST5,2.0066523849791356
HS3ST6,0.009627471345147251
HS6ST1,115.8218754917623
HS6ST2,2.1629198637992126
HS6ST3,0.8704143229023298
HSD11B1,8.220627929672027
HSD11B1L,234.45606104495556
HSD11B2,0.7795797576194973
HSD17B1,1.0567308576523926
HSD17B10,60.57981265461598
HSD17B11,68.80306815094592
HSD17B12,562.6344205021711
HSD17B14,70.99885881089088
HSD17B2,1.9024599930670496
HSD17B3,0.7749225441117251
HSD17B4,123.77080574536663
HSD17B6,22.81274182940125
HSD17B7,2.3853181142076325
HSD17B7P2,3.3692315821249714
HSD17B8,2.5158266436619687
HSD3B1,0.015935021600070345
HSD3B2,0.09056390258086065
HSD3B7,2.5764049472083745
HSPG2,0.01637820709756841
HTATIP2,27.868424527286503
HUNK,0.9935620354744793
HUWE1,4.750891124879769
HYAL3,7.595117380466423
HYALP1,0.3354345050980549
HYI,16.584934290780428
HYKK,0.3114838859445447
IARS,549.3823092543314
IARS2,29.680992108085366
ICK,5.265692948079184
ICMT,31.43977268817644
IDH1,19.59988369691455
IDH2,143.51014254829894
IDH3A,476.09400220097643
IDH3B,320.90021549219955
IDH3G,181.19040211075614
IDI1,111.288515185923
IDI2,2.1272734354694633
IDO1,3.009139787559683
IDO2,0.004504488734658685
IDS,1294.0468889379215
IDUA,13.368688125855693
IGF1R,7.451873446649108
IKBKB,10.68093827735578
IKBKE,0.7123324877045842
IL4I1,0.08977681879017231
ILK,27.389603502696595
ILKAP,27.775435258990793
IMPA1,438.3914736570148
IMPA2,14.439446985671733
IMPDH1,45.367661456511414
IMPDH2,78.03432657606628
INMT,0.1308913032435998
INPP1,690.9158086480353
INPP4A,14.380287075883723
INPP4B,1.3440915682095655
INPP5A,21.246277642308648
INPP5B,3.460421415695458
INPP5D,2.9724047610900293
INPP5E,45.646276737673524
INPP5F,4.1328396600177
INPP5J,9.16505710490039
INPPL1,7.738827912929516
INSL3,0.13385557321702335
INSR,10.328668694271043
INSRR,0.009818801933080898
IP6K1,70.19381575298097
IP6K2,22.76692150794407
IP6K3,0.24755228837477602
IPMK,1.7279263299662633
IRAK1,50.27882207938738
IRAK2,1.3086509923268008
IRAK3,0.5122093498185828
IRAK4,1.7951059873942696
IREB2,4.571518209241889
ISYNA1,63.64084071651998
ITK,0.025937744442055027
ITPA,359.87698240272005
ITPK1,306.6164388079339
ITPKA,248.24590315025227
ITPKB,74.43164878839713
ITPKC,6.499487524910455
IVD,713.0604167194286
JAK1,40.94100649582254
JAK2,3.3554716911327356
JAK3,3.496522155376844
JMJD7-PLA2G4B,0.19276672646590834
KALRN,23.08817811467779
KANSL3,25.134569866115356
KARS,306.40868537751027
KAT2A,225.4228887482334
KAT2B,61.175116875234046
KAT5,19.84236979963903
KAT6A,6.26283826442093
KAT6B,5.371417865795061
KAT7,19.445988835153884
KAT8,57.56809404933784
KCNJ11,13.855975601340868
KCNJ8,7.162531977069872
KDR,2.743153041364481
KDSR,19.51190419836212
KHK,6.420889805907395
KIT,20.063499148788182
KL,0.16179533487813264
KMO,0.7114225929113323
KMT2A,9.797994235067078
KMT2B,0.3354345050980549
KMT2C,8.213644594474367
KMT2D,9.07709944921522
KMT2E,20.999315028011903
KMT5A,0.08744585611927874
KMT5B,0.052531638327043204
KMT5C,0.3350355754164824
KPNA6,46.20840698804983
KYAT1,0.41426786262502635
KYAT3,10.315561941178165
KYNU,0.012760225114136207
L1CAM,93.25115827318423
L2HGDH,1.2851647912183368
LALBA,0.09996023381633702
LAP3,438.89734816500226
LARS,471.18658623269
LARS2,10.503478146721518
LATS1,0.5682528243702705
LATS2,1.3451694548532243
LBR,25.549128194536507
LCAT,14.390420679311847
LCK,0.09591079405423089
LCLAT1,0.9353577646698498
LCT,0.0026791753180901534
LDHA,2648.579810709243
LDHAL6A,0.41558444348386825
LDHAL6B,10.847952267467784
LDHB,2567.2829793412593
LDHC,0.23216335329789112
LDHD,43.696576397531246
LDLR,0.695752639356867
LGALS13,0.16621830202908744
LGMN,22.446868080599483
LGSN,0.0012681369184438238
LHPP,330.2289955380848
LIAS,1.2541929010038795
LIMK1,269.0742718182536
LIMK2,10.943894856696904
LIPA,22.561034256947373
LIPC,0.07343546542583555
LIPE,4.083016568040913
LIPF,0.1577011269678373
LIPG,0.08977681879017231
LIPT1,2.244063790319102
LIPT2,0.37790183492843205
LMTK2,21.494007412830538
LMTK3,72.74106573907338
LOC102724197,0.3354345050980549
LOC286297,0.3354345050980549
LOC344967,0.3354345050980549
LOX,0.500575883309452
LOXL2,0.3635255043425653
LPCAT1,4.1884179505312735
LPCAT2,0.8627436599304856
LPCAT3,4.742598660799772
LPCAT4,12.93469754440639
LPIN1,19.9749690758548
LPIN2,33.42798035470414
LPIN3,2.1776139802330348
LPL,10.228600711523983
LPO,0.05829310375382238
LRAT,0.2997893688640102
LRP1,8.358638710772913
LRP2,0.6392977667713675
LRRK1,0.22871955950112643
LRRK2,5.352719882232512
LRSAM1,26.38907378865071
LRTOMT,4.997735534963043
LSS,153.4380448712814
LTA4H,324.7512189171605
LTC4S,1.1193264282750504
LTK,5.658696298705416
LYN,8.474836168951294
LYPLA1,61.39840791228044
LYPLA2,93.91223673033913
LYZL1,1.4145390562382973
MACROD1,4.529393255699835
MACROD2,1.7037718512003077
MAGEA2B,0.1626710879648594
MAK,0.03134323623014796
MAN1A1,0.8285256261938634
MAN1A2,5.077661344839233
MAN1B1,1.8136432704917445
MAN1C1,15.231905832158416
MAN2A1,2.4739805665607557
MAN2A2,28.507402268663892
MAN2B1,6.083271015740697
MAN2C1,72.24214512820403
MANBA,4.094613356665694
MANSC1,20.88731403392599
MAOA,513.209468873187
MAOB,112.89952574952221
MAP2K1,838.1887821956284
MAP2K2,560.0039878710709
MAP2K3,6.1262792314337835
MAP2K4,106.27869570236018
MAP2K5,12.414101117567053
MAP2K6,1.1845353169210555
MAP2K7,4.066362145150787
MAP3K1,2.3823065868341264
MAP3K10,330.2967000445948
MAP3K11,23.364492598520673
MAP3K12,41.55817370317308
MAP3K13,7.137297304595751
MAP3K14,3.496522155376844
MAP3K15,0.01218097629860837
MAP3K2,5.006913148225238
MAP3K20,0.20179825659102824
MAP3K21,0.03839897316107535
MAP3K3,8.43086024719446
MAP3K4,9.99796190502186
MAP3K5,33.60570825773093
MAP3K6,5.815757383828438
MAP3K7,0.5723865554975587
MAP3K8,0.8867743264733902
MAP3K9,13.018133610301682
MAP4K1,0.8114446427105313
MAP4K2,26.723154275719093
MAP4K3,17.903563492419853
MAP4K5,37.32097106843597
MAPK1,802.0988464075763
MAPK10,21.53413979799921
MAPK11,124.41851734267888
MAPK12,11.16116315242957
MAPK13,3.5718182335735342
MAPK14,31.159079291020454
MAPK15,1.436525229101023
MAPK3,370.1543724649921
MAPK4,61.29436362547538
MAPK6,23.410630050119025
MAPK7,4.922953349947114
MAPK8,14.046949005248663
MAPK9,29.448245318510814
MAPKAPK2,1.1577368073727399
MAPKAPK3,15.644947303446695
MAPKAPK5,12.01054598859006
MARCH1,2.7823280876217646
MARCH10,0.18852796526120544
MARCH11,2.5661562213919815
MARCH2,215.60919926901613
MARCH3,0.3394761108185558
MARCH4,10.690300194148833
MARCH5,11.54447200006667
MARCH6,53.243335279302
MARCH7,27.732068329538752
MARCH8,7.157483144714944
MARCH9,14.895420925102496
MARK1,17.389942981707982
MARK2,37.06041052209419
MARK3,52.46936331369818
MARK4,44.461306616695325
MARS,173.40552142143366
MARS2,1.3118624197397195
MAST1,100.66331098300401
MAST2,18.85543814698077
MAST3,108.01574193942929
MAST4,7.952916669472376
MASTL,0.054760319230646504
MAT1A,0.0022568505911877835
MAT2A,277.59862659525606
MAT2B,170.54969376228667
MATK,66.38834729726115
MBOAT1,0.41755656156550114
MBOAT2,27.27442139364677
MCAT,24.528721867213203
MCCC1,14.752411057891829
MCCC2,24.262331231827055
MCEE,4.849989577533211
MDH1,14377.071529192868
MDH1B,1.897140508315491
MDH2,4050.9501579219714
MDM2,0.015313876086671948
MDP1,146.9274862194315
ME1,853.0235259020695
ME2,64.3028475419281
ME3,24.478436191203173
MECR,14.139670068902698
MED1,0.3861057697702001
MELK,0.0012695467440515945
MERTK,21.787762358379336
MET,1.6583102675972694
METTL1,9.387363863522474
METTL3,18.942620469299165
MGAM,0.020315189130125717
MGAT1,29.484519729500683
MGAT2,0.5835747827039295
MGAT3,72.11755802844876
MGAT4A,5.908302674096419
MGAT4B,40.726917429463334
MGAT4C,0.9935620354744793
MGAT4D,0.02696149145334556
MGAT5,21.178847944717514
MGAT5B,130.5433872099312
MGLL,156.1080600825697
MGMT,5.205952651935549
MGRN1,42.61026842529152
MGST1,110.59424706916717
MGST2,24.463619765985577
MGST3,74.99746912033054
MIA3,10.782162454696135
MIB1,10.114028712651592
MIB2,76.32214127839089
MID1,2.44149963791902
MIF,126.77311968496295
MINK1,0.7797703806157437
MINPP1,5.972353139379029
MIOX,0.03764002098229772
MIP,0.03483783141674896
MKNK1,19.7761584846788
MKNK2,46.52695790965428
MKRN1,40.45972721417982
MKRN2,40.70017733266665
MKRN3,0.4781790810934017
MLKL,2.760060534088864
MLYCD,6.450334088908697
MMAA,1.1913240475183682
MOCS1,11.589519893849772
MOCS2,55.14789346621565
MOGAT1,0.083033075740461
MOGAT2,0.0007831062828206822
MOGAT3,0.004516301198745511
MOGS,69.44285282409915
MOK,9.693853955534536
MOS,0.09191795284698573
MOXD1,7.975424226984784
MPC1,181.68653074917344
MPC2,125.5000346301203
MPI,32.39207132937991
MPO,0.8570025540203798
MPST,1196.6808782588528
MRPL58,13.330417578133794
MSMO1,108.29326068375642
MSRA,8.994733045168557
MST1R,0.19758983912651387
MT1A,4.015062897777099
MT2A,450.2559624291418
MT3,6817.86187203033
MT4,0.3354345050980549
MTAP,186.86562020750432
MTFMT,7.528520916888703
MTHFD1,164.17215388750378
MTHFD1L,2.8571662512613263
MTHFD2,1.5321056772476735
MTHFD2L,1.5585325357068376
MTHFD2P1,0.005975656586915625
MTHFR,6.235246869795808
MTHFS,8.227612845644959
MTMR1,3.5426872973318706
MTMR14,15.37613524622342
MTMR2,1.0330913447537693
MTMR3,0.4962218040320415
MTMR6,8.076140021875764
MTMR7,4.706442802261109
MTMR8,0.02549448859639555
MTPAP,3.4812365854190817
MTR,0.5373259844357261
MTRR,10.106648789093269
MTTP,0.05782644952178424
MUL1,25.32288314456721
MUSK,0.0007451260073234725
MUT,0.3354345050980549
MVD,202.28509512099464
MVK,20.4186592307055
MYBBP1A,104.19873139413819
MYCBP2,0.2705262740078248
MYLIP,11.574215945321873
MYLK,0.5907432726682273
MYLK2,1.0095064196803463
MYLK3,0.0380944199532392
MYLK4,0.47801541385238383
MYO3A,0.011868067146932013
MYO3B,0.022718406237853882
MYO5B,0.27768354570230874
NAA10,82.22959707592456
NAAA,3.9316259077749103
NADK,13.124819179386556
NADSYN1,6.647541839405525
NAGA,5.100472742361591
NAGK,19.095446933795838
NAGLU,8.688537337971018
NAGPA,59.15743824825731
NAGS,0.1824869074645222
NAMPT,196.51105650084108
NANP,0.7647029095456986
NANS,107.94957715704018
NAPRT,25.164291606310147
NAPSA,0.25617570310686105
NARS,4638.137390570165
NARS2,5.422926728902693
NAT1,0.6713011243156146
NAT2,0.3095826039110469
NCOA1,41.04816307496843
NCOA2,0.4228214962635552
NCOA3,1.1504322813043202
NCOA6,9.136311397655536
NCOR1,0.10441690846911438
NCOR2,1.6806513506299428
ND1,0.7496282848946749
ND2,6.647572110665278
ND3,3.518721426725826
ND4,15.91921099634504
ND4L,0.3354345050980549
ND5,3.9860139175064595
ND6,2.1511623729121254
NDST1,35.62873430776457
NDST2,14.646413538005234
NDST3,4.206678513098569
NDST4,0.002473651426559112
NDUFA1,1488.5608368263104
NDUFA10,87.28378391549228
NDUFA11,87.470261806114
NDUFA12,18.672491020628808
NDUFA13,1227.041955697238
NDUFA2,21.952695394174285
NDUFA3,17.754399188586973
NDUFA4,86.43752554515136
NDUFA5,57.94681586123839
NDUFA6,69.80334774955058
NDUFA7,7.577640099708988
NDUFA8,183.51184457049104
NDUFA9,36.003655226557626
NDUFAB1,163.09859445966669
NDUFB1,223.8213170240039
NDUFB10,220.97409576857768
NDUFB2,76.5435196080236
NDUFB3,182.50486358824608
NDUFB4,176.21213972792896
NDUFB5,148.14735128739179
NDUFB6,36.05254736743094
NDUFB7,368.4037197546905
NDUFB8,239.60797074636847
NDUFB9,37.86832782718093
NDUFC1,90.32904224081848
NDUFC2,56.31529874299136
NDUFS1,62.23174430513256
NDUFS2,46.481103181169324
NDUFS3,431.7522788198181
NDUFS4,100.62927973284371
NDUFS5,1744.7738708175734
NDUFS6,18.284662705639903
NDUFS7,26.606055382917585
NDUFS8,94.39363735932103
NDUFV1,93.54145863163237
NDUFV2,138.90288374556923
NDUFV3,14.063062729610106
NEDD4,0.9277227966188725
NEDD4L,7.312986800911223
NEK1,9.170449602342956
NEK11,4.932094200281894
NEK2,0.3049318782610454
NEK3,5.803023111047336
NEK4,12.760289906071904
NEK5,0.06106654268706289
NEK6,1.768742424121049
NEK7,30.95310216168685
NEK8,0.7077861148514979
NEK9,1.6757816278427922
NEU1,37.6828436070407
NEU2,0.07868648115252536
NEU3,0.6316176017306111
NEU4,15.562103774907461
NEURL1,0.14715923590013888
NEURL1B,9.723056374762677
NGLY1,10.445741881908011
NHLRC1,1.1923678486473548
NIT2,431.35986798552585
NKTR,33.22517060558808
NLK,66.90671191795288
NLN,86.35489755740095
NME1,6510.242186544017
NME2,281.45765578880633
NME3,178.70578194947174
NME4,126.04300062693224
NME6,0.20684337182306312
NME7,1.334869210729956
NMNAT1,1.8535629971628873
NMNAT2,48.08546504341299
NMNAT3,4.074324730157006
NMRK1,11.939133263702727
NMT1,108.67278143651103
NMT2,3.9229771407204708
NNMT,1.4124445400615853
NNT,31.140625578201927
NOL9,5.316930696811938
NOS1,1.2416994546268012
NOS2,4.631355586376542
NOS2P1,0.3354345050980549
NOS2P2,0.3354345050980549
NOS3,1.396088263753484
NOX1,0.2712602186535009
NOX3,0.02259855507619632
NOX4,0.0664726321840677
NOX5,0.04348764950585106
NPAS2,38.628982851661235
NPC1,8.690309358724685
NPC1L1,0.025787260275751994
NPR1,0.6469138907359863
NPR2,9.604567362484897
NQO1,244.07834770375666
NQO2,173.69997074450956
NR1D1,82.19735132600809
NRF1,2.36471339479377
NSD1,7.078508818577599
NSD2,0.8117852405670956
NSD3,0.8238692165195934
NSDHL,616.9047340558346
NSF,682.8503867215443
NT5C,93.03834966355336
NT5C1A,0.14941731458809174
NT5C1B,0.01264815600611399
NT5C1B-RDH14,0.037698419756150243
NT5C2,67.66282586411286
NT5C3A,13.370675694767737
NT5DC3,10.357313924172416
NT5E,13.685696757535567
NT5M,28.264499077876547
NTAN1,3.172350596963735
NTRK1,0.1016632420598679
NTRK2,206.2838311884363
NTRK3,17.646255383867963
NUAK2,0.08308441209981252
NUDT10,13.148558557404277
NUDT11,26.174900348469443
NUDT12,5.4026197271874326
NUDT2,43.778342531356174
NUDT3,71.95605454231979
NUDT4,16.040047387742522
NUDT5,101.68678785160704
NUDT9,22.341830507301253
OARD1,6.931272298323311
OAT,839.8351542198329
OBSL1,2.429271664436059
OCRL,21.719878521393976
ODC1,3.99622122407847
OGA,13.207835039605774
OGDH,672.301492156011
OGT,122.03258670559974
OLAH,0.1225043064598579
OPLAH,6.057502540553224
OTC,0.03939324121880684
OTUD5,118.65731945614075
OXCT1,406.6213475288913
OXCT2,0.11769038198143504
OXSM,4.491067826279421
OXSR1,10.879877483033688
P4HA1,15.06751670527397
P4HA2,9.098743540842152
P4HA3,0.024495390179394255
P4HB,96.83729478845433
PADI1,0.1979086992249419
PADI2,98.72843698850629
PADI3,1.4480638550391858
PADI4,0.6797728685206655
PADI6,0.3354345050980549
PAFAH1B2,991.268863662318
PAFAH1B3,441.42091127575475
PAFAH2,2.063225010235662
PAH,1.760272654756228
PAICS,242.46304631728566
PAK1,195.31694737959054
PAK2,100.99611021743367
PAK3,8.74785841255865
PAK4,0.22297003082423583
PAK5,0.1843105272396382
PAK6,44.160455469350815
PAM,0.5232265336209913
PAN2,16.584934290780428
PANK1,2.884871125352489
PANK2,8.267806758008575
PANK3,14.88519375310258
PANK4,10.930706631970082
PAOX,2.6587257517225336
PAPOLA,5.560321339529889
PAPOLB,0.007418322417059807
PAPOLG,3.333487110790456
PAPSS1,130.22760604290013
PAPSS2,4.916861960277532
PARP1,81.96620686713707
PARP10,1.5343723792909494
PARP11,1.668281527995154
PARP12,0.7206217290845951
PARP14,3.5160022896743426
PARP15,0.024173355568468467
PARP16,2.7535852426897027
PARP2,30.666466666447505
PARP3,43.366973065562014
PARP4,1.2142340269507954
PARP6,63.3309740276413
PARP8,3.918720715015043
PARP9,1.8876955079906672
PARS2,1.198635765189671
PASK,3.723682076279793
PBK,1.2071931673190108
PC,265.6900859966334
PCBD1,72.11755802844876
PCBD2,3.176237359932273
PCCA,8.621271973927787
PCCB,4.178477834926378
PCK1,1.858261054869435
PCK2,1.9600290981563389
PCMT1,1547.6793641021643
PCYOX1,66.40760619342677
PCYT1A,13.265590576563154
PCYT1B,12.976707496113685
PCYT2,64.53721897309798
PDE10A,0.9100082114343475
PDE11A,0.11460308399933827
PDE1A,14.224470159068327
PDE1B,101.14007012306392
PDE1C,4.57898653584969
PDE2A,153.969828203098
PDE3A,1.1518410234242211
PDE3B,1.0195059053243107
PDE4A,31.315035474966848
PDE4B,18.226588626799508
PDE4C,3.4133638075787194
PDE4D,3.280061477678288
PDE5A,1.3065112062174316
PDE6A,0.008369798194469456
PDE6B,7.857880288737415
PDE6C,0.1448737265118634
PDE6H,1.1024792253519922
PDE7A,5.376095074697717
PDE7B,13.126797024316938
PDE8A,15.624225438142876
PDE8B,37.604281448487775
PDE9A,8.239840250452172
PDF,1.4354283023528451
PDGFRA,12.062729500477856
PDGFRB,48.86982243426679
PDHA1,352.1283614468553
PDHA2,8.963593332760542
PDHB,125.46394390218295
PDHX,27.014935997891243
PDIA2,143.43533808378294
PDIA3,928.5403554999781
PDIA4,204.62538058528017
PDIA5,7.81054133272592
PDIA6,132.21818565229214
PDK1,0.1631192999923372
PDK2,55.67040028899439
PDK3,3.4134144492958
PDK4,24.03584878234546
PDP1,74.52587286985883
PDP2,1.4938711370462743
PDPK1,2.481963218752639
PDPR,2.875628255466512
PDXK,99.27054886389442
PDXP,78.33408909825663
PDZD4,1326.4094429375098
PEAK1,7.009807413166972
PECR,64.27501381646158
PEMT,20.063499148788182
PEPD,42.32623599123376
PEX11A,6.012477935406934
PFAS,60.333373420372766
PFKFB1,0.2005705665407274
PFKFB2,13.597773186726899
PFKFB3,91.62101205877177
PFKFB4,2.240358203397787
PFKL,213.028595863449
PFKM,98.99939406938417
PFKP,1712.7004140353351
PGAM1,104.35662788660404
PGAM2,92.14558842160893
PGAM5,56.554613586502775
PGAP1,3.1009595868355078
PGD,1741.1611044623137
PGGHG,0.02991860446325157
PGK1,137.81779489074887
PGK2,23.296392096478
PGLS,691.2582278516201
PGLYRP1,0.4184250809539839
PGLYRP2,13.13342928945454
PGLYRP3,0.01572942767765221
PGLYRP4,0.2601296063498426
PGM1,350.7664581876096
PGM2,70.07314416364065
PGM2L1,19.402078293125733
PGM3,54.30653145135689
PGP,279.9813531937019
PGS1,16.922645731601065
PHEX,0.15490644115551036
PHGDH,847.6233952925124
PHKA1,0.6505146277215635
PHKA2,3.1468351970442385
PHKB,10.966513094339252
PHKG1,8.989368276635004
PHKG2,16.249045058577412
PHLPP1,33.30118572506458
PHLPP2,8.946480849703697
PHOSPHO1,4.5342253607505745
PHPT1,89.53641949188777
PHYH,27.130323694879817
PHYKPL,5.031408694303776
PI4K2A,2.9005634247045085
PI4KA,7.328370184713829
PI4KB,1.5614160672763229
PIGA,3.6166390798291355
PIGB,2.4024139348756064
PIGC,4.801508753584732
PIGF,2.0499470939078765
PIGG,5.690333359423441
PIGH,13.00234808601417
PIGK,8.267806758008575
PIGL,2.200933752188609
PIGM,1.3776126898487375
PIGN,2.2812091511193744
PIGO,4.90468521149778
PIGP,1.4905465082509697
PIGQ,44.488683688448354
PIGS,14.886372653283544
PIGT,6.522308599200354
PIGU,1.7800647939726257
PIGV,5.332483352207607
PIGW,2.622658472866656
PIGX,3.212290156921291
PIGY,0.3354345050980549
PIGZ,15.520725988781946
PIK3C2A,1.8194029329052321
PIK3C2B,5.72994566639519
PIK3C2G,0.005291477225164625
PIK3C3,0.133288937530629
PIK3CA,4.598419372542043
PIK3CB,0.8252801492703622
PIK3CD,5.479267227899334
PIK3CG,0.015159761027046881
PIK3R1,6.851704010879971
PIK3R2,73.08460364220537
PIK3R3,8.006616490173199
PIK3R4,22.49895901803887
PIK3R5,0.22631005950639949
PIKFYVE,9.053801716970991
PIM1,5.011503636546524
PIM2,10.228600711523983
PIM3,49.06643906685989
PIN1,2906.406133513814
PIN4,7.665297168461954
PINK1,274.4839270175656
PIP4K2A,58.0378076689959
PIP4K2B,49.521096683580936
PIP4K2C,55.67040028899439
PIP5K1A,0.6010071283550968
PIP5K1B,0.4145240636957519
PIP5K1C,137.3369708426923
PIP5KL1,1.319363896429454
PIPOX,15.873369590879056
PISD,3.079744048292393
PJA1,43.28835756115284
PJA2,279.7433849174121
PKLR,0.10717396562510337
PKM,1892.3199898741475
PKMYT1,0.6238743880308524
PKN1,59.127901369628674
PKN2,3.4469174165944048
PKN3,0.8020373615970294
PLA2G10,0.011560376377201023
PLA2G12A,1.3957732785957597
PLA2G12B,1.1304561412675453
PLA2G15,8.267806758008575
PLA2G16,80.26879528774026
PLA2G1B,22.21899954762661
PLA2G2A,0.38638195424816596
PLA2G2C,0.014507684746114077
PLA2G2D,0.02500478423298345
PLA2G2E,0.10480083352838437
PLA2G2F,0.0013274699227714846
PLA2G3,0.19147184984920546
PLA2G4A,10.862321257372406
PLA2G4B,29.951708145570816
PLA2G4C,12.901835473698473
PLA2G4D,0.05417538621378994
PLA2G4E,0.053078868679317576
PLA2G4F,0.015651319798835234
PLA2G5,13.86801645654268
PLA2G6,15.686412973198353
PLA2G7,0.8723348121092168
PLB1,0.49445563622002825
PLCB1,32.56831785866669
PLCB2,2.6175083763819056
PLCB3,1.6838677253112184
PLCB4,3.545276459935883
PLCD1,13.81786461801168
PLCD3,21.800614071297172
PLCD4,2.750976203497219
PLCE1,2.0403047899875735
PLCG1,4.306403552097182
PLCG2,0.9275381558168161
PLCH1,4.815130865805411
PLCH2,68.31471013861042
PLCL1,5.48240180028558
PLCL2,7.673867433162349
PLCXD2,0.08211046933427249
PLCZ1,0.07175189323406331
PLD1,1.436525229101023
PLD2,21.156384073695346
PLD3,65.4883951223218
PLD4,1.436525229101023
PLD6,7.78723347106163
PLG,0.006524496367636317
PLIN1,1.2174918945256858
PLIN2,2.6704243364310476
PLIN3,8.320311917339685
PLIN4,5.857195063148633
PLK1,1.0156885773628606
PLK2,107.46127415171547
PLK3,4.824217982832249
PLK4,0.15490644115551036
PLOD1,10.769307476309828
PLOD2,14.518439145571872
PLOD3,11.645315883400269
PLPBP,1.3790311261442316
PLPP1,5.389883230682263
PLPP2,2.123055391477898
PLPP3,4.2032094621878
PLPP4,0.019762828557283812
PLPP5,0.0656688155578048
PLPP6,0.050042688733332445
PLPP7,1.1305815492037874
PLPPR2,0.3307009692228308
PLPPR3,0.9307949846236876
PLPPR4,0.11900942508124815
PLPPR5,0.012456429933028047
PLTP,121.08173909511906
PLXNB3,21.35878723183421
PMM1,16.893503473576686
PMM2,5.0257491814178925
PMPCA,38.95716812682895
PMVK,561.8216428604695
PNCK,49.403984789087
PNKP,28.474478651319043
PNLIP,29.558156128386297
PNLIPRP1,1.569754500807232
PNLIPRP2,3.950286677884041
PNLIPRP3,0.018139233522564087
PNMT,8.755941725049802
PNP,397.98870213226303
PNPLA2,48.6173390068129
PNPLA3,0.4779335858296148
PNPLA4,7.433169218187503
PNPLA6,1.6381151514500825
PNPLA7,12.844774040009575
PNPLA8,32.241205897023434
PNPO,11.867834154833494
PNPT1,5.992645549491856
POLA1,2.8322821239152614
POLA2,1.5767482244515996
POLB,13.518080735866207
POLD1,0.37107003597966537
POLD2,5.725051525071822
POLD3,0.3195769537165243
POLD4,31.165525384503603
POLE,0.07079904363998303
POLE2,0.10921200321435709
POLE3,29.030881707591213
POLE4,8.956582214858505
POLG,11.668037089369921
POLG2,1.7951059873942696
POLH,1.8947780811016288
POLI,5.248643109123672
POLK,3.467356109844031
POLL,9.413982968877848
POLM,4.464335790625004
POLN,1.520539000291567
POLQ,0.024069954161575265
POLR1A,0.9614814456576206
POLR1B,0.371672664072971
POLR1C,17.24267306940383
POLR1D,21.111475392800095
POLR1E,10.39641609120615
POLR2A,3.737854144287558
POLR2B,11.112652702140947
POLR2C,89.00355582641322
POLR2D,8.727268502562447
POLR2E,199.6962590931184
POLR2F,12.730853669983238
POLR2G,18.455313602070564
POLR2H,164.15555543355237
POLR2I,79.19293870271542
POLR2J,33.19567251171618
POLR2K,95.35825986161443
POLR2L,203.48723259211033
POLR3A,0.38780223982167994
POLR3B,1.5566321501665281
POLR3C,0.38085275614364383
POLR3D,3.9876787088006878
POLR3E,13.059594874016932
POLR3F,14.922020327388068
POLR3G,2.3900947752697346
POLR3GL,57.71477029459773
POLR3K,22.538188680549766
POLRMT,9.264955489881965
POMGNT1,46.582382758964954
POMT1,23.226225887627763
POMT2,10.512798383176161
PON3,1.6659986769313357
POR,120.19782170880784
PPA1,1559.6686983400853
PPA2,135.4088940798552
PPARA,4.29602658367003
PPAT,9.147870042681935
PPCDC,1.5518096650023934
PPCS,53.317414981862974
PPEF1,0.3980099537453836
PPEF2,0.07096273999083416
PPIA,1092.8815246012518
PPIAL4A,0.03233732144094853
PPIAL4C,0.3354345050980549
PPIAL4E,0.3354345050980549
PPIAL4G,0.07056920520049911
PPIB,1263.3509428658638
PPIC,4.79231453739637
PPID,750.0184819410521
PPIE,7.856561239301601
PPIF,173.10699401518067
PPIG,10.08119062194095
PPIH,542.7892482935869
PPIL1,102.67861686757038
PPIL2,1.2495432581260553
PPIL3,90.2142885618049
PPIL4,3.7445845807370266
PPIL6,1.817260827722397
PPIP5K1,7.285678441420471
PPIP5K2,3.0284690043525075
PPM1A,3.5936726070891303
PPM1B,45.477237963230635
PPM1D,1.7164128999517487
PPM1E,0.3607896066291958
PPM1F,32.321259951010845
PPM1G,21.150637238310857
PPM1K,27.80451351321773
PPM1M,17.432592280769782
PPOX,8.857307879147728
PPP1CA,152.63228860933023
PPP1CB,299.5381877898476
PPP1CC,51.29987293829342
PPP1R1A,27.99794652156328
PPP1R1B,912.1527784766367
PPP1R2,97.32610792908035
PPP1R3A,0.0016327783192070088
PPP1R3B,0.49751325252573986
PPP1R3C,141.0843299798554
PPP2CA,365.06316298341756
PPP2CB,338.30907890173506
PPP2R1A,952.1129144130455
PPP2R1B,17.917824391896517
PPP2R2A,118.98955816393469
PPP2R2B,59.83786912819297
PPP2R2C,278.76079299018915
PPP2R3A,1.6705652115801068
PPP2R3B,8.547088398645448
PPP3CA,5226.359449597149
PPP3CB,86.87513165300422
PPP3CC,7.5336381711058475
PPP3R1,1294.735833411507
PPP3R2,0.0044079385173134665
PPP4C,43.66881453672989
PPP5C,59.27175342796025
PPP6C,218.18589484331147
PPT1,13.386157058791365
PPT2,23.54918773595173
PPWD1,23.944523971309124
PRAG1,0.3354345050980549
PRDX1,19761.44883933299
PRDX2,11473.250802660408
PRDX3,122.51394995525185
PRDX6,1349.971027034191
PREP,116.50337093724815
PRKAA1,18.715430158095632
PRKAA2,3.3761171496493176
PRKAB2,8.667280601085974
PRKACA,1350.5483329100712
PRKACB,362.7279349234499
PRKACG,0.0028095560044922403
PRKAG2,18.57283756828487
PRKAR1A,39.60886011343307
PRKAR1B,893.8357251184827
PRKAR2A,22.25136772059982
PRKAR2B,366.8802174044046
PRKCA,55.14789346621565
PRKCB,132.29720952624962
PRKCD,2.786025946273271
PRKCE,28.921604850336028
PRKCG,75.343809456318
PRKCH,1.5518096650023934
PRKCI,7.2877132606423425
PRKCQ,2.271287845861651
PRKCSH,271.37129238042894
PRKCZ,47.63878293474449
PRKD1,0.7510587523814362
PRKD2,3.4424085372942046
PRKD3,4.52081987904722
PRKDC,1.1542682453540731
PRKG1,0.743452012039943
PRKG2,0.625895725220038
PRKN,0.21524163632635238
PRKX,2.5776868028374804
PRKY,1.5832491184463966
PRODH,198.45464145583534
PRODH2,0.047452249121563574
PRPF19,745.6287942404339
PRPF4,141.48624578124077
PRPF4B,28.429509420011353
PRPS1,753.9484513616935
PRPS1L1,1.6993128857058533
PRPS2,18.37785890215734
PRRT2,555.1866302458825
PSAP,66.19207143848186
PSAT1,1487.941335133582
PSKH1,11.431003966908802
PSKH2,0.0066918887033126035
PSPH,1058.6647306030625
PSPHP1,0.3354345050980549
PTDSS1,23.249255151845563
PTDSS2,32.04034424783528
PTEN,9.324292769176749
PTGDS,4725.054569794138
PTGES,14.902852137757913
PTGES2,235.31814662303452
PTGES3,2561.751562484377
PTGIS,15.89039094610382
PTGR1,126.04092934377582
PTGS1,1.1550862903635035
PTGS2,1.7985993037265469
PTK2,4.187664154468462
PTK2B,196.4998430798921
PTK6,0.30485928697541265
PTK7,0.32424662213630884
PTP4A2,3.845675934497061
PTP4A3,31.864865000110424
PTPDC1,2.721019695403107
PTPMT1,31.79731892847049
PTPN1,21.512554010259414
PTPN11,57.33279391355875
PTPN12,5.646433979136749
PTPN13,7.70989038275206
PTPN14,1.477267757642831
PTPN18,31.71465879976774
PTPN2,8.586020868433533
PTPN21,4.52230885472835
PTPN22,0.055369987151829336
PTPN23,18.509331294241054
PTPN3,2.019855185469811
PTPN4,4.738075149029154
PTPN5,74.87163264650285
PTPN6,1.203865709429182
PTPN7,0.027268164787809666
PTPN9,0.7985789585821663
PTPRA,1.8310500801435818
PTPRB,5.126628764475313
PTPRC,0.5663673611105913
PTPRD,28.604718410176385
PTPRE,10.293430001287852
PTPRF,44.43393403520312
PTPRG,8.45547925462051
PTPRH,0.309295762550655
PTPRJ,1.3939112661039024
PTPRK,21.991751905252222
PTPRM,11.096808906708736
PTPRN,164.50601928096148
PTPRN2,121.4035951558419
PTPRO,3.3802502871537445
PTPRQ,0.033460437476216534
PTPRR,2.645867230400432
PTPRS,61.56289481977415
PTPRT,12.194421146543963
PTPRU,14.333697008647329
PTPRZ1,130.61633852956936
PTRH1,0.11617677575529196
PTRH2,445.4167127247014
PTS,37.99752840882998
PUS1,9.76699052495092
PXDN,0.5657847841820549
PXDNL,0.2151209419512104
PXYLP1,0.3900283303635837
PYCR1,5.222322363544806
PYCR2,421.5513087502675
PYCR3,18.52640291410028
PYGB,1243.47599859702
PYGL,2.3122873011099867
PYGM,62.79014745496846
PYURF,2.3347327634924695
QARS,171.5033698036389
QDPR,4945.794016807735
QPCT,10.65099483523369
QPRT,24.642035693486733
QTRT1,131.89474148256608
QTRT2,3.0803803903498332
RAD1,1.3456402602610071
RAD18,0.6752829450553675
RAD9A,9.046636394096248
RAF1,0.4074036411814039
RAG1,0.04121385159921685
RALBP1,30.000999528897168
RARS,224.77006520265195
RARS2,6.813217582939523
RBBP6,0.4451889061379037
RBKS,1.2111978093721507
RBP1,683.7911565940186
RBP2,0.44262896504099397
RBP4,76.73340833850962
RCHY1,15.231905832158416
RCL1,3.1173329712095974
RDH10,3.671465145575502
RDH11,585.2875422790185
RDH12,1.7313843543584448
RDH13,3.425718440397465
RDH14,16.450152616734645
RDH16,0.16653491999455072
RDH5,3.3802502871537445
RDH8,0.022359360472125563
REG3A,0.31367611208666396
RENBP,11.32628447986554
RET,2.1007670594725565
REV3L,4.792433060197165
RFC5,27.99210734363322
RFK,35.431412980344106
RFWD3,2.698934209849146
RGL1,35.29367241582283
RHAG,0.02472186000979871
RHBG,0.00335798064132995
RHCG,2.924572713580105
RING1,129.48681481473662
RIOK1,0.6484539147711054
RIOK2,0.17550245139102957
RIOK3,14.004673908228389
RIPK1,5.293012540338475
RIPK2,2.1935830708700954
RIPK3,1.388757727390307
RIPK4,0.011932312066129177
RIPOR1,1.8350848174091228
RNF103,37.76144942478055
RNF115,10.007160507913449
RNF123,11.73517555085303
RNF125,0.5582498113017216
RNF126,88.21952970985421
RNF128,2.571279223946963
RNF13,45.44970009463474
RNF130,15.231905832158416
RNF133,0.00809801206250325
RNF138,7.882042476194481
RNF139,15.9983344714339
RNF14,29.80396367029568
RNF144A,27.27442139364677
RNF144B,2.8822294991489934
RNF146,58.0378076689959
RNF149,14.180034216597967
RNF152,1.1209223465017306
RNF167,182.16466751126225
RNF180,3.0686851651507396
RNF182,21.946377146046995
RNF185,27.539127658347088
RNF187,374.9623484733185
RNF19A,20.26307244137749
RNF19B,8.515347786807874
RNF2,7.0196567538185555
RNF20,3.2766455052014916
RNF216,13.795813152131393
RNF217,0.9985373877624206
RNF25,40.70017733266665
RNF31,18.87722368098176
RNF40,2.478025383746277
RNF41,47.72245119506612
RNF5,73.8983129158049
RNF8,6.092941702648872
RNGTT,5.107174454118223
RNMT,83.90997083849838
ROCK1,2.968130166507773
ROCK2,21.70895034222417
ROR1,0.1614888333293825
ROR2,0.011767611496906385
RORA,2.389841565337673
ROS1,0.22196302702313728
RPAP2,1.9219932408060554
RPE,99.56479030652714
RPE65,0.14511192883303994
RPIA,22.669719639845702
RPL14,1123.8330798168142
RPN1,332.12312936345086
RPN2,157.56787420231987
RPP14,25.12496034591213
RPS6KA1,6.765655625782552
RPS6KA2,14.626085717405221
RPS6KA3,1.9506471625393853
RPS6KA4,2.257479208868332
RPS6KA5,2.778403929281356
RPS6KA6,0.47262278367756366
RPS6KB1,2.0785725731454456
RPS6KB2,24.361757377915417
RPS6KC1,0.7984588112487075
RPUSD4,0.9737809448713644
RRM1,11.512250507485437
RRM2,0.0673335067068679
RRM2B,15.231905832158416
RTCA,23.711113261273503
RWDD2A,7.952916669472376
RXRA,22.150759926106076
RYK,10.4922967707125
SACM1L,31.965107420071636
SAE1,336.10633527149747
SAP130,0.9988716827579354
SARDH,1.191516216858438
SARS,289.56841856717006
SARS2,30.966475529717393
SAT1,348.6447757355863
SAT2,381.256794315679
SBK1,42.55614468405899
SC5D,58.09659331423168
SCARB1,28.82400230019083
SCARF2,2.4238272236657137
SCD,874.4071879904491
SCD5,483.0282380883556
SCLY,3.6799194003363773
SCP2,146.25235941626963
SDC1,0.24257902409566257
SDHA,357.8797396518398
SDHB,235.6291227609146
SDHC,22.711472133337114
SDHD,3.057851169047649
SDR16C5,2.0499470939078765
SDR42E1,0.07273099356533358
SDR42E2,0.6978114664053452
SDR9C7,0.16204064755373984
SDS,14.495922757472863
SDSL,2.9298771667689407
SEC11A,103.49947278982353
SEC11C,8.492882003259393
SELENOI,0.1784505883933933
SEPHS1,823.4550471638158
SEPHS2,30.742951240000817
SERPINA1,0.12667931172759975
SERPINA3,0.7223617328270763
SETD1A,0.3131617501702874
SETD1B,5.4338696700658815
SETD2,0.04396203659674132
SETD5,27.539127658347088
SETD7,3.510482138828774
SETDB1,0.2230618115963456
SETDB2,2.6355455022510945
SETMAR,4.256417378275642
SFXN3,3648.722465284428
SGK1,7.358477756303742
SGK2,0.9985373877624206
SGK3,7.255261645689147
SGMS1,7.732212808837635
SGMS2,0.42206227233205185
SGPL1,47.960434537249284
SGPP1,21.539131286347036
SGPP2,3.118479062352431
SGSH,6.094553881611822
SH3RF1,11.429097686125356
SH3RF2,0.6815710553778119
SH3RF3,4.729031576734275
SHMT1,57.613823697793094
SHMT2,253.4057109236682
SHPK,3.555048871233521
SHPRH,0.3662668986048353
SI,0.18373547314711697
SIAE,39.82038802010701
SIAH1,3.761909975240632
SIAH2,18.18342978912328
SIK2,14.370155374539914
SIK3,9.209388616268773
SIN3A,3.0558994961428776
SIN3B,0.32742997756427517
SIRT1,7.966765468752538
SIRT2,201.35553758809343
SIRT3,23.52607966589564
SIRT5,13.374651068732325
SIRT6,23.87333392294535
SIRT7,14.02681377304919
SLC10A1,0.027753880640204755
SLC10A2,0.058748703153154044
SLC10A6,0.013352875336884179
SLC11A1,0.6396514718211355
SLC11A2,11.710226429606879
SLC12A1,0.1834372680915524
SLC12A2,5.108595494342872
SLC12A3,0.005659640177359054
SLC12A4,0.3157576978897928
SLC12A5,189.9406879761425
SLC12A6,0.090048263081437
SLC12A7,3.339944645136865
SLC13A1,1.3898493503991496
SLC13A2,0.004711193538530117
SLC13A3,6.533953994877295
SLC13A4,0.08883473989383533
SLC13A5,13.39453265994451
SLC14A1,3.6954323108016203
SLC14A2,0.010665267119252827
SLC15A1,0.09490302837853704
SLC15A2,17.774785397042795
SLC15A3,2.8124622335989655
SLC15A4,8.527687619430111
SLC16A1,16.33627364504663
SLC16A10,0.09009143263618584
SLC16A2,10.879877483033688
SLC16A3,1.438719752098056
SLC16A7,0.10684443868702238
SLC16A8,0.7315115460742109
SLC17A1,0.005048934290259417
SLC17A2,0.014797084619435076
SLC17A3,0.0010185215935857932
SLC17A4,0.016758172785412122
SLC17A5,7.07179838910299
SLC17A6,8.457238486760419
SLC17A7,1535.4905801820355
SLC17A8,0.07940995103764939
SLC18A1,0.058656845323138175
SLC18A2,4.098964410615859
SLC18A3,0.001559336037330356
SLC19A1,7.634465355702328
SLC19A2,4.961069997611407
SLC19A3,1.6080689297591655
SLC1A1,20.440911776778048
SLC1A2,2765.244334458267
SLC1A3,1936.3271580640398
SLC1A4,10.786958730259437
SLC1A5,0.20415002522181142
SLC1A6,4.413958206923
SLC1A7,0.6699055188093431
SLC20A1,52.35495796823916
SLC20A2,46.99862863415372
SLC22A1,0.049691205151456475
SLC22A10,0.9995332522981238
SLC22A11,0.013904764207761825
SLC22A12,0.0009906527766933195
SLC22A13,0.047776089204233194
SLC22A16,0.00972301125781658
SLC22A18,1.8983220159485588
SLC22A2,0.002880600678758598
SLC22A3,0.813329601436846
SLC22A4,1.1653084462143803
SLC22A5,7.317821800620499
SLC22A6,2.0487411437597856
SLC22A7,0.07101197281200668
SLC22A8,0.028126394011261702
SLC22A9,0.9530156003141383
SLC23A1,0.0570818866501551
SLC23A2,68.40680695888389
SLC24A1,1.0871724422113118
SLC24A2,33.885501367339174
SLC24A3,12.728891898342624
SLC24A4,1.6865742626986622
SLC25A1,435.82743960744375
SLC25A10,11.40432374622387
SLC25A11,2688.0745618943115
SLC25A12,1087.7056876897423
SLC25A13,71.24781248255911
SLC25A14,12.404358697952551
SLC25A15,1.1923678486473548
SLC25A16,4.754666978374613
SLC25A17,5.736911122187571
SLC25A18,281.8008675059495
SLC25A19,2.4896394070566155
SLC25A2,0.021398682657770812
SLC25A20,17.198366216380034
SLC25A21,0.050994036441560614
SLC25A22,208.05750461682007
SLC25A26,7.265396810383583
SLC25A27,35.42244254294351
SLC25A28,100.66331098300401
SLC25A29,40.24631283512236
SLC25A3,1905.3245214782244
SLC25A37,8.677907235567696
SLC25A4,911.4684701415015
SLC25A5,4339.046593885231
SLC25A6,1478.8038076724192
SLC26A1,1.2766525170462606
SLC26A11,10.256371330285523
SLC26A2,0.6143187590961913
SLC26A3,0.0630615988743953
SLC26A4,1.9006856189819628
SLC26A6,3.639105234281761
SLC26A7,0.008733985064457196
SLC26A8,1.9457423903305098
SLC26A9,0.07353484241191052
SLC27A1,8.181140571838215
SLC27A2,0.7508255195580325
SLC27A3,6.3784226228432
SLC27A4,7.916304002569479
SLC27A5,8.541796112310859
SLC27A6,0.03189890552360543
SLC28A1,0.005793072238207413
SLC28A2,0.03939324121880684
SLC28A3,0.00664731503356612
SLC29A1,29.3373938729997
SLC29A2,13.563843185264417
SLC29A3,2.3634969154107197
SLC29A4,34.908113153822214
SLC2A1,56.168687304595665
SLC2A10,1.7614308319824723
SLC2A11,14.048962951622373
SLC2A12,4.751649133023969
SLC2A13,22.950349890270367
SLC2A14,0.013678849468851631
SLC2A2,0.7271472329221568
SLC2A3,51.47057865382356
SLC2A4,1.3776126898487375
SLC2A5,1.4596121264509772
SLC2A6,34.54927831229876
SLC2A7,0.02769435809366143
SLC2A8,13.42039048584974
SLC2A9,0.15025835498520318
SLC30A1,17.81768390554225
SLC30A6,2.0366920504874413
SLC30A7,9.393422369968068
SLC31A1,5.627106290403833
SLC32A1,5.627106290403833
SLC33A1,494.10452331405736
SLC34A1,0.052920680058348275
SLC34A2,0.012610858232128031
SLC34A3,0.1959748776069805
SLC35A1,79.27717209166046
SLC35A2,7.236690304998487
SLC35A3,3.280061477678288
SLC35B2,0.8810507117211172
SLC35B4,10.226750050332052
SLC35C1,6.589859636811926
SLC35D1,2.2638544336382878
SLC35D2,3.7463230912453693
SLC36A1,7.566068943824394
SLC36A2,0.002155315573221447
SLC36A4,4.680877066605927
SLC37A1,5.042135503579742
SLC37A4,7.832014178041083
SLC38A1,25.676977088053683
SLC38A2,45.33959307657559
SLC38A3,39.873562559359165
SLC38A4,0.017285673627560606
SLC38A5,13.317038981148897
SLC39A7,15.81474188032694
SLC3A1,0.10893599568409047
SLC3A2,97.72197051119443
SLC40A1,8.603593731956147
SLC41A1,22.789828600807457
SLC41A2,3.3857632320504782
SLC43A1,3.0030720433541247
SLC43A2,14.226490854467494
SLC46A1,4.33573332132994
SLC47A1,1.2469787321759145
SLC47A2,0.006652554873972014
SLC4A1,0.07378344141770557
SLC4A10,22.469688968889738
SLC4A2,4.903163683620046
SLC4A3,65.68874392914807
SLC4A4,62.25055906159422
SLC4A5,0.33761000586906653
SLC4A7,0.2385477602973347
SLC4A8,2.7119198653319154
SLC4A9,0.07224574163961525
SLC51A,0.36025826646122167
SLC51B,0.18204385625643166
SLC52A1,0.022780213602644844
SLC52A2,15.644947303446695
SLC52A3,0.7563683482636404
SLC5A1,0.009319429158864563
SLC5A10,0.012729068395431316
SLC5A11,3.3403531556191672
SLC5A12,0.05121956796293982
SLC5A2,0.06681151090818933
SLC5A3,0.1255683507315296
SLC5A5,0.018300418813104895
SLC5A6,24.385081256230773
SLC5A7,0.0014256221416767117
SLC5A8,0.02703187584240988
SLC5A9,0.06502551447026078
SLC6A1,480.96208722874377
SLC6A10P,0.3354345050980549
SLC6A11,39.44869639635678
SLC6A12,33.86004010515264
SLC6A13,10.68468278185164
SLC6A14,0.3354345050980549
SLC6A18,0.00478784065315101
SLC6A19,0.0035649237836470073
SLC6A2,0.0102691074095171
SLC6A20,0.0630615988743953
SLC6A3,0.11152113387915114
SLC6A4,0.05207899878266788
SLC6A5,0.042110896106555794
SLC6A6,0.6679555866196601
SLC6A7,108.64042570816032
SLC6A8,89.2067099869471
SLC6A9,4.831794065700704
SLC7A1,14.345847055568274
SLC7A10,34.72857226224127
SLC7A11,16.922645731601065
SLC7A2,3.892944284171735
SLC7A3,0.3435911655695411
SLC7A5,14.978633876386397
SLC7A6,3.016431762481076
SLC7A7,0.25624500674010015
SLC7A8,29.459985140686694
SLC7A9,0.3358956125716263
SLC8A1,5.003853445407339
SLC8A2,108.53624512146932
SLC8A3,3.892944284171735
SLC8B1,4.99314841098335
SLC9A1,26.555974072638232
SLC9A2,0.29567779644632647
SLC9A3,0.5029798197100516
SLC9A4,0.314551529377227
SLC9A5,8.308052795267004
SLC9A7,0.9422142431347607
SLC9A8,7.600246652270042
SLCO1A2,28.775234004668174
SLCO1B1,0.5745214485775751
SLCO1B3,0.04767210311424515
SLCO1C1,29.06817331328572
SLCO2A1,1.7753447681869194
SLCO2B1,17.75334647758642
SLCO3A1,6.162367826893317
SLCO4A1,4.054062983448912
SLK,19.45052853475152
SMARCD3,120.97450434221366
SMG1,0.7997083797506064
SMPD1,31.889917740366236
SMPD2,5.2393285146445265
SMPD3,12.349838832898138
SMPD4,9.447173732762897
SMS,273.44274696842393
SMURF1,8.98758020995984
SMURF2,8.892948505511308
SMYD3,5.6074801802274665
SNRK,21.8557025892779
SOAT1,2.0911274598892042
SOAT2,0.3336611291146565
SOD1,4777.080433419456
SOD2,33.40261116090817
SOD3,22.378442503576895
SORD,1.3000974501366451
SPCS1,255.06625749381496
SPCS2,378.963179391519
SPCS3,317.07200668849663
SPEG,14.840216439781495
SPHK1,1.064826070171811
SPHK2,6.072618749686796
SPR,293.4776639408666
SPRYD3,374.4793183548589
SPTLC1,20.402509387551902
SPTLC2,2.9042851484635452
SPTLC3,0.07234468734674283
SQLE,0.4309506996189735
SRC,10.937951019655076
SRD5A1,10.156491103703605
SRD5A2,0.3354345050980549
SRD5A3,3.794556352287096
SREBF1,47.304501514198314
SRM,752.2706829168332
SRMS,0.019515130203815727
SRPK1,5.028016896803305
SRPK2,51.271436679180695
SRPK3,1.7244701482569382
SSH1,8.538268406631797
SSH2,3.773256711347331
SSH3,13.281313105039862
SSR4,147.63218895217443
SSU72,336.33639084402114
ST3GAL1,5.598715614573303
ST3GAL2,11.94684808646265
ST3GAL3,34.3191213351346
ST3GAL4,16.627048923128115
ST3GAL5,43.15251172899335
ST3GAL6,6.293714070126399
ST6GAL1,8.871559553800482
ST6GALNAC1,1.51608563470464
ST6GALNAC2,0.1595308973496738
ST6GALNAC3,1.0831002784636852
ST6GALNAC4,11.448164304459988
ST6GALNAC5,21.8557025892779
ST6GALNAC6,502.77357915036293
ST8SIA1,2.408706704599474
ST8SIA4,0.8086193909084234
ST8SIA5,19.864453334198057
STAMBP,11.959696129095978
STAMBPL1,3.7378284263041586
STARD3,34.293573652318514
STK10,0.14415569853729063
STK11,71.12292841500611
STK16,1.6058495363336946
STK17A,8.82526394520781
STK17B,2.536751882918049
STK19,6.848162605138408
STK24,30.223077626758045
STK25,6.237731910122183
STK26,0.629690691282171
STK3,3.163766596435409
STK31,0.0856619558631596
STK32A,1.6671399983648265
STK32B,0.8916015023411165
STK32C,54.135679281625904
STK33,2.6265228144017945
STK35,11.979650887929347
STK36,22.19624679427927
STK38,10.316454274188521
STK38L,11.085462572777574
STK39,54.73073851521505
STK4,1.5462603257141003
STRA6,0.0028178896331497415
STS,11.320579898058265
STT3A,3.866077704638305
STT3B,32.593516721786685
STUB1,155.0796146639787
STYK1,2.4074477998579784
STYXL1,13.122841413856937
SUCLA2,301.3605052167961
SUCLG1,367.73763392791994
SUCLG2,736.3293763255424
SULT1A1,40.43303397773701
SULT1A2,1.1188690894134328
SULT1A3,0.20840194210212457
SULT1B1,0.07875124847355204
SULT1C2,0.0053507296125034605
SULT1C4,9.515501354150127
SULT1E1,1.3273511575593253
SULT2A1,3.553854432798619
SULT2B1,0.11398825565847752
SULT4A1,474.26343370542367
SUOX,16.08178922335107
SUV39H1,4.7863851402019
SUV39H2,0.913896047647056
SYK,0.5211484321268078
SYNJ1,0.39117531326323507
SYNJ2,0.12807376943703458
SYVN1,0.6462210794180064
TAF1,5.798249676551351
TALDO1,159.13779910963348
TAOK1,4.286171675305851
TAOK2,39.44869639635678
TAOK3,35.577131454421476
TARS,85.80330155986773
TARS2,2.1803496257867816
TARSL2,20.714516733677858
TAT,0.006095653342938299
TBCB,376.05969013931997
TBK1,1.2201753032760128
TBL1X,15.826316123030587
TBL1XR1,12.775927671097968
TBXAS1,0.5538197734696882
TCIRG1,8.090249056632045
TDO2,0.2598556625278332
TECR,314.0120828394215
TECRL,0.011026397758419067
TENT2,0.15316461371698084
TENT4A,0.45357387630786017
TESK1,56.31079789096362
TESK2,3.502084965335101
TFRC,93.27430565317904
TGDS,4.06274329376518
TGFBR1,3.2227843827956626
TGFBR2,12.617204235405145
TGM1,1.1580515742485902
TGM2,13.809844817571506
TGM3,0.13274917130775055
TGM4,0.002473651426559112
TGM5,0.008593424547687604
TGM6,0.018105422639918517
TGM7,0.01438308791538765
TGS1,4.553607485986303
TH,0.008957302542193768
THNSL1,3.3129115840707106
THTPA,7.637558287033424
TIAM2,5.429179118535785
TICRR,0.16118248668172733
TIPARP,5.80938931787476
TK1,0.3337373050661681
TK2,16.753563312362452
TKFC,17.655218887752373
TKT,115.46873262658713
TKTL1,0.029380181163885657
TKTL2,0.0033013273532727853
TLK1,20.68611513293957
TLK2,0.3349134502798761
TM7SF2,62.550177233440465
TMEM91,9.174045070044494
TMLHE,1.0983918446797398
TMX3,18.7031273168129
TNFRSF21,41.370079903618205
TNIK,27.99794652156328
TNK1,0.6618609089881068
TNK2,255.15345797164304
TNKS,9.728534432745047
TNKS2,20.820190101151734
TNNI3K,2.3936114306046288
TNS2,1.434061794943761
TOPORS,6.7533631272031425
TP53RK,4.096063571188792
TPH1,0.12216281810537456
TPH2,0.002548434378746564
TPI1,14043.798329717607
TPI1P2,0.2269137232261395
TPK1,1.5618968725551388
TPMT,30.867078145024845
TPO,0.10492760272255669
TPP1,115.29226897992118
TPSAB1,0.2538914889232587
TPSB2,0.5405863249110331
TPSD1,2.384817541927021
TPST1,11.347207828100045
TPST2,12.75047581509835
TPTE,0.3354345050980549
TPTE2,0.32013018359828654
TRAF7,45.00969948980359
TRDMT1,0.3707715746230103
TREH,0.02110591147280568
TREX1,6.899316162439074
TREX2,0.3083488532830744
TRHDE,4.318073868234563
TRIB3,2.7849450126996826
TRIM11,5.036005153023333
TRIM32,1.2643166854081642
TRIM33,6.608008764142953
TRIM63,0.04241105125752382
TRIO,2.16142996288313
TRIP12,9.223172335052372
TRIT1,12.726930207247197
TRMT1,13.102332942243267
TRMT11,13.39453265994451
TRMT1L,6.049455871563101
TRMU,10.624812705473763
TRPM6,0.313822406042261
TRPM7,2.5456914690509334
TSSK1B,0.20447763106973466
TSSK2,0.0231714118888251
TSSK3,1.7753447681869194
TSSK4,0.8598718304812227
TSSK6,0.43342249471471095
TST,26.317630989429013
TSTA3,127.02336466662258
TTC3,84.26784588687121
TTK,0.0022188504906678263
TTL,2.0126073926272072
TTLL10,0.04848634622263155
TTN,0.06724788574539795
TUSC3,2.5358614206379158
TUT1,0.2806935246575969
TUT4,0.6950417161591614
TUT7,0.1907089895411479
TXN,1731.219895959037
TXN2,67.07152156159495
TXNRD1,89.60465257505705
TXNRD2,12.184724971143844
TXNRD3,0.40355111769196894
TYMP,1.0749681823236812
TYMS,13.766977855089332
TYR,0.1046323172264974
TYRO3,143.47273901722792
TYRP1,0.45113599274669736
UAP1,19.95084177398769
UAP1L1,12.351784868893532
UBA1,472.6438182300731
UBA2,168.11955097520428
UBA3,91.14703412007697
UBA6,62.56533899514386
UBA7,7.6036666792605985
UBE2A,44.403391679652415
UBE2B,95.66029601009558
UBE2C,0.5409114336561947
UBE2D1,16.123559943167432
UBE2D2,50.61030704333347
UBE2D3,881.7069065160888
UBE2D4,23.942947178649682
UBE2E1,66.93723738090357
UBE2E2,9.89057163714462
UBE2E3,20.845785421624
UBE2F,2.1180920115481916
UBE2G1,16.58406559471641
UBE2G2,11.295191851788234
UBE2H,344.4615537987604
UBE2I,515.1577887970956
UBE2J1,9.398294616164756
UBE2J2,27.15432585211276
UBE2K,983.239702942389
UBE2L3,3184.8545281347274
UBE2L6,38.154487653851085
UBE2M,597.9220355428885
UBE2N,54.8002860991285
UBE2NL,0.3354345050980549
UBE2O,49.91145687429991
UBE2Q1,9.472362338250957
UBE2Q2,2.918792212117347
UBE2QL1,74.08643241372535
UBE2R2,18.19483918116042
UBE2S,53.01369562694904
UBE2T,5.434320507402297
UBE2U,0.023784263818109993
UBE2W,9.845595118036643
UBE2Z,73.85857480761666
UBE3A,24.02303496811764
UBE3B,11.248388200200655
UBE3C,4.803094700536918
UBE4A,0.5014435007563294
UBE4B,4.413022200758975
UBLCP1,147.4832888696903
UBR1,0.7333501744610256
UBR2,3.512564606245174
UBR3,0.06958311886722028
UBR4,6.627812035241752
UBR5,0.7073388792341566
UBR7,28.483087043987577
UCK1,31.551086822716254
UCK2,2.593691192703437
UCKL1,20.019221074780624
UCP1,0.058364989262093596
UCP2,3.4354871807232947
UCP3,0.5133766042297249
UEVLD,6.576693956245662
UGCG,11.410039537988851
UGDH,23.91765692316217
UGGT2,5.304497291243224
UGP2,3144.2105963573754
UGT1A1,0.5818457107151666
UGT1A10,0.14272264379251745
UGT1A3,1.0114790584917612
UGT1A4,0.0951329295757727
UGT1A5,0.4044927492424471
UGT1A6,0.17846484523713252
UGT1A7,0.817507176308654
UGT1A8,0.1293154038699776
UGT1A9,0.11549856641655931
UGT2A1,0.3354345050980549
UGT2A3,1.2389146853275619
UGT2B10,1.2536713325042186
UGT2B11,0.23720441855058141
UGT2B15,0.0049396967719147955
UGT2B17,0.02208115949685527
UGT2B28,0.6936387983112186
UGT2B4,0.7544150219594951
UGT2B7,0.01969334594157426
UGT3A1,0.12021469926971337
UGT3A2,0.012082575361726553
UGT8,21.742500195993102
UHMK1,25.629688936360377
UHRF1,0.08289154411895398
UHRF2,4.7169806445204765
ULK1,49.54481061894923
ULK3,174.5549111381975
ULK4,0.21452580893526108
UMPS,77.72788606478649
UPB1,0.15514892823582915
UPP1,7.542521792831519
UPP2,0.8189914598564367
UPRT,3.8555345578224944
UQCR10,101.55641925042643
UQCR11,156.64384364594497
UQCRB,203.7940631006187
UQCRC1,2141.6542712584574
UQCRC2,2897.4980818846593
UQCRFS1,499.3899741013148
UQCRH,151.4948793942066
UQCRQ,183.3028423753205
UROC1,0.04418042894319902
UROD,72.28153423079247
UROS,71.24705570562222
USP1,10.206398667184875
USP10,5.848524625289739
USP11,408.68658108729454
USP12,32.744818851022295
USP13,1.7198647753544734
USP14,112.50047966700225
USP15,3.2138016955914557
USP16,34.626088300545945
USP17L2,0.005537019228971044
USP17L22,0.04998256910149056
USP17L30,0.050968258904732194
USP17L5,0.050968258904732194
USP17L9P,0.3354345050980549
USP18,0.8954682641525018
USP19,1.3166844772061637
USP2,19.55588076668555
USP20,25.558800276335322
USP21,28.775234004668174
USP22,129.66881920421733
USP24,3.129439234039917
USP25,0.167604575022243
USP26,0.08118014005684498
USP28,7.421273050524679
USP29,0.08228852752006045
USP3,0.35456928200998133
USP30,0.4258502624899065
USP31,5.581384607114019
USP32,0.4847886458823518
USP33,61.145314856308644
USP34,8.26955550268971
USP35,8.41504384649637
USP36,8.152607937581205
USP37,0.17393079245620088
USP38,2.5597562980559285
USP4,3.479180999468827
USP40,0.7015582964029009
USP41,0.01825925982468899
USP42,2.5456914690509334
USP43,4.6403490494005135
USP44,0.1718089628076686
USP45,1.957646047271663
USP46,32.69436406793992
USP47,7.714275728691628
USP48,0.4745785513932745
USP49,1.9970648546425236
USP51,1.0739528191833596
USP6,0.2086643598216808
USP7,43.48245895803509
USP8,0.9327023336453357
USP9X,5.8898187762735175
USP9Y,9.102207142204701
UST,6.030155499191494
UXS1,14.597560360310068
VARS,110.56301711576067
VARS2,172.92965572615418
VKORC1,27.32249911930872
VNN1,0.007340264703515588
VNN2,0.19449223721813735
VNN3,0.027673407911658846
VRK1,37.837589041458735
VRK2,0.9399112814542965
VRK3,9.502795701559435
WARS,317.9607241645416
WARS2,6.759750677888579
WDYHV1,7.458678088115176
WEE1,0.36886102281342714
WEE2,0.0037256373649871156
WNK1,7.3063793874523455
WNK2,22.74402055369434
WNK3,0.8906355087947185
WNK4,0.1055837617255202
WWOX,7.744239694860727
WWP1,13.118886121022411
WWP2,0.1817048214853843
XDH,0.010962284508167587
XPO6,0.5475154897391673
XPO7,40.27297318328653
XYLB,0.17681250805151516
XYLT1,7.441669587741672
XYLT2,8.921488437956988
YARS,1596.1042399166483
YARS2,18.52914180721013
YES1,10.067927750803122
ZADH2,17.903563492419853
ZAP70,0.3289132209313803
ZC3HAV1,0.7660722926466615
ZNRD1,4.687296931122493
ZNRF1,18.7031273168129
ZNRF2,1.7550024868173384
ZSWIM2,0.010434180564585546
