A4GALT,7.308847538354221
A4GNT,0.007263279384785249
AACS,41.737141583466645
AADAC,0.16620180436760246
AADAT,0.7159645990519556
AAK1,2.109054391234677
AANAT,0.0024883316609367726
AARS,183.91807598856317
AARS2,6.373897166139469
AASDH,2.3937030705106994
AASDHPPT,10.8270800865981
AASS,1.5009377187310042
AATK,0.09315403519250573
ABAT,2.8218206632980496
ABCA1,0.9476317685543356
ABCA3,0.25239598010177255
ABCA4,0.003175166895185099
ABCA8,0.6620297347063875
ABCB1,0.6288272219462314
ABCB11,0.0020974269387804612
ABCB4,0.01561958630734227
ABCB6,19.57140558672133
ABCC1,1.2795541785477345
ABCC11,0.009861814886915234
ABCC2,0.003145121752630067
ABCC3,8.229151394210689
ABCC4,0.23436938466790885
ABCC5,15.139186089379374
ABCC8,0.0006008865832589972
ABCC9,0.05462004506852638
ABCD1,0.4674041800905054
ABCD2,0.0008085385917824289
ABCD3,31.777155154573386
ABCG2,0.1441731380299188
ABCG5,1.2713802635918894
ABCG8,0.026673876708283938
ABHD12,20.07108977118853
ABHD5,14.854268268291992
ABHD6,3.162872685280443
ABL1,12.205892293355351
ABL2,0.44582967265376683
ABO,1.826137692556332
ACAA1,56.56084487175143
ACAA2,15.527449306767545
ACACA,14.248177563232153
ACACB,0.7709328136974997
ACAD10,4.503040583361548
ACAD11,2.0225554864751234
ACAD8,17.162880834335823
ACAD9,322.533866230781
ACADL,0.13246241077068477
ACADM,21.49203175787584
ACADS,13.472557788437072
ACADSB,49.01775154984193
ACADVL,1040.8875118698622
ACAT1,6.771348356219866
ACAT2,23.790631627308706
ACE,0.4622503049912365
ACE2,0.21424609615091542
ACER1,4.748987514630086
ACER2,0.24950926479158045
ACER3,3.0828198969490654
ACHE,0.4005823565263181
ACLY,35.47650912983687
ACMSD,0.10436447862188088
ACO1,6.329354281472859
ACO2,39.88321835639722
ACOT1,0.20399137415972807
ACOT11,1.7505181004185264
ACOT12,0.09846384054416166
ACOT13,1.3292687043695057
ACOT2,1.5296020387393614
ACOT4,0.2770192277519313
ACOT6,0.009586111032012986
ACOT7,16.486020524023544
ACOT8,16.676491350346687
ACOX1,4.493555279836822
ACOX2,1.7280355049718288
ACOX3,41.83246156011404
ACP1,2947.6934722648043
ACP2,2.6435099465259544
ACP4,0.0036202735317779565
ACP5,18.917172142355483
ACP6,2.7736086876693777
ACP7,0.44999467512671487
ACPP,30.36223928098573
ACSBG1,0.05448475564104671
ACSBG2,0.3354345050980549
ACSF2,4.46340628083502
ACSF3,2.62677038117489
ACSL1,36.646404193562915
ACSL3,7.557290170540704
ACSL4,2.0107888667440927
ACSL5,1.5854456708841016
ACSL6,0.0018057473973412418
ACSM1,0.030858971428803943
ACSM2A,0.0023955679957060765
ACSM2B,0.0008244424710142746
ACSM3,0.2692588956578903
ACSM4,0.24076687484729298
ACSM5,0.01164967360900953
ACSS1,1.417567564441488
ACSS2,32.37473817899101
ACSS3,0.06303262746312194
ACVR1,4.095363390772537
ACVR1B,13.496845052363339
ACVR1C,0.0068661970462441935
ACVR2A,3.552478317688599
ACVR2B,0.12655120559999686
ACVRL1,0.60504785654214
ACY1,134.17200542613799
ACY3,0.7869331928627556
ACYP1,6.901213881306893
ACYP2,0.9712456799014397
ADA,3.66858608783735
ADCY1,0.008615682087271856
ADCY10,0.000827913124357616
ADCY2,0.011871624432022566
ADCY3,2.1588460112502728
ADCY4,1.3764664796403234
ADCY5,0.720963842025975
ADCY6,2.3720287030003986
ADCY7,0.5754427419068815
ADCY8,0.10844658669179806
ADCY9,0.8164335521267444
ADH1A,0.02019366969728775
ADH1B,24.485031329925107
ADH1C,0.29438851986542386
ADH4,0.023242333788993243
ADH5,249.92109969356056
ADH6,0.006220736409667637
ADH7,1641.8951260290019
ADHFE1,0.7550024391217951
ADI1,33.34649137482335
ADK,42.26580081120289
ADO,10.610005894821402
ADPGK,85.04323196599535
ADPRH,1.347385751172873
ADSL,228.24568502653477
ADSS,150.70972410019363
ADSSL1,2.119216905562291
AFMID,9.834623010256358
AGA,43.886076128261195
AGK,5.176120021343185
AGL,0.4134051297180419
AGMAT,0.03834475306981375
AGPAT1,3.328488846951412
AGPAT2,299.3206395336433
AGPAT3,13.375550899357416
AGPAT4,0.21900664444424486
AGPAT5,6.222153910870139
AGPS,21.470122039094605
AGT,0.030814005648482284
AGXT,0.01877021380591864
AGXT2,0.07273189725255508
AHCY,9256.067526951421
AHCYL1,15.797186631721752
AHCYL2,3.7401488574422452
AICDA,0.0009374546355617892
AK1,136.78270135247118
AK2,628.3040188568871
AK3,103.76995432986773
AK4,205.31001317678962
AK5,0.002758484656092684
AK7,0.047033788221394916
AKR1A1,237.1540200742214
AKR1B1,13.936435168716994
AKR1B10,296.22476875416504
AKR1B15,0.03211522395674764
AKR1C1,2.9810918247272413
AKR1C2,34.220375992986156
AKR1C3,10.357846310671205
AKR1C4,5.522781755496033
AKR1C8P,0.3354345050980549
AKR1D1,3.5763124860476507
AKR7A2,474.78470570292336
AKR7A3,1.4047298797757413
AKT1,1.8967969578556332
AKT2,1.0363164768050939
AKT3,0.2238063965479426
ALAD,343.1341441663305
ALAS1,22.593553535725352
ALAS2,0.025364704806315988
ALB,1.0530245705187398
ALDH18A1,135.42429257902904
ALDH1A1,12.002656735367474
ALDH1A2,0.007940967380158957
ALDH1A3,2.354551611155303
ALDH1B1,3.469322328028766
ALDH1L1,0.5278459359786364
ALDH1L2,0.03864677953032801
ALDH2,1399.6395551676374
ALDH3A1,2401.900900088076
ALDH3A2,331.0145819621314
ALDH3B1,4.61690617965994
ALDH3B2,288.31212752709433
ALDH4A1,58.414606684502075
ALDH5A1,3.605104253309162
ALDH6A1,2.726859666338118
ALDH7A1,52.70988490202721
ALDH9A1,1277.6208533831689
ALDOA,7162.20718689861
ALDOB,0.04578858675795737
ALDOC,34.63745228259145
ALG1,2.476833610916732
ALG10,0.6678189187589798
ALG11,0.18922290632958505
ALG12,2.4530545856095567
ALG13,7.334450089461933
ALG14,0.4269617142104716
ALG1L,0.011739933806463402
ALG1L2,0.027535552181150738
ALG2,59.950384887205
ALG3,2.743885240223533
ALG5,14.749640677411001
ALG6,4.322787869779135
ALG8,9.212777109950336
ALG9,2.6649384405626284
ALK,0.00495027160725719
ALLC,0.09874098907430014
ALOX12,34.505566796321965
ALOX12B,37.376774882383415
ALOX15,0.011921131244602918
ALOX15B,94.12263864002024
ALOX5,2.8623506773400575
ALPG,2.1334538652401167
ALPI,0.09522613776587274
ALPL,0.8488830688840835
ALPP,0.12394730653401177
AMACR,104.55211383459523
AMD1,126.91276232164715
AMDHD1,0.04673755393497123
AMDHD2,4.007701036555751
AMFR,0.22438057903747596
AMHR2,0.010663934135839551
AMN,10.135692285078562
AMPD1,0.00460667929414487
AMPD2,5.074931095108228
AMPD3,4.001290347427608
AMT,3.3141775663138278
AMY1A,2.6438139326066277
AMY1B,0.0004449705276562197
AMY1C,2.6438139326066277
AMY2A,0.13192141586915287
AMY2B,1.2283036540385304
ANAPC11,47.65048893735029
ANGPTL4,27.367284839650065
ANKRD1,0.01470902153087852
ANPEP,0.3504835680156381
ANXA3,348.6247631178117
AOAH,0.08789185705852205
AOC1,0.20794829871302492
AOC2,0.2781664784289382
AOC3,6.565237498763603
AOX1,0.1967672587114837
APOA1,0.20461450951002247
APOA2,0.0770192143088081
APOA5,0.0016357726980084201
APOB,0.0048759707984272664
APOC1,0.45711502060005876
APOC2,27.211319250515267
APOC3,0.1878064032361579
APOE,4.9405950804871726
APRT,2301.113762463645
AQP1,44.525675810484444
AQP10,0.0035617934809416213
AQP2,2.053743019254548
AQP3,8571.149774419124
AQP4,0.00339904022238597
AQP5,0.05466065313496668
AQP7,0.08464213191152989
AQP8,0.0025902756135527147
AQP9,0.2223103542715711
ARAF,0.8680203160353683
ARCN1,159.5473307052591
ARG1,0.08839776743727483
ARG2,5.046140493691573
ARSA,23.069740232702024
ARSB,0.3038855144575892
ART1,12.508037072622695
ART3,0.00098337380641181
ART4,0.0010735411155451343
ART5,0.021700612827566718
AS3MT,0.9008412594513733
ASAH1,72.70606673273895
ASAH2,0.002656436629550372
ASH1L,0.010389192056451705
ASL,250.6595865173457
ASMT,0.0068317123855132144
ASNS,312.76708604948544
ASPA,0.10594586910918809
ASPG,24.859337530426384
ASPH,84.03546389658526
ASRGL1,0.015764023773917495
ASS1,226.43536766899234
ATE1,4.371983047818525
ATIC,235.28565590293616
ATM,0.35195237018464065
ATP10A,0.0381398150305978
ATP11A,1.5335970995457207
ATP11C,0.8707430128911268
ATP1A1,76.97772352144234
ATP1A2,0.8167592674476216
ATP1A3,0.011510626300754653
ATP1A4,8.854064531433167
ATP1B1,162.74660974601423
ATP1B2,0.299313038804555
ATP1B3,120.57272081223181
ATP1B4,0.00021070968886622898
ATP2B1,4.326892903490764
ATP2B2,0.0032404016467580355
ATP2B3,7.849846211294938e-05
ATP2B4,11.676703502411689
ATP4A,0.0031832304369640092
ATP4B,0.2703572249398832
ATP5F1A,124.53265572432873
ATP5F1B,167.30632217246165
ATP5F1C,21.50971022167614
ATP5F1D,155.46511749348954
ATP5F1E,125.55773209538297
ATP5MC1,4.311892001287344
ATP5MC2,2.868050998110428
ATP5MC3,5.997867959791037
ATP5ME,117.38991896387836
ATP5MF,1.481717785000078
ATP5MG,179.57272888452187
ATP5MGL,23.718922705117464
ATP5PB,5.524565248774745
ATP5PD,6.7181129554220975
ATP5PF,4.959033242795014
ATP5PO,42.13932100131758
ATP5S,0.3354345050980549
ATP6V0A1,0.49973316176226545
ATP6V0A2,0.27254438356383126
ATP6V0A4,0.42537941388934136
ATP6V0B,97.61213638719819
ATP6V0C,1209.8182267556278
ATP6V0D1,338.0857895283446
ATP6V0D2,0.1314675993445951
ATP6V0E1,211.56364627990632
ATP6V1A,154.72959861112656
ATP6V1B1,0.25350912269519765
ATP6V1B2,359.5879711599559
ATP6V1C1,9.669508594043045
ATP6V1C2,6.29155552472123
ATP6V1D,37.04186386671482
ATP6V1E1,103.64989227024834
ATP6V1E2,0.1522201205606938
ATP6V1F,47.5194840944238
ATP6V1G1,90.79008463779054
ATP6V1G2,0.06269263527278955
ATP6V1G3,0.2330917175245828
ATP6V1H,13.9402927324921
ATP7A,1.492214357111146
ATP7B,0.028867753181943817
ATP8A1,0.36067839750116976
ATP8B1,12.01045298095259
ATP8B2,0.5101344548277273
ATR,0.025716530366250122
AUH,1.786162587108916
AURKA,0.0851816339041092
AURKB,7.387153116031123
AURKC,0.13282347318910523
AWAT1,0.0633604788899994
AWAT2,0.6905945531355334
AXL,0.013684155091578897
AZIN2,0.7963414524148358
B3GALNT1,1.001442930628106
B3GALNT2,1.3576000673513444
B3GALT1,0.00038911460945649143
B3GALT2,0.02885067557006111
B3GALT4,8.05733192184278
B3GALT5,0.0022202070808266497
B3GALT6,4.401354159403527
B3GAT1,0.0009465087910013409
B3GAT2,0.36518406307659607
B3GAT3,17.190791941971305
B3GLCT,0.7866139610071975
B3GNT2,22.45966485102464
B3GNT3,17.252146497583677
B3GNT4,0.1522201205606938
B3GNT5,7.123814743774043
B3GNT6,0.20732188146217395
B3GNT7,0.0750002130541139
B3GNT8,95.58687222512985
B3GNT9,0.8954662201397878
B3GNTL1,0.5318083980502066
B4GALNT1,0.01786844255903324
B4GALNT2,0.09994393291962501
B4GALNT3,4.222451768073296
B4GALNT4,1.4779754292220764
B4GALT1,37.50083836037413
B4GALT2,16.989698900687152
B4GALT3,30.38331523620519
B4GALT4,3.238492912530742
B4GALT5,25.31490456168831
B4GALT6,0.331352706947817
B4GALT7,15.055204363147698
B4GAT1,2.277812689362301
BAAT,0.005654562566171422
BARD1,4.440809244577053
BBOX1,11.800532453930023
BCAP31,1830.0329472324995
BCAT1,0.011805719498433419
BCAT2,17.480655137050498
BCHE,0.3448062210872067
BCKDHA,12.78735923830803
BCKDHB,4.189176808200096
BCKDK,30.183285523915394
BCO1,0.06461878427195712
BCR,0.5153022897353025
BDH1,21.85090439198077
BDH2,11.422650042758502
BHMT,0.001304633028472645
BHMT2,0.6303338362839466
BIRC6,2.312294350801858
BLK,0.00026846602270015016
BLVRA,745.8425153329101
BLVRB,2250.3798997454032
BMP1,8.029950223322029
BMP2K,0.28259574552952654
BMPR1A,0.9644299250656582
BMPR1B,0.027687387498917457
BMPR2,2.8047860344335716
BMX,0.05216158304751055
BPGM,4.430109682871543
BPNT1,6.571647097723257
BRAF,2.0657230564609486
BRAP,0.16279757358291302
BRPF1,3.462551737672818
BRSK1,0.10532549950253299
BRSK2,0.005474047042772376
BSCL2,25.87312034628714
BSG,81.97746078486455
BTD,1.7346871742187935
BUB1,3.259913264702263
BUB1B,0.28904384604301914
C1GALT1,11.823797560086199
CA1,0.3354345050980549
CA12,101.37631131152007
CA13,33.94338948386225
CA14,0.04289231341127991
CA2,37.738057145206085
CA3,0.2941546813051582
CA4,0.029741240739199842
CA5A,0.08417582761312976
CA5B,0.2549161416236185
CA6,10.425839500790367
CA7,0.011494303465043564
CA8,0.006060974487180406
CA9,0.10843914059554381
CAD,30.887239834290266
CALM1,395.6763815117291
CAMK1,1.9062281923568867
CAMK1D,1.9505631171331568
CAMK1G,0.0018493115257830711
CAMK2A,0.018693720662920126
CAMK2B,0.04377110740542677
CAMK2D,239.47375592201715
CAMK2G,5.7973587771931285
CAMK4,0.06214142308950167
CAMKK1,3.3553238942389743
CAMKK2,6.399302908391008
CANT1,29.335357991432353
CARM1,17.87149461046396
CARNS1,0.03986254783908867
CARS,7.696993195540656
CARS2,12.520615750303937
CASK,7.9787643904728585
CAT,46.68036981765942
CBLC,67.13548684929965
CBLL1,2.8917661126175163
CBLL2,0.027434690025870352
CBR1,273.77242345886117
CBR3,537.1347035291651
CBR4,32.40753794124585
CBS,0.05234836056330812
CBSL,0.3354345050980549
CBX1,87.63372175574305
CCNB1IP1,9.710656684086782
CD36,0.28647196155544635
CD38,0.1577266864872904
CDA,1447.687816445481
CDC14A,0.2265933883225196
CDC14B,0.323364475824884
CDC25A,1.7280355049718288
CDC25B,22.24979113741945
CDC25C,0.5546346336488416
CDC34,5.652761120531575
CDC42BPA,0.3448332133181293
CDC42BPB,2.120235294860341
CDC42BPG,20.131308100773875
CDC7,1.9965437245748539
CDIPT,77.08010641462596
CDK1,35.37680712635735
CDK10,34.37384477945887
CDK11A,7.548998491855785
CDK11B,8.485594064556162
CDK12,4.645516518543788
CDK13,10.656473189614228
CDK14,0.10109884329313112
CDK15,0.010624141886818705
CDK16,47.47982711641167
CDK17,7.31548429860766
CDK18,1.7974483287432503
CDK19,6.115389822822567
CDK2,17.042083862080737
CDK20,1.8690210945389558
CDK3,11.70762096575853
CDK4,8.66064472644042
CDK5,24.842351087832764
CDK6,10.662072013365007
CDK7,176.9478070756552
CDK8,5.81719896725099
CDK9,47.71963259872026
CDKL1,0.1683429841208446
CDKL2,0.010394301985853635
CDKL3,0.05030578283492025
CDKL4,0.0014797304886781746
CDKL5,0.05035850217490539
CDKN3,5.331109099329207
CDO1,0.10277278708796793
CDS1,23.732247788460967
CDS2,1.1935087886716125
CDY1,0.256335927830294
CDY1B,0.256335927830294
CDY2A,0.04923577690024244
CDY2B,0.04923577690024244
CEL,4.61119100194254
CEPT1,1.501915769927654
CERCAM,0.8399925184840694
CERK,9.212777109950336
CERS1,0.003184306077503921
CERS2,11.823797560086199
CERS3,46.48423972958978
CERS4,73.23431267095452
CERS5,5.542078057235364
CERS6,5.415177531676149
CES1,6.171837254899962
CES2,410.80472570008277
CES3,4.893919070058582
CES5A,0.03703753789261324
CFTR,0.018703276758292052
CH25H,93.10508343680932
CHAT,0.014545141103376102
CHD9,3.248687361770153
CHDH,0.13318485457265783
CHEK1,1.0645985422261697
CHEK2,4.062417858590783
CHFR,7.2161385761809465
CHI3L1,20.603341855345356
CHIA,0.34819723870797287
CHIT1,0.0010731632663182771
CHKA,0.9560729902873315
CHKB,38.95425442721448
CHMP4A,75.31934387712984
CHPF,23.59620011610069
CHPF2,4.905574582159194
CHPT1,3.264509302173998
CHST1,0.016621252830540036
CHST10,0.1760057204952454
CHST11,0.46686079361159327
CHST12,2.5283745220540434
CHST13,0.1279905302411138
CHST14,0.43629355754160687
CHST2,0.05693654939865292
CHST3,2.353173628953346
CHST4,0.00540365227057709
CHST5,0.013137650236712215
CHST6,0.0020347998749977777
CHST7,0.3646825371777069
CHST8,0.004247570142639119
CHST9,0.03141152629158872
CHSY1,5.093281543289776
CHSY3,0.007291415960515178
CHUK,0.6257375023603673
CHURC1-FNTB,3.2507362769424972
CIDEA,0.0529367846647794
CINP,0.46669152976627587
CIT,1.2954525566487187
CKB,114.54384149993972
CKM,0.5598133083916511
CKMT1A,18.485047570230297
CKMT1B,18.28807682724002
CKMT2,0.16406954398223972
CLC,1.416608020365395
CLCF1,1.3491569755094335
CLK1,6.955380971466196
CLK2,31.134579179260893
CLK3,1.088587471800427
CLK4,0.46174377877800804
CLOCK,4.8997457008073555
CLPS,3.6473855130292105
CLTRN,0.5786685643266595
CLYBL,0.29392090308611607
CMA1,0.9623678628869974
CMAHP,0.8525138485312515
CMAS,176.7478024918065
CMPK1,805.7927312322562
CMPK2,0.07389273034428503
CMTR1,6.687366417976581
CNDP1,0.00040691071229382783
CNDP2,54.85423334119179
CNOT4,2.558520151700829
CNP,45.60370787097068
COASY,806.1726274301041
COL4A3BP,2.272761858309208
COLGALT1,30.19380270453967
COLGALT2,0.008474879360770784
COMT,132.8302521646939
COMTD1,2177.5652230905257
COP1,0.4785008438550989
COPA,114.25033739420508
COPB1,88.55030099340912
COPB2,43.61040175159599
COPE,522.180656622933
COPG1,107.04997031001079
COPG2,107.05948301614795
COQ2,5.307168104288002
COQ3,9.66702592238571
COQ5,2.3326012867952834
COQ6,4.205803603340476
COQ7,0.1520424149718976
COX1,7.766401376158287
COX17,19.19797039657272
COX2,5.3369352212394165
COX3,0.33446363282071023
COX4I1,512.2230798408667
COX4I2,0.6333306906837937
COX5A,205.41187838208714
COX5B,610.417658700505
COX6A1,26.030967876433245
COX6A2,0.014700182637614917
COX6B1,87.04764372565135
COX6B2,0.1767978843157645
COX6C,94.42169374058213
COX7A1,2.8237696095445854
COX7A2,59.60835872097057
COX7A2L,9.077180950601262
COX7B,51.017805732253805
COX7B2,0.3354345050980549
COX7C,186.83325994506086
COX8A,2209.794691021046
COX8C,0.003967181535436558
CP,0.012808857507298344
CPA1,2.203656511818084
CPA2,0.18498378761829776
CPA5,0.3354345050980549
CPA6,0.6905215716418092
CPOX,116.31021585330592
CPS1,0.46767595028189435
CPT1A,0.19263864828952884
CPT1B,23.131684074030794
CPT1C,0.17501714149000322
CPT2,50.89824962049962
CRAT,6.796790799149997
CREBBP,0.10764558660626221
CRLS1,5.88510623042587
CROT,17.806767394485956
CS,4667.626819744536
CSAD,22.17363219273599
CSF1R,1.687887920073379
CSGALNACT1,0.6315320241774456
CSGALNACT2,2.020538275219445
CSK,154.09918634087046
CSNK1A1,44.594426095311604
CSNK1A1L,0.00042552269716559767
CSNK1D,47.516380767450435
CSNK1E,2.7676777742503145
CSNK1G1,3.3682158880380832
CSNK1G2,45.98902128558264
CSNK1G3,8.429930720219623
CSNK2A1,260.80789964397695
CSNK2A2,157.14962684289463
CSNK2B,429.48245662869726
CTBP1,39.51648218241796
CTDP1,1.1394010512421164
CTDSP1,72.70204070217883
CTDSP2,50.91807207317336
CTDSPL,15.578327246070543
CTDSPL2,1.4303637270626404
CTGF,0.3354345050980549
CTH,0.9254969442622564
CTPS1,7.012227508801206
CTPS2,1.613391787931663
CTSA,126.81101891286514
CTSB,611.5929062545451
CTSC,5.24151108195593
CTSD,1662.340629034992
CTSE,0.0010088203852348814
CTSF,6.165557005533892
CTSG,3.240530970022186
CTSH,28.021794319737886
CTSK,10.52922011425286
CTSL,0.5241589321491534
CTSO,1.9156622657777522
CTSS,4.095363390772537
CTSV,7.368648727934719
CTSW,0.0939438223475635
CTSZ,2.8506166676003954
CUBN,0.009637506112521125
CWC27,4.322787869779135
CYB5D1,8.043637289480275
CYB5R1,41.7973895402354
CYB5R2,9.020283444393915
CYB5R3,1883.1751380866863
CYBB,0.16271731347422197
CYBRD1,11.13236100913961
CYC1,921.7177004420953
CYLD,2.844268383130365
CYP11A1,2.262355113305645
CYP11B1,0.008430572092916805
CYP11B2,0.0008844370700374794
CYP17A1,0.01563761737381215
CYP19A1,0.3354345050980549
CYP1A1,1.5636676443205224
CYP1A2,0.021440356815416308
CYP1B1,1.023446311218757
CYP21A2,0.02073487520419934
CYP24A1,0.44262215038918984
CYP26A1,0.003159596224322609
CYP26B1,0.1762036531511267
CYP27A1,2.615354871829099
CYP27B1,0.3780482740345714
CYP2A13,0.04638837469548625
CYP2A6,0.0018646610477817556
CYP2A7,0.05996477628878289
CYP2B6,0.002211600981714324
CYP2C18,15.51897490547699
CYP2C19,1.4128949286292352
CYP2C8,0.02465056967716736
CYP2C9,2.738913225508341
CYP2D6,0.9445568253658797
CYP2E1,16.33932593237551
CYP2F1,0.24310866546847335
CYP2J2,7.455307040382127
CYP2S1,22.411910119083736
CYP2U1,0.27495806038286447
CYP39A1,1.004228395951468
CYP3A4,0.023468308976671685
CYP3A43,1.2489318499587934
CYP3A5,18.386476556997543
CYP3A7,0.008115253908630281
CYP46A1,0.005551177929102273
CYP4A11,0.004540136422370984
CYP4B1,34.07806906416378
CYP4F11,5.247468929525978
CYP4F12,15.485092325882777
CYP4F2,0.005622188355566778
CYP4F22,33.87042870635627
CYP4F3,18.763757375809682
CYP4F8,0.0005234243424740194
CYP4V2,3.0727976314826493
CYP4X1,3.888175716527628
CYP4Z1,0.01697195211109735
CYP51A1,17.01274200821835
CYP7A1,0.004467903709618435
CYP7B1,1.8639091360217641
CYP8B1,0.0005070492787489992
CYTB,10.283962318241796
DAD1,515.9582176965873
DAGLA,2.873615050848252
DAGLB,9.169886767402376
DAO,1.8577966562707513
DAPK1,0.24288891997484818
DAPK2,0.4755795535813691
DAPK3,3.0302437646088496
DARS,3730.3118064199016
DARS2,4.167041040951568
DBH,0.0028794548726569186
DBI,822.7732732038473
DBT,1.8269837281947774
DCK,6.9157112272717205
DCLK1,6.751296960197382
DCLK2,0.1652314869745715
DCT,0.009986286722221887
DCTD,12.64630844460537
DCTPP1,41.01660865697782
DCXR,327.87660310622937
DDAH1,43.48067944926102
DDAH2,44.87367497819789
DDC,0.00973785107690281
DDO,0.01108062334244778
DDOST,561.9797627518956
DDR1,100.73796539648798
DDR2,0.6895964099330657
DECR1,32.07395119245075
DECR2,15.502030609990692
DEGS1,7.779616391090388
DEGS2,74.78218611165461
DERA,33.66068048739754
DGAT1,53.126778909423884
DGAT2,5.608929612833798
DGKA,109.87276661105902
DGKB,0.0004638348683476299
DGKD,0.6270426318503178
DGKE,0.9025230999369398
DGKG,0.03134369557632048
DGKH,1.1777005605026518
DGKI,0.0008341722163657447
DGKQ,6.55882993096025
DGKZ,9.579956035333534
DGUOK,19.181922795202002
DHCR24,24.390214219022898
DHCR7,35.98751736207485
DHDH,1.8358747797544779
DHFR,169.1295529457502
DHODH,2.7872996790677704
DHRS2,0.011420943852848165
DHRS3,156.78502024067362
DHRS4,303.52753532189
DHRS9,2.5873604699836372
DIO1,1.2652072657114328
DIO2,49.14606780215555
DIO3,0.011299017288736769
DLAT,434.5532619063268
DLD,783.3022916818271
DLST,333.2805143761685
DMGDH,0.018933098066443964
DMPK,14.372308551891017
DNAJC6,0.005480461223869599
DNMT1,8.446050207868119
DNMT3A,1.2383577830138661
DNMT3B,0.15658219066013193
DNMT3L,0.03798289307998578
DOLPP1,27.428431504543585
DOT1L,6.959914153608181
DPAGT1,25.43418919319807
DPEP1,0.015736908878356416
DPEP2,0.060273582369254515
DPEP3,0.05168794657761144
DPH5,31.177608218915115
DPM1,1136.291321084231
DPM2,47.882419167368454
DPM3,15.579836258499478
DPYD,5.427222130844431
DPYS,0.0010240404668429512
DPYSL2,351.8734487166427
DPYSL3,18.323225901069687
DSTYK,2.0503326245619884
DTYMK,25.382220504586808
DUOX1,192.4607453602099
DUOX2,8.043637289480275
DUPD1,0.008006180810971803
DUSP1,16252.150839489448
DUSP10,1.0385533819159056
DUSP11,16.937366331063693
DUSP12,6.536376660923078
DUSP13,0.37982520677490794
DUSP14,0.8576896599179779
DUSP15,0.01466484432093502
DUSP16,4.720171377863304
DUSP18,0.4538812946230207
DUSP19,0.16175366181847423
DUSP2,231.44771792671915
DUSP21,0.08186674790155296
DUSP22,11.28484229461111
DUSP23,97.35053415362368
DUSP27,0.19340183535026034
DUSP28,1.1133554083105892
DUSP3,126.57653435947351
DUSP4,0.15525037083337737
DUSP5,473.6403256946976
DUSP6,1.0661396231440088
DUSP7,52.01861912729348
DUSP8,0.30592018063747106
DUSP9,0.7743704688759562
DUT,312.64388705286086
DYRK1A,9.428200687671422
DYRK1B,5.572432861916359
DYRK2,2.0569239477605983
DYRK3,0.34308431746872814
DYRK4,1.4716612604715391
DZIP3,0.5638519555195528
EARS2,0.8673636631827454
EBP,858.5110685923297
ECH1,448.1583836744722
ECHDC2,69.57640476433126
ECHS1,311.80806681706576
ECI1,33.81585502818593
ECI2,19.846126668961055
EGFR,2.662153640713347
EHHADH,1.3954172307478283
EHMT1,0.34106704127422743
EHMT2,0.9866070466504473
EIF2AK1,40.379252371763634
EIF2AK2,10.150015755883736
EIF2AK3,4.401354159403527
EIF2AK4,0.1043429233817422
EIF4EBP3,80.80241891183553
ELOVL1,27.586632572029202
ELOVL2,0.030892709732421062
ELOVL3,0.004981337782864372
ELOVL4,26.616798166607936
ELOVL5,0.6179948546122687
ELOVL6,4.870635071894043
ELOVL7,1.1202061339710987
ELP3,1.3594878957329624
ENGASE,9.320286810673256
ENO1,6545.166434288508
ENO2,4.8764526908277315
ENO3,18.075097229754164
ENOPH1,259.61273575884746
ENPP1,0.09821966734060786
ENPP2,0.6417463916506971
ENPP3,0.009399588647544586
ENPP6,0.00934613315463244
ENPP7,0.0002393689753432751
ENTPD1,1.2769558288453924
ENTPD2,2.874105131998512
ENTPD3,1.9049317867701665
ENTPD4,5.403141624680748
ENTPD5,2.1561668992342415
ENTPD6,9.73977927826718
ENTPD8,0.0013752859117589975
EP300,1.2641011741479027
EPHA1,107.95846071019339
EPHA10,0.03218359195932797
EPHA2,16.745272017618657
EPHA3,0.06877154605312857
EPHA4,0.9082489699384919
EPHA5,0.00016034452376944885
EPHA6,0.07485024082464577
EPHA7,0.007753548987603239
EPHA8,0.0006616197700894897
EPHB1,0.009560547676338538
EPHB2,0.0028710946648879197
EPHB3,43.61003154954253
EPHB4,0.9686635367509454
EPHB6,12.647374285885506
EPHX1,159.48587718404616
EPHX2,28.15535408427164
EPM2A,0.341365215284093
EPRS,30.225361383410053
EPX,0.0038693782609445877
ERBB2,1.0495034927382554
ERBB3,34.703456258437484
ERBB4,0.0006558155736977717
ERN1,2.8457253320285485
ERN2,0.000862526720251696
ESD,431.5688541993771
ETFA,2112.0606387846497
ETFB,865.6388043986827
ETFDH,26.728287771042755
ETNK1,8.871481450067133
ETNK2,2.6172563354904548
ETNPPL,0.001879598453563392
EXT1,3.4282443013532067
EXT2,8.829114431304713
EXTL1,0.00016629023129128306
EXTL2,2.6177223333610695
EXTL3,2.166442691815327
EYA1,0.0013086606831545081
EYA2,19.67199225019791
EYA3,1.4986405871255002
EYA4,0.003903806511477766
EZH1,11.746305103683508
EZH2,0.16893807103773023
F13A1,0.509575406699172
F13B,0.952082265681838
F2,0.003984523060000253
FAAH,10.409906858184
FAAH2,3.0388013083194307
FABP1,0.029541475276097896
FABP12,0.4243256072675473
FABP2,2.0423800119197857
FABP3,0.5830177059719948
FABP4,5.199867742687159
FABP5,49348.377153468595
FABP6,0.764228904461334
FABP7,0.000985945711259628
FABP9,1.0553661478381027
FADS1,0.013282772363608548
FADS2,0.14945878029378334
FADS3,0.1675445261097159
FADS6,0.593559066595336
FAH,3.855782390545045
FAM20B,7.209531224052821
FANCL,4.537103266869137
FAR1,71.32446978892673
FAR2,0.0913249723747725
FARS2,1.561967955729246
FARSA,1144.399318630606
FARSB,2.570371687624947
FAS,10.686487150826574
FASN,149.65642975223787
FASTK,94.4270817715635
FAXDC2,1.2353760079890173
FBP1,0.16620180436760246
FBP2,0.0029384727411147895
FDFT1,64.89826859502934
FDPS,39.88321835639722
FDXR,24.64470066846978
FECH,6.443841834511708
FER,0.8591281417280815
FES,1.0017909763967436
FGA,0.09188527340656946
FGFR1,3.123014742452663
FGFR2,5.749548123407429
FGFR3,243.57047045961926
FGFR4,0.8294950074442988
FGGY,0.8837448029541883
FGR,1.1729348186462696
FH,819.6300653153603
FHIT,0.4851754680310807
FHL2,4.667187262163991
FIG4,2.2149057571948836
FITM1,0.07193055551913266
FITM2,1.133223812274738
FKBP10,2.482795730765093
FKBP11,6.12165344030597
FKBP14,1.6731595479890233
FKBP1A,606.4992009761365
FKBP1B,3.9641013976239274
FKBP2,712.2443050157522
FKBP3,730.3595218349151
FKBP4,1153.1157059009802
FKBP5,3.493806422032833
FKBP6,0.010533351811590087
FKBP7,2.6263175324457646
FKBP8,37.280451967129174
FKBP9,41.569873479585766
FKBP9P1,0.3354345050980549
FLAD1,7.161633868461112
FLT1,0.3171154619676167
FLT3,0.005706486665642805
FLT4,0.4052435357733644
FLVCR1,0.8764027663811229
FMO1,0.14565948564579728
FMO2,15.206480591717227
FMO3,0.06734698620746205
FMO4,0.703826376502605
FMO5,0.03961841711278638
FMO6P,0.3354345050980549
FN3K,1.3300318631487513
FN3KRP,18.127429394458858
FNTA,28.129173512700824
FNTB,13.117981618269754
FOLR1,0.002219728679554751
FOLR2,0.16561939254942937
FOLR3,0.0029652361698960642
FOSL1,56.045794435517436
FPGS,0.860448897201588
FPGT,2.7456707543633274
FRK,0.6240554865595719
FRMPD2,0.014371669987526408
FTCD,0.03114048934659374
FTMT,0.3764543508002139
FUCA1,4.7720813870882095
FUCA2,5.457371612641115
FUK,2.900609766870262
FUT1,1.336142250403475
FUT10,1.045604375634731
FUT11,6.77782258906092
FUT2,4.588353291201343
FUT3,141.24562618618035
FUT4,0.26269661964715163
FUT5,0.022365822260979926
FUT6,41.83246156011404
FUT7,0.039825897195020124
FUT8,0.11145846237781826
FUT9,0.07917572773881386
FYN,6.440289313808479
G0S2,22.373730103812125
G6PC,0.0022807526191871235
G6PC2,0.018216384410824384
G6PC3,24.05733713609867
G6PD,559.0574284695671
GAA,7.097507487369029
GAD1,0.06896124449813362
GAD2,0.0005402697913701384
GAK,2.8527046676964924
GAL3ST1,0.005422821495839895
GAL3ST2,0.04801564304876634
GAL3ST3,0.0038333353421451414
GAL3ST4,10.10619009829299
GALC,1.0059705869849918
GALE,44.251524969737645
GALK1,247.37981740549677
GALK2,14.099901673538001
GALM,1.0807339404031966
GALNS,3.66858608783735
GALNT1,46.83555449187989
GALNT10,0.056073724583461625
GALNT11,5.0873811317543565
GALNT12,19.82777327490508
GALNT13,0.0007732948020543033
GALNT14,9.885816173822
GALNT15,0.16021569052322523
GALNT2,3.313151021776883
GALNT3,17.98501858669322
GALNT4,0.6617254944070754
GALNT5,1.3560636879671444
GALNT6,0.1833771074638076
GALNT7,0.6105955425910485
GALNT8,0.03984975304637445
GALNT9,0.000230142627024145
GALNTL5,0.43999999999999995
GALT,11.28484229461111
GAMT,12.160514734204767
GANC,2.2041061244538485
GAPDH,7021.042123447642
GAPDHS,8.042317062334442
GARS,293.00966769819706
GART,97.5308861844214
GATM,13.005807496495436
GBA,5.062087477481151
GBA2,17.63942427863032
GBA3,0.0024734523353593615
GBE1,7.400115870506804
GBGT1,0.5687686812822268
GC,0.0025072203510718965
GCAT,277.5256924366117
GCDH,9.327468512879431
GCH1,5.903670758428599
GCK,0.004746825806489354
GCLC,13.661565073485667
GCLM,22.43914385649168
GCNT1,0.14176840739162294
GCNT2,0.5818502344099294
GCNT2P,0.3354345050980549
GCNT3,0.7087980063270805
GCNT4,0.06136676408848041
GCNT7,0.012705403809396729
GCSH,2.8696953786947343
GDA,0.00020516584875303906
GDE1,8.21949814056989
GDPD2,0.07795925407162464
GFPT1,118.65802218635248
GFPT2,0.4349017603749468
GGCT,108.4360124672401
GGH,17.76323319639686
GGPS1,278.7127485602947
GGT1,0.21445707147959672
GGT2,0.0012052640308950926
GGT3P,0.0012182338275927352
GGT5,0.7998781405646158
GGT6,68.33869528050538
GGT7,3.7698317184192334
GGTLC1,0.001088310867591503
GGTLC2,1.7831684152107201
GIF,0.3354345050980549
GK,3.932740835252464
GK2,0.9456388863331135
GK3P,0.00848227123385794
GLA,9.500367009921831
GLB1,5.349087791100078
GLB1L,0.21340286941292114
GLCE,0.32974909152011767
GLDC,0.3732388328640961
GLIPR1,0.6483839824770135
GLO1,926.3927754495099
GLRX,4.358877014720572
GLRX2,12.519737061412853
GLS,37.66559929641411
GLS2,3.791260367190158
GLT6D1,0.06930364432416915
GLT8D1,0.8545606259711531
GLT8D2,0.341365215284093
GLTP,211.51428055800952
GLUD1,1192.4108203074122
GLUD2,0.06519971699583457
GLUL,6.91108489924682
GLYAT,0.0010427013912617635
GLYCTK,0.9156763496448624
GM2A,112.60332794970728
GMDS,166.2446332740726
GMPPA,18.534038106346284
GMPPB,55.89940985758123
GMPR,0.35544479840172016
GMPR2,33.78702096402208
GMPS,58.44740380493783
GNE,2.555407868189089
GNMT,0.12976464052902367
GNPAT,14.670848655882256
GNPDA1,7.123814743774043
GNPDA2,0.7600884033469038
GNPNAT1,28.465916072119057
GNPTAB,3.552478317688599
GNS,4.9736563435046
GOT1,3055.073885592914
GOT2,2324.568925135699
GPAA1,70.87680008227211
GPAM,0.05623681342437316
GPAT2,0.005106231463469741
GPAT3,0.6582069289240687
GPAT4,1.352005973421296
GPCPD1,10.37271210400054
GPD1,0.17068894216005204
GPD2,227.52770531456528
GPHN,6.610741932631935
GPI,2157.851123915249
GPIHBP1,0.02292512177243189
GPLD1,0.036039204445362676
GPT,1.558040094261382
GPT2,79.11418436628904
GPX1,94.94380074806273
GPX2,138.47732453903046
GPX3,1008.2903067490411
GPX4,100.42610216073692
GPX5,0.793289329058847
GPX6,2.01032323162201
GPX7,0.7664614281867018
GPX8,0.8677514966560226
GRHL1,272.48232033172695
GRHPR,29.023307369097274
GRK1,0.0001771258292961746
GRK2,4.014622265826703
GRK3,1.2623639556998993
GRK7,0.22033128126560914
GSR,242.97707068454653
GSS,387.74432758839674
GSTA1,0.147711277788165
GSTA2,0.014983880983185286
GSTA3,3.8201241689736465
GSTA4,48.078012223414696
GSTA5,0.58469847618054
GSTK1,78.84112079130489
GSTM1,0.005308137508587345
GSTM2,13.781243249318187
GSTM3,58.64848860434704
GSTM4,4.007701036555751
GSTM5,8.881056845801123
GSTO1,756.6203751564182
GSTO2,3.173495415636603
GSTP1,30269.052176658668
GSTT1,67.08096063070462
GSTT2,0.1419529200243479
GSTZ1,19.346487767416537
GTF2F1,7.929804405678489
GTF3C4,0.877301983848428
GUCA1A,0.0803580412103317
GUCY1A1,2.9663227089166733
GUCY1A2,0.01372123078016982
GUCY1B1,1.0453859436592674
GUCY1B2,0.3354345050980549
GUCY2C,0.04008268141552924
GUCY2D,0.02965240212426462
GUCY2F,0.13808747592085474
GUK1,178.9381816398733
GUSB,3.432646876360981
GYG1,8.590282851464583
GYG2,0.03195588232803851
GYS1,66.75472658970978
GYS2,1.9015021690608722
H6PD,10.065906424266702
HAAO,2.254650699593982
HACD1,0.6699772991826155
HACD2,3.095013644366691
HACD3,4.330319334841662
HACD4,0.5979568033382378
HACE1,3.8234771873167426
HACL1,2.8188980632630996
HADH,928.1449922697873
HADHA,785.1647982157915
HADHB,72.6740613263738
HAGH,16.303660408390197
HAGHL,0.3260201835271894
HAL,0.30615701510736026
HAO1,0.0018601422069629027
HAO2,0.0006147086841932326
HARS,109.37791885291776
HARS2,26.271767358693424
HAS1,0.03991143238874513
HAS2,0.09958185186956175
HAS3,17.515896876497937
HAT1,38.759016763838346
HCCS,9.248568667087707
HCK,1.1994083669257471
HCST,0.5207940912416561
HDAC3,1.3824570432240033
HDC,0.798260996755957
HDLBP,48.56159949745554
HECTD1,5.411376384470847
HECTD2,0.5045529408856728
HECTD3,2.5825279201295577
HECW1,0.0008359135675749398
HECW2,0.5340769781525104
HELZ2,0.6207749809071219
HEPH,0.09082963592055039
HERC1,0.15689164447614176
HERC2,0.07514526156523502
HERC3,5.057912409312599
HERC4,7.3237669562489
HEXA,5.529951217842473
HEXB,0.8718259013071314
HEXDC,0.3354345050980549
HGD,0.00215829651706431
HIBADH,9.550989630941642
HIBCH,11.661254728191695
HIF1AN,1.9600776341183312
HIGD2A,15.434866130436484
HIPK1,11.361335110338903
HIPK2,3.6368001965818357
HIPK3,14.513037470861764
HIRIP3,0.19866482903220745
HK1,423.7728214458838
HK2,49.132766458536416
HK3,0.10468959576723753
HKDC1,0.004106598782662409
HLCS,2.7374658871777933
HLTF,0.03248976496071214
HMBS,91.92957290738183
HMGCL,110.05422975214297
HMGCLL1,0.00606760425119306
HMGCR,59.3683878486062
HMGCS1,240.6757305968065
HMGCS2,0.5326587481318804
HMOX1,86.77145872006284
HMOX2,151.94743669273507
HNMT,0.7197129726206679
HPD,0.005843518207073979
HPGD,15.765341301185737
HPGDS,0.34702420565677916
HPRT1,448.56587772486563
HS2ST1,3.6481416244290177
HS3ST1,0.9689026394015299
HS3ST2,0.005371752584773337
HS3ST3A1,1.6370136742189216
HS3ST3B1,1.2871372206306178
HS3ST4,0.002789341761562125
HS3ST5,0.00019292331845416786
HS3ST6,63.95661066795725
HS6ST1,17.834107278617306
HS6ST2,2.6649384405626284
HS6ST3,0.0326273576634013
HSD11B1,0.025269807175679858
HSD11B1L,0.9045426525186944
HSD11B2,15.901805871393146
HSD17B1,1.0112030389837159
HSD17B10,266.0615741307303
HSD17B11,14.612104987474039
HSD17B12,202.56902052004023
HSD17B14,0.2740435916552445
HSD17B2,0.22017881108010767
HSD17B3,0.04900671024610947
HSD17B4,68.05093591522487
HSD17B6,0.2391631367303098
HSD17B7,4.026219802310386
HSD17B7P2,4.486040523845447
HSD17B8,5.732434105921118
HSD3B1,0.8561440324619417
HSD3B2,0.004820485151024992
HSD3B7,8.043637289480275
HSPG2,0.050965816709488826
HTATIP2,55.29726437771343
HUNK,0.12958543089629648
HUWE1,2.1985759478600495
HYAL3,1.0878764620685322
HYALP1,0.3354345050980549
HYI,4.306012104506912
HYKK,0.12601818167741236
IARS,510.24573454039677
IARS2,37.56856558832109
ICK,3.8450041852413563
ICMT,28.82623653861657
IDH1,65.42484155029965
IDH2,247.93359138342788
IDH3A,185.9394520309341
IDH3B,218.2922239910058
IDH3G,59.37109015318769
IDI1,307.7761943520478
IDI2,2.1272734354694633
IDO1,0.07908607253337313
IDO2,0.018971490135304622
IDS,12.268648869114678
IDUA,6.55882993096025
IGF1R,2.2569158177209725
IKBKB,23.00639462849337
IKBKE,7.56241396943554
IL4I1,0.01235298001806659
ILK,14.747479574640048
ILKAP,24.858609936251238
IMPA1,253.540160203072
IMPA2,213.11042624493112
IMPDH1,29.16013135024171
IMPDH2,783.7093184878349
INMT,0.7860054974033914
INPP1,1140.6457110357512
INPP4A,0.5818502344099294
INPP4B,0.08941241187770355
INPP5A,5.128730606041755
INPP5B,0.7992311555284507
INPP5D,0.6324311498112863
INPP5E,13.689589911234734
INPP5F,0.28396322182088635
INPP5J,0.3123355492134548
INPPL1,3.3608619805335254
INSL3,0.04550768256594457
INSR,0.6690397782211992
INSRR,0.004987558586589542
IP6K1,10.37271210400054
IP6K2,30.42548138936456
IP6K3,0.026298651218941302
IPMK,2.4353853721780427
IRAK1,53.709055196131786
IRAK2,2.7965241641410206
IRAK3,0.11985387244947204
IRAK4,4.859006600902247
IREB2,3.850392063368082
ISYNA1,17.778286891799098
ITK,0.008944628259497753
ITPA,631.8937615341673
ITPK1,5.3670861246489086
ITPKA,0.09574091737666687
ITPKB,3.5273072701084063
ITPKC,170.25330506712112
IVD,172.88058281476867
JAK1,13.391702903461516
JAK2,3.2788215227044875
JAK3,0.28277084278990033
JMJD7-PLA2G4B,0.19276672646590834
KALRN,1.4831121501114477
KANSL3,12.135416174234502
KARS,360.2676361657677
KAT2A,91.20122917239303
KAT2B,12.307924758171294
KAT5,12.854072426704468
KAT6A,5.1939275038763055
KAT6B,1.7267892410107468
KAT7,12.718800486215155
KAT8,14.78748463009999
KCNJ11,0.16971017872557434
KCNJ8,0.15297586391152726
KDR,0.5343607710570992
KDSR,11.699889111520319
KHK,1.0803772154966147
KIT,0.7483439602625527
KL,0.005238445770495005
KMO,0.002597320369692202
KMT2A,1.7338552618735703
KMT2B,0.3354345050980549
KMT2C,3.2339088056377943
KMT2D,1.8869487029945289
KMT2E,9.442619654668766
KMT5A,0.08744585611927874
KMT5B,0.052531638327043204
KMT5C,0.3350355754164824
KPNA6,38.732657692778695
KYAT1,0.41426786262502635
KYAT3,10.315561941178165
KYNU,0.34456006352612184
L1CAM,0.24442849245567422
L2HGDH,1.212346572852873
LALBA,0.09996023381633702
LAP3,309.0629965713987
LARS,330.50835008043094
LARS2,3.5189298441731443
LATS1,0.3931972871241533
LATS2,1.9466751496333696
LBR,61.8332498434772
LCAT,4.503040583361548
LCK,0.032160797380175535
LCLAT1,0.7885804835786624
LCT,9.752091785075456e-05
LDHA,6513.399616113069
LDHAL6A,26.141127321924326
LDHAL6B,0.029110152879278962
LDHB,238.40918955518154
LDHC,13.74100658898184
LDHD,5.152407623490127
LDLR,4.139816400280274
LGALS13,0.16621830202908744
LGMN,39.53832909899849
LGSN,0.059118472577440906
LHPP,85.75399015420457
LIAS,1.0086553976479156
LIMK1,3.689826517687366
LIMK2,55.570736872319586
LIPA,10.261387589216875
LIPC,0.01108062334244778
LIPE,0.8183884766365059
LIPF,0.6003258575002546
LIPG,0.11212868109780007
LIPT1,1.2331412089327476
LIPT2,0.4407545716027018
LMTK2,5.73727560130777
LMTK3,2.056044707846652
LOC102724197,0.3354345050980549
LOC286297,0.3354345050980549
LOC344967,0.3354345050980549
LOX,0.38747119667552177
LOXL2,0.3785556930006824
LPCAT1,0.511434102162755
LPCAT2,2.6855275145429545
LPCAT3,14.629265685333072
LPCAT4,4.110353628153783
LPIN1,11.87814062976169
LPIN2,2.0701271818627633
LPIN3,29.054463647364106
LPL,0.17343918084434845
LPO,0.1697122996292287
LRAT,0.008809575878084397
LRP1,1.8476062125446124
LRP2,0.0003622460395512807
LRRK1,0.13066219644178984
LRRK2,0.6465715317287823
LRSAM1,7.751040303298673
LRTOMT,0.43357512293254336
LSS,56.27193235831907
LTA4H,1055.1931017637523
LTC4S,1.1193264282750504
LTK,0.007291415960515178
LYN,2.6229634178821715
LYPLA1,172.30581174846273
LYPLA2,166.92942141101392
LYZL1,1.4145390562382973
MACROD1,5.7367440035583375
MACROD2,0.03653697056951977
MAGEA2B,0.1626710879648594
MAK,0.002571185480642738
MAN1A1,0.29466629438494857
MAN1A2,1.8989032681082432
MAN1B1,1.3111757759046556
MAN1C1,0.2941546813051582
MAN2A1,1.184014894604234
MAN2A2,3.0138824840113707
MAN2B1,16.46874024957256
MAN2C1,32.04177811948804
MANBA,2.100155854289383
MANSC1,23.771165172588844
MAOA,453.15994446556215
MAOB,10.462052079116933
MAP2K1,361.013992529798
MAP2K2,319.8416789994888
MAP2K3,22.477218063705518
MAP2K4,31.384336141448212
MAP2K5,2.5316660467976106
MAP2K6,1.1266411477152474
MAP2K7,2.5169885856321126
MAP3K1,10.9805548669212
MAP3K10,3.0467893912828874
MAP3K11,19.125377778627776
MAP3K12,0.6023902539031071
MAP3K13,1.7659772228912298
MAP3K14,10.253979832578485
MAP3K15,0.2175704019721307
MAP3K2,3.748442546071853
MAP3K20,0.20179825659102824
MAP3K21,0.03839897316107535
MAP3K3,4.61690617965994
MAP3K4,10.11356302701328
MAP3K5,5.099184175065808
MAP3K6,85.08063411244322
MAP3K7,0.34087074442205995
MAP3K8,14.207316237193288
MAP3K9,5.731142534054493
MAP4K1,0.14715077428932657
MAP4K2,1.7467644515434266
MAP4K3,4.911405713176114
MAP4K5,27.774965151898613
MAPK1,230.13963431133553
MAPK10,0.30138930304043865
MAPK11,1.8409616691771709
MAPK12,0.10947223924745997
MAPK13,232.87548089044466
MAPK14,42.38129316164054
MAPK15,1.3365244514611625
MAPK3,138.88052479356344
MAPK4,0.02172067471702044
MAPK6,42.85369298844673
MAPK7,23.975820747352284
MAPK8,3.7164329784211843
MAPK9,2.6721579065773158
MAPKAPK2,1.5287752999690414
MAPKAPK3,38.21394910189432
MAPKAPK5,14.297985470036648
MARCH1,0.14864698634514265
MARCH10,0.0006765279237161192
MARCH11,0.007982758707868126
MARCH2,13.659122569609998
MARCH3,0.27495806038286447
MARCH4,0.0004920169380012316
MARCH5,12.640087047538769
MARCH6,10.194780355536237
MARCH7,50.358252586377205
MARCH8,1.716000525195597
MARCH9,3.584023731998465
MARK1,1.8206415634806998
MARK2,50.9293676653917
MARK3,37.70413901926112
MARK4,6.6229969277941105
MARS,107.24103175653978
MARS2,7.090935612643886
MAST1,0.012579168835477321
MAST2,4.714414987396682
MAST3,0.584478113496043
MAST4,13.756790887677543
MASTL,0.15462057681568067
MAT1A,0.023458021984043422
MAT2A,357.8075856364577
MAT2B,147.98183018779542
MATK,0.5457525259402379
MBOAT1,8.457747523999933
MBOAT2,31.85966221083303
MCAT,21.59039001463855
MCCC1,7.535590750734903
MCCC2,23.312751665490318
MCEE,10.143072193582631
MDH1,2426.545277787898
MDH1B,0.1362694318531668
MDH2,5920.412133604687
MDM2,0.016651717344698037
MDP1,46.74331036263567
ME1,865.2592969659329
ME2,15.269746178903716
ME3,0.6846690221203403
MECR,5.487575272919513
MED1,0.2058549670927631
MELK,0.38786539469794884
MERTK,0.3949091925408323
MET,0.3981337523246934
METTL1,23.290002531726905
METTL3,24.997703890774115
MGAM,0.00848227123385794
MGAT1,56.48348981743955
MGAT2,0.6295591424131615
MGAT3,0.027643978320290207
MGAT4A,0.41540260710591154
MGAT4B,45.303415100021134
MGAT4C,0.0038527734727780063
MGAT4D,0.02696149145334556
MGAT5,1.472055638812872
MGAT5B,0.007596103708964521
MGLL,37.78329671420464
MGMT,8.162157413160337
MGRN1,6.009227536459203
MGST1,176.04510002805156
MGST2,106.39577294716244
MGST3,18.58378954613835
MIA3,1.8959333220210741
MIB1,3.2839379545427776
MIB2,32.12759627221689
MID1,2.751467223561454
MIF,28.726936831633427
MINK1,0.7820897448882487
MINPP1,1.4744226292392475
MIOX,0.0018313060922940827
MIP,0.0021530840681876343
MKNK1,11.89368207595046
MKNK2,2591.5391860016416
MKRN1,29.941719033063677
MKRN2,16.60714704988035
MKRN3,0.8357227356983241
MLKL,33.69136255655027
MLYCD,5.75568757665901
MMAA,0.7914806096211947
MOCS1,3.2870090567336563
MOCS2,5.493622497165288
MOGAT1,0.05476426140032141
MOGAT2,0.0010158643927226725
MOGAT3,0.0004800391165865214
MOGS,99.55012902537898
MOK,0.6641606876935425
MOS,0.09191795284698573
MOXD1,6.285235963993505
MPC1,55.1097808073457
MPC2,14.264993173172071
MPI,7.737517016894414
MPO,0.004449904385384561
MPST,3872.899264555964
MRPL58,13.330417578133794
MSMO1,475.1837389426163
MSRA,2.5906767229849907
MST1R,9.944428214072248
MT1A,4.122883919380268
MT2A,541.7248480394951
MT3,0.04892833385059318
MT4,1.6203038912222318
MTAP,383.04009594378323
MTFMT,4.818378104082585
MTHFD1,159.27873493348025
MTHFD1L,1.0907377451805587
MTHFD2,8.606763591388143
MTHFD2L,0.5380545295484964
MTHFD2P1,0.3354345050980549
MTHFR,1.0262514839736894
MTHFS,4.8357767529186715
MTMR1,2.8684012300091655
MTMR14,8.90683756509042
MTMR2,0.5290848666352982
MTMR3,0.39987340290459106
MTMR6,1.9165205927486135
MTMR7,0.05254871971668163
MTMR8,0.27885556740089207
MTPAP,3.9423597214487414
MTR,0.21261301065831523
MTRR,4.418249481343771
MTTP,0.0010303729003216557
MUL1,18.458147598180048
MUSK,0.013669407819060113
MUT,0.3354345050980549
MVD,306.11740030194784
MVK,78.79803351950402
MYBBP1A,82.71438954665535
MYCBP2,0.11740416544695907
MYLIP,57.414014987666285
MYLK,0.28791106677193745
MYLK2,0.004407997829639323
MYLK3,1.1582019009004365
MYLK4,0.1600237797869781
MYO3A,0.11236808926925067
MYO3B,0.011477988152108267
MYO5B,9.834623010256358
NAA10,65.97990581505665
NAAA,4.128395202691648
NADK,14.979750618833794
NADSYN1,19.216132498591833
NAGA,9.392184587759374
NAGK,148.2436852065131
NAGLU,11.071557353634931
NAGPA,3.28803296457736
NAGS,1.4622064814041347
NAMPT,964.7037302402318
NANP,1.3834182012296994
NANS,149.09163800084596
NAPRT,25.164291606310147
NAPSA,0.2602212678336352
NARS,2111.799306697759
NARS2,6.603725535571449
NAT1,3.8887353947471017
NAT2,0.07672456450553738
NCOA1,12.041654394674303
NCOA2,0.35963020106471966
NCOA3,2.0977356343060576
NCOA6,5.633303719506858
NCOR1,0.05933497160959031
NCOR2,0.47968970551507495
ND1,0.7496282848946749
ND2,6.647572110665278
ND3,3.518721426725826
ND4,15.91921099634504
ND4L,0.3354345050980549
ND5,3.9860139175064595
ND6,2.1511623729121254
NDST1,23.37324534238446
NDST2,6.713170758396463
NDST3,0.00030991730882136377
NDST4,0.024005586560330774
NDUFA1,661.1074920946747
NDUFA10,47.26972474023086
NDUFA11,105.05036517077522
NDUFA12,7.427036229037667
NDUFA13,697.7663643644923
NDUFA2,8.553612560343817
NDUFA3,3.5911023551015644
NDUFA4,13.890745059943713
NDUFA5,12.80058338210464
NDUFA6,31.261488443226263
NDUFA7,4.3127106547490905
NDUFA8,48.72219038568732
NDUFA9,21.635536604583972
NDUFAB1,131.32014682003143
NDUFB1,52.09393428685649
NDUFB10,97.75371538675313
NDUFB2,43.77605248580948
NDUFB3,128.32755980812922
NDUFB4,103.9741704350683
NDUFB5,84.20998688766727
NDUFB6,23.853039707483273
NDUFB7,259.66848988667914
NDUFB8,67.0135484640836
NDUFB9,14.834086875688966
NDUFC1,75.43258869144746
NDUFC2,17.89889797968642
NDUFS1,25.98578461908699
NDUFS2,35.62840513791236
NDUFS3,166.9022174552287
NDUFS4,72.07335139719144
NDUFS5,430.5325728855999
NDUFS6,17.80759067541666
NDUFS7,22.614635244186086
NDUFS8,72.89170858280912
NDUFV1,74.94915750875649
NDUFV2,112.59967141902091
NDUFV3,3.4615104896036923
NEDD4,1.1727391871038544
NEDD4L,0.5773555020113716
NEK1,0.8770694021159067
NEK11,0.2617956114378033
NEK2,2.2969025198472024
NEK3,0.6112636799566028
NEK4,4.144943387637961
NEK5,0.0025271532189710243
NEK6,0.10902611152028656
NEK7,18.740885807804826
NEK8,0.7483439602625527
NEK9,1.066430591275724
NEU1,22.411910119083736
NEU2,0.07868648115252536
NEU3,0.0651423841802592
NEU4,0.0029847020256998625
NEURL1,0.14715923590013888
NEURL1B,3.8234771873167426
NGLY1,7.663276166353376
NHLRC1,0.2860084676009679
NIT2,512.5080649747073
NKTR,20.966697495487153
NLK,0.9527638789725459
NLN,44.0474407546797
NME1,4374.225402167456
NME2,281.45765578880633
NME3,63.086225234627214
NME4,20.750482859689416
NME6,0.4397222709723896
NME7,0.470418889561752
NMNAT1,1.331940382186199
NMNAT2,0.011748150488953503
NMNAT3,0.9689026394015299
NMRK1,16.8502619619309
NMT1,39.88301551179819
NMT2,0.8307920882195388
NNMT,3.8396187573675635
NNT,4.189176808200096
NOL9,3.1962973111507234
NOS1,0.15487052986529332
NOS2,0.05066256265132688
NOS2P1,0.3354345050980549
NOS2P2,0.3354345050980549
NOS3,0.2971992830990424
NOX1,0.03337610501393494
NOX3,0.09198887034239282
NOX4,0.002918582653413381
NOX5,0.010489210153300057
NPAS2,57.452893895306964
NPC1,4.68566727316755
NPC1L1,0.02812269329067898
NPR1,0.24398829235303526
NPR2,0.2238063965479426
NQO1,423.523785216398
NQO2,118.06563874628934
NR1D1,304.8749023675268
NRF1,0.8681491563121512
NSD1,4.172571412351952
NSD2,0.8117852405670956
NSD3,0.8238692165195934
NSDHL,1259.238211645166
NSF,59.28972676916415
NT5C,206.5585440929475
NT5C1A,0.058725969276404735
NT5C1B,0.06555841786651417
NT5C1B-RDH14,0.037698419756150243
NT5C2,43.653534244494836
NT5C3A,15.113975646613476
NT5DC3,1.7735407463636048
NT5E,0.3556934537484884
NT5M,0.942167447407027
NTAN1,1.1128203463893243
NTRK1,0.00906523350262973
NTRK2,0.5754427419068815
NTRK3,0.008276091964873137
NUAK2,242.5353450729706
NUDT10,0.026780456550872005
NUDT11,0.27313011266029324
NUDT12,1.0814475049177832
NUDT2,37.35423223165002
NUDT3,16.80417893163874
NUDT4,6.7648761326399445
NUDT5,90.46202091083926
NUDT9,9.733290089066715
OARD1,5.786416733116845
OAT,783.9346313744263
OBSL1,0.20738379879154356
OCRL,5.523891033414465
ODC1,2.225330979911558
OGA,13.207835039605774
OGDH,329.8986514989975
OGT,72.36605669793595
OLAH,0.004734585096582921
OPLAH,8.681349615466077
OTC,0.006147344688245485
OTUD5,32.79520750374042
OXCT1,204.6608951302281
OXCT2,0.011420943852848165
OXSM,5.439275415417091
OXSR1,34.43968534052462
P4HA1,4.818378104082585
P4HA2,15.811882732577624
P4HA3,0.02835210982364567
P4HB,1510.4766948487847
PADI1,475.9560567125257
PADI2,0.13174124404836574
PADI3,18.127429394458858
PADI4,0.020665736693297604
PADI6,0.3354345050980549
PAFAH1B2,561.6575012902732
PAFAH1B3,399.9229472040593
PAFAH2,5.099184175065808
PAH,0.006060974487180406
PAICS,251.00736659985483
PAK1,20.297926745494323
PAK2,101.26842302458964
PAK3,0.020500271744478292
PAK4,0.5056715116863626
PAK5,0.1843105272396382
PAK6,13.879193560994336
PAM,0.11327814046320014
PAN2,14.199082870432937
PANK1,3.743101430404451
PANK2,6.297877147156829
PANK3,10.859598244191497
PANK4,4.812583080911064
PAOX,4.702293931478198
PAPOLA,4.621891817530846
PAPOLB,0.0023720425614492317
PAPOLG,1.7301132602109117
PAPSS1,70.59515118404613
PAPSS2,0.4576546992258925
PARP1,21.45943112868299
PARP10,1.5573756316462617
PARP11,0.5575097460133168
PARP12,1.3992284325599849
PARP14,3.1497367669957024
PARP15,0.016437631636682305
PARP16,2.7785698266091607
PARP2,7.83347628684009
PARP3,14.721539862296906
PARP4,2.570343140155424
PARP6,15.038426228441095
PARP8,0.699795302812873
PARP9,4.7374542269289615
PARS2,1.152841648435598
PASK,1.8430825548650782
PBK,4.141772652221794
PC,41.03955083834734
PCBD1,40.77287203980271
PCBD2,3.428168760670435
PCCA,3.3785410341400484
PCCB,2.6676310218021824
PCK1,3.8342357809511354
PCK2,8.779769549974194
PCMT1,345.3323136609027
PCYOX1,35.02068063263319
PCYT1A,13.202867114548532
PCYT1B,0.008907046816885545
PCYT2,12.245102908368008
PDE10A,0.016008738567718568
PDE11A,0.00010724471067242476
PDE1A,0.10703856763384369
PDE1B,0.4117463681057172
PDE1C,0.02692017261809404
PDE2A,0.7091091102853802
PDE3A,0.0419199288910159
PDE3B,0.02175077883481356
PDE4A,0.18881783858362594
PDE4B,0.13572342987472308
PDE4C,0.2783961132414021
PDE4D,0.4370271154523161
PDE5A,0.7001051184236989
PDE6A,0.06639306034665753
PDE6B,0.1088282960129216
PDE6C,0.002066971161917386
PDE6H,1.0083333333333333
PDE7A,1.420685436607704
PDE7B,0.06032948762520929
PDE8A,3.926078963312559
PDE8B,0.4288101403782402
PDE9A,0.11050851320631698
PDF,4.969840549381505
PDGFRA,1.6603366278956873
PDGFRB,2.1352179385979553
PDHA1,190.49372037700041
PDHA2,8.963593332760542
PDHB,89.72931065200599
PDHX,13.703127169317906
PDIA2,0.08355221867057482
PDIA3,1885.4809333731116
PDIA4,578.5425290581613
PDIA5,11.518251091469741
PDIA6,243.81212759585088
PDK1,0.3281973939629564
PDK2,3.663282204566516
PDK3,1.8061702489735503
PDK4,7.5892681147214525
PDP1,4.806790322551165
PDP2,0.7215895411522687
PDPK1,0.7817591205856119
PDPR,0.8544963933879097
PDXK,13.789397169246332
PDXP,0.8718114658360756
PDZD4,0.725034034682551
PEAK1,0.8581349399619062
PECR,21.835399240175803
PEMT,25.973217011857916
PEPD,32.15792379949793
PEX11A,1.3231685569948561
PFAS,61.72292616475479
PFKFB1,0.02957473915551966
PFKFB2,2.259181674224038
PFKFB3,57.93310233360032
PFKFB4,1.9036454449803972
PFKL,204.28246493154361
PFKM,9.291577970023322
PFKP,559.0366517142324
PGAM1,250.6471464698013
PGAM2,92.14558842160893
PGAM5,70.29178821070494
PGAP1,1.5854355070595088
PGD,17502.24908393798
PGGHG,0.02991860446325157
PGK1,275.92698693910194
PGK2,23.296392096478
PGLS,2418.4170524943497
PGLYRP1,0.036062857286052026
PGLYRP2,0.0002806001517200076
PGLYRP3,13.862852871406037
PGLYRP4,2.428422107865027
PGM1,177.53108169348715
PGM2,490.08064786301236
PGM2L1,0.03386167486530603
PGM3,26.61412247863781
PGP,28.497194182189656
PGS1,5.349087791100078
PHEX,0.007186086196458708
PHGDH,558.9971760483032
PHKA1,0.24897095052379054
PHKA2,2.4103479488377473
PHKB,7.090935612643886
PHKG1,0.15906534721949955
PHKG2,5.621112376588312
PHLPP1,2.5542739160757724
PHLPP2,0.13827751671882269
PHOSPHO1,0.028790764130251185
PHPT1,86.85337706512259
PHYH,1.3776243101056684
PHYKPL,4.720171377863304
PI4K2A,1.6093082059230852
PI4KA,0.5940199307155657
PI4KB,0.9504188992472443
PIGA,14.083978611027677
PIGB,1.7739328235763154
PIGC,1.8835296377575819
PIGF,2.7999251523240827
PIGG,3.7966236883793485
PIGH,6.316854377456252
PIGK,1.6845904792506994
PIGL,2.0727711185294786
PIGM,2.020538275219445
PIGN,8.409087652813424
PIGO,8.569311764938696
PIGP,0.5751520400136295
PIGQ,5.307168104288002
PIGS,14.538471281888981
PIGT,5.23133272636219
PIGU,1.6777610356545716
PIGV,4.824175391110323
PIGW,4.893919070058582
PIGX,0.99537277633619
PIGY,0.3354345050980549
PIGZ,1.6032443767671642
PIK3C2A,0.6843946047034548
PIK3C2B,8.695387539957874
PIK3C2G,0.7206510585586797
PIK3C3,0.035671909136915675
PIK3CA,2.2677986583490832
PIK3CB,0.4254523139864735
PIK3CD,1.0077137582312614
PIK3CG,0.0024324375265699343
PIK3R1,1.08726221104645
PIK3R2,35.70950110994611
PIK3R3,0.29018867175784013
PIK3R4,14.212747202433947
PIK3R5,0.08376983423615394
PIKFYVE,1.78441839162538
PIM1,689.9580254573924
PIM2,2.6134538569261774
PIM3,718.9112946033009
PIN1,405.18013817210067
PIN4,2.668286643176673
PINK1,26.304424863371814
PIP4K2A,2.543903875441126
PIP4K2B,3.863359117190374
PIP4K2C,26.18382801280251
PIP5K1A,0.5106347299990341
PIP5K1B,0.0024461133661141258
PIP5K1C,8.681349615466077
PIP5KL1,0.6932994718512464
PIPOX,0.04104112805818413
PISD,1.4349601143992565
PJA1,7.03843184211282
PJA2,22.977513069863488
PKLR,11.218886523856392
PKM,1860.791477488345
PKMYT1,8.829114431304713
PKN1,2.371568242104152
PKN2,4.898559354751632
PKN3,1.81008721600475
PLA2G10,0.006776654336719276
PLA2G12A,0.7447395214376464
PLA2G12B,1.1304561412675453
PLA2G15,2.2153561137240247
PLA2G16,0.28716765922210985
PLA2G1B,0.3154398119823296
PLA2G2A,2.6506044723987503
PLA2G2C,0.006907652981788446
PLA2G2D,0.02500478423298345
PLA2G2E,0.10480083352838437
PLA2G2F,0.017105401618544066
PLA2G3,26.00327047393131
PLA2G4A,18.918733559964533
PLA2G4B,203.10955576353942
PLA2G4C,0.11320732219454543
PLA2G4D,0.8383494582994497
PLA2G4E,1.5822044763482104
PLA2G4F,15.756824952511053
PLA2G5,0.3982583415617214
PLA2G6,4.520061506896324
PLA2G7,0.023974160981427583
PLB1,0.07992696699509332
PLCB1,0.040733133266258194
PLCB2,0.47913648262496367
PLCB3,3.949770167028511
PLCB4,0.1550604125849512
PLCD1,47.601708131442244
PLCD3,7.257983606614464
PLCD4,2.5434328355028475
PLCE1,0.18861541043050895
PLCG1,0.8925772117059881
PLCG2,0.48352603719898657
PLCH1,0.011469833317852436
PLCH2,30.604899203602482
PLCL1,0.015908892223072957
PLCL2,0.03726385253607793
PLCXD2,0.006147344688245485
PLCZ1,0.0008865668805493226
PLD1,11.216142373625603
PLD2,106.30825743582376
PLD3,9.266148403398724
PLD4,0.013583177844396867
PLD6,0.5301090218842915
PLG,0.0014359105011754966
PLIN1,0.22723812897460816
PLIN2,2.877046188674689
PLIN3,109.7128242125489
PLIN4,1.1194843625702031
PLK1,3.581021788688653
PLK2,113.41056674084398
PLK3,94.30526621431747
PLK4,2.165995588454365
PLOD1,5.90427492774208
PLOD2,10.24901358153897
PLOD3,3.2387410490727975
PLPBP,1.3790311261442316
PLPP1,5.389883230682263
PLPP2,2.123055391477898
PLPP3,4.2032094621878
PLPP4,0.019762828557283812
PLPP5,0.0656688155578048
PLPP6,0.050042688733332445
PLPP7,1.1305815492037874
PLPPR2,0.3307009692228308
PLPPR3,0.9307949846236876
PLPPR4,0.11900942508124815
PLPPR5,0.012456429933028047
PLTP,37.70413901926112
PLXNB3,0.7066215202374366
PMM1,16.581876904483767
PMM2,43.58126809900712
PMPCA,19.29181759792842
PMVK,643.376520218352
PNCK,0.5026041264414237
PNKP,20.421619044277755
PNLIP,1.7877780087043216
PNLIPRP1,0.05297698220014821
PNLIPRP2,0.07253818206612556
PNLIPRP3,0.32167815611741396
PNMT,0.00696305343919086
PNP,2974.9804005705128
PNPLA2,84.50705345330312
PNPLA3,0.04535469883983666
PNPLA4,6.55882993096025
PNPLA6,0.4028982873570808
PNPLA7,0.20026555147380462
PNPLA8,5.445305312619126
PNPO,7.8934967011514425
PNPT1,3.110647667174815
POLA1,2.9096305892112717
POLA2,2.101635073236201
POLB,6.261204032684994
POLD1,0.9220046226880252
POLD2,9.822202789185845
POLD3,0.36112116183957776
POLD4,127.24820092424173
POLE,0.0492743746260558
POLE2,1.4594525668278058
POLE3,42.74353738234277
POLE4,6.801369338472187
POLG,16.832858594110597
POLG2,2.9721691515377953
POLH,1.8843842153057755
POLI,1.0850176203698807
POLK,1.4171779868318055
POLL,4.725930048590422
POLM,13.773090895530665
POLN,0.016428467975015577
POLQ,0.8844132464258992
POLR1A,0.7471062897376736
POLR1B,0.779789219846309
POLR1C,22.13384894251213
POLR1D,54.688334422108404
POLR1E,14.546788512240433
POLR2A,4.9327636976065845
POLR2B,5.259722377553532
POLR2C,50.63598308570361
POLR2D,13.066607905848109
POLR2E,153.00980041721013
POLR2F,3.5577295963748417
POLR2G,16.65752699774901
POLR2H,226.05044071482297
POLR2I,24.087705090551335
POLR2J,13.656311890517964
POLR2K,28.598594629090424
POLR2L,382.41128912421016
POLR3A,0.15800025075520835
POLR3B,1.7213184559359629
POLR3C,0.32731899833246564
POLR3D,4.981554419380869
POLR3E,12.457544269763083
POLR3F,2.8413297715795047
POLR3G,1.3944507447558887
POLR3GL,18.100699596473028
POLR3K,9.68156242070842
POLRMT,5.835155700130898
POMGNT1,4.841580825794343
POMT1,3.265020102771726
POMT2,1.5971659163369
PON3,0.17977876288673184
POR,156.55402676000173
PPA1,1227.190689947176
PPA2,135.51663678366785
PPARA,1.3602900900629646
PPAT,7.974288759804567
PPCDC,3.7858995083767075
PPCS,66.79763932381752
PPEF1,0.007597205521051301
PPEF2,0.0013511934746678698
PPIA,1197.6369097674842
PPIAL4A,0.3354345050980549
PPIAL4C,0.3354345050980549
PPIAL4E,0.3354345050980549
PPIAL4G,0.012453343846999095
PPIB,1811.9968398956173
PPIC,41.46776905127148
PPID,423.63339868583256
PPIE,7.546650414630336
PPIF,311.25360476416756
PPIG,6.515766785188693
PPIH,712.463853959352
PPIL1,73.66247605189774
PPIL2,1.257698615986405
PPIL3,43.92541935384216
PPIL4,3.5852916900418244
PPIL6,0.034605954751913505
PPIP5K1,2.7911824666053384
PPIP5K2,1.3888329512445166
PPM1A,1.157504006004671
PPM1B,8.730514552203445
PPM1D,3.689826517687366
PPM1E,0.004384109099513263
PPM1F,13.375530578667734
PPM1G,21.885515508101356
PPM1K,3.3275320370339685
PPM1M,9.020283444393915
PPOX,2.7936100998514983
PPP1CA,359.48720795304655
PPP1CB,408.6661515590144
PPP1CC,67.25822342194346
PPP1R1A,0.03882836434359775
PPP1R1B,0.30001870417752485
PPP1R2,71.46964540058744
PPP1R3A,0.06646892507772041
PPP1R3B,13.675384927533385
PPP1R3C,506.1290316137055
PPP2CA,181.98506476909844
PPP2CB,119.44194579502688
PPP2R1A,461.33370481829
PPP2R1B,19.664695339619314
PPP2R2A,157.64329921266443
PPP2R2B,0.5615430028650957
PPP2R2C,19.80942539524622
PPP2R3A,0.8621099841181757
PPP2R3B,10.34298744161427
PPP3CA,167.0572773915
PPP3CB,12.339374802141682
PPP3CC,6.297877147156829
PPP3R1,181.88777204394478
PPP3R2,0.0007155911426498385
PPP4C,116.57865294530215
PPP5C,30.781805102879048
PPP6C,140.6519654057526
PPT1,2.3629424992677164
PPT2,24.37702414104433
PPWD1,14.169493366552572
PRAG1,0.3354345050980549
PRDX1,32627.229396229945
PRDX2,6749.516091841374
PRDX3,92.93836563189781
PRDX6,926.4479272215775
PREP,68.20962231655774
PRKAA1,14.356590752170954
PRKAA2,0.20878447561156283
PRKAB2,3.3218799406843016
PRKACA,349.7574036071452
PRKACB,8.676571148166126
PRKACG,5.25292276820224
PRKAG2,2.4988134580573775
PRKAR1A,14.211955405185185
PRKAR1B,5.743410798024693
PRKAR2A,31.836489164755857
PRKAR2B,10.800242127192785
PRKCA,0.19430995728226136
PRKCB,0.0516291291086613
PRKCD,3.5029007007048203
PRKCE,0.5865246758991044
PRKCG,0.005480461223869599
PRKCH,5.58458984894705
PRKCI,5.456256302017394
PRKCQ,0.054106525355486865
PRKCSH,212.78790864460277
PRKCZ,2.67355086145057
PRKD1,0.02746691640472711
PRKD2,21.163203011813415
PRKD3,1.5468047786882084
PRKDC,1.0385866722428767
PRKG1,0.10415506861131783
PRKG2,0.020007790687075408
PRKN,0.21524163632635238
PRKX,17.515896876497937
PRKY,0.00039674893221041275
PRODH,10.814351790880108
PRODH2,0.047452249121563574
PRPF19,471.7195542281934
PRPF4,173.49882054472494
PRPF4B,28.182796202361033
PRPS1,268.98969580945004
PRPS1L1,1.6993128857058533
PRPS2,22.631854877712172
PRRT2,0.9875533529403167
PSAP,19.274208378038523
PSAT1,423.2389515705169
PSKH1,5.947061742194314
PSKH2,0.11813839957802594
PSPH,625.1436411219541
PSPHP1,0.3354345050980549
PTDSS1,8.436882131464476
PTDSS2,6.933805215214316
PTEN,5.933461290486581
PTGDS,40.46019032997691
PTGES,33.250961004412886
PTGES2,98.7273378559781
PTGES3,5599.4981488755
PTGIS,19.02035637177806
PTGR1,307.37885291734307
PTGS1,38.95677751199783
PTGS2,3.8665703872475117
PTK2,0.786945027604284
PTK2B,3.8719680543762314
PTK6,243.15624854779574
PTK7,0.7613843751562707
PTP4A2,0.9811682214545935
PTP4A3,1.752604591076385
PTPDC1,0.35943005059658584
PTPMT1,15.773327239304473
PTPN1,31.140869695018957
PTPN11,9.550967846525356
PTPN12,4.488233529426226
PTPN13,13.871022434910698
PTPN14,1.5224194617980857
PTPN18,15.595298564308287
PTPN2,9.122816230918215
PTPN21,3.134602012889343
PTPN22,0.08228131122154542
PTPN23,12.772597554337022
PTPN3,4.255812088117768
PTPN4,0.6745425959057719
PTPN5,0.009799769338292822
PTPN6,10.9805548669212
PTPN7,0.10418845052392668
PTPN9,0.2927802654453752
PTPRA,0.2767981229051641
PTPRB,0.11384237077160628
PTPRC,0.3534575896035419
PTPRD,0.06458424836675457
PTPRE,1.6251887960879834
PTPRF,66.38701385472828
PTPRG,0.13681614508720147
PTPRH,0.018426794891003788
PTPRJ,0.02049814139171441
PTPRK,1.972208738452179
PTPRM,0.2676700882798623
PTPRN,0.0031950689699241854
PTPRN2,0.04997669350780736
PTPRO,0.011486144867994853
PTPRQ,0.0005856144291544733
PTPRR,0.0004014074953113609
PTPRS,7.084365714952356
PTPRT,9.842406920468646e-05
PTPRU,0.4774937537769087
PTPRZ1,4.783641956377507
PTRH1,0.014855515032083903
PTRH2,265.94289945818235
PTS,21.050841258370063
PUS1,13.711241925801772
PXDN,0.09555054270244491
PXDNL,0.007883145463576366
PXYLP1,0.3900283303635837
PYCR1,18.529909112049022
PYCR2,196.10411393526525
PYCR3,18.52640291410028
PYGB,367.0198361007781
PYGL,77.05231428230093
PYGM,0.41200717982787355
PYURF,0.42537941388934136
QARS,381.1263205846373
QDPR,307.40521693012033
QPCT,0.3073420796496084
QPRT,0.5734088306342613
QTRT1,71.93388360080117
QTRT2,3.0803803903498332
RAD1,0.8848386173351742
RAD18,1.1014892623948715
RAD9A,14.571113950149254
RAF1,0.4686907083160561
RAG1,0.0041592819160327305
RALBP1,35.84286154085282
RARS,311.4397487499395
RARS2,6.9792926925422885
RBBP6,0.2147610443343127
RBKS,0.6577745055798687
RBP1,206.45600612510665
RBP2,0.44262896504099397
RBP4,0.13192141586915287
RCHY1,4.622623655391815
RCL1,7.664422883619196
RDH10,6.693814477676579
RDH11,241.19495079794712
RDH12,37.57985731680768
RDH13,8.036925613254692
RDH14,11.82615703156095
RDH16,0.6535281957166101
RDH5,2.357767921356993
RDH8,0.3354345050980549
REG3A,0.013351244021772447
RENBP,0.10050435127220293
RET,0.0060080211877947464
REV3L,0.9065636701965362
RFC5,24.586758675278812
RFK,7.347149112120442
RFWD3,8.632274918264939
RGL1,1.0547937931950189
RHAG,0.3012257575781964
RHBG,2.317895216528049
RHCG,43954.06995786165
RING1,52.21953814688701
RIOK1,1.013293174431926
RIOK2,0.15186360476220861
RIOK3,129.9420322664584
RIPK1,6.862401818658939
RIPK2,1.3434841057951545
RIPK3,17.581910760729535
RIPK4,209.5876025505105
RIPOR1,1.8350848174091228
RNF103,8.39520158520322
RNF115,1.8681687857954805
RNF123,1.9311484938002135
RNF125,0.4062817287889292
RNF126,137.09986097363418
RNF128,3.3337015173921967
RNF13,14.596026913496702
RNF130,0.7309961434540698
RNF133,0.000905452254949299
RNF138,10.686487150826574
RNF139,17.120759415147184
RNF14,4.7778605364483635
RNF144A,1.3807134028638248
RNF144B,6.065355910129769
RNF146,10.499350424236736
RNF149,57.01276708623505
RNF152,1.136485854518032
RNF167,185.97163462490582
RNF180,0.14715077428932657
RNF182,0.006756044893505448
RNF185,30.805829881268597
RNF187,141.76666028023735
RNF19A,7.710493458308251
RNF19B,21.983606221714545
RNF2,3.910552435080805
RNF20,1.4853572827126347
RNF216,3.4256497759859106
RNF217,2.063962259222959
RNF25,16.633140167470405
RNF31,10.039912366240669
RNF40,1.5996850202676665
RNF41,6.836180990530651
RNF5,39.42358232385826
RNF8,5.182053642319218
RNGTT,4.824844782133352
RNMT,33.797166516109776
ROCK1,2.5926841921554034
ROCK2,4.345602310995204
ROR1,0.6730125676837686
ROR2,0.02265778305008054
RORA,1.4347433500515365
ROS1,0.16602267687961664
RPAP2,0.41906932500658944
RPE,109.4918471693924
RPE65,0.011728131313476612
RPIA,64.76817829466307
RPL14,5151.079036118135
RPN1,325.3212878986507
RPN2,323.23286447705584
RPP14,19.31443172693622
RPS6KA1,16.602256472463928
RPS6KA2,0.8234880393804238
RPS6KA3,1.1087308100618303
RPS6KA4,1.4831695611428708
RPS6KA5,0.9872069212077427
RPS6KA6,0.09102127529372618
RPS6KB1,2.1398058377586313
RPS6KB2,145.60654671511102
RPS6KC1,0.168986926936908
RPUSD4,1.2448995070710538
RRM1,27.181171073857925
RRM2,21.31447276588541
RRM2B,3.4641138004181933
RTCA,14.264993173172071
RWDD2A,0.24641257783374512
RXRA,18.270204394816922
RYK,22.069052189424994
SACM1L,13.302945260044613
SAE1,194.32064975807492
SAP130,0.5227689677808229
SARDH,0.02627992403974145
SARS,191.4733138340397
SARS2,24.681804763239242
SAT1,842.5352999494451
SAT2,72.2687536064418
SBK1,0.062028549425717436
SC5D,38.40712180446243
SCARB1,2.3362000700731738
SCARF2,0.34259285933988853
SCD,318.11362879897536
SCD5,0.44502708725476975
SCLY,1.542398133597236
SCP2,133.95901400048214
SDC1,106.34611799626639
SDHA,117.79257601712071
SDHB,163.58437316410487
SDHC,26.704870294865163
SDHD,4.3474142005429215
SDR16C5,30.636596709990148
SDR42E1,4.128395202691648
SDR42E2,0.0011035272357814597
SDR9C7,16.347943236023628
SDS,0.03960622336390184
SDSL,0.5340769781525104
SEC11A,168.4709006223596
SEC11C,2.3003092435131545
SELENOI,0.1784505883933933
SEPHS1,470.20360008561505
SEPHS2,25.31490456168831
SERPINA1,0.7319389773688747
SERPINA3,0.36142807989313447
SETD1A,0.1487494936603335
SETD1B,7.818771618902629
SETD2,0.029616994399642434
SETD5,13.764940108208728
SETD7,2.1692367848713676
SETDB1,0.13163070956762815
SETDB2,1.4008471652763919
SETMAR,2.3151535232530134
SFXN3,295.225459968673
SGK1,14.58772105705807
SGK2,0.0789182404659506
SGK3,1.6566469381423479
SGMS1,4.317193594929593
SGMS2,3.5121279498409637
SGPL1,63.09192446552328
SGPP1,3.0373043009550464
SGPP2,8.353588121069567
SGSH,6.648720463208403
SH3RF1,1.9974146219538682
SH3RF2,31.667201349483925
SH3RF3,0.32408806014316394
SHMT1,404.8238715444204
SHMT2,920.6563575572222
SHPK,5.780266652445015
SHPRH,0.14121533727432678
SI,0.003803098470807402
SIAE,9.162744697228975
SIAH1,2.7422913140988334
SIAH2,138.30489718441945
SIK2,1.534396517645266
SIK3,1.2454239835043561
SIN3A,2.3552421407274156
SIN3B,0.09463241399975605
SIRT1,4.864819708270584
SIRT2,32.288706040977736
SIRT3,3.6473855130292105
SIRT5,2.208153978076603
SIRT6,16.546547799490796
SIRT7,180.1184327598521
SLC10A1,0.005850069813311043
SLC10A2,0.058748703153154044
SLC10A6,0.8650951789779777
SLC11A1,0.3472709332945288
SLC11A2,5.355085054339936
SLC12A1,0.12604246262781418
SLC12A2,0.6025113307434206
SLC12A3,0.00012053728833016843
SLC12A4,0.11499021315454296
SLC12A5,0.0011561598619789382
SLC12A6,0.13387977589040215
SLC12A7,0.5018612469896226
SLC13A1,1.3898493503991496
SLC13A2,0.0039153045809725145
SLC13A3,0.051005766904082234
SLC13A4,0.7287977328214579
SLC13A5,0.026887909500514128
SLC14A1,0.009239519629788008
SLC14A2,0.00043732692050304063
SLC15A1,0.2246627393606888
SLC15A2,0.23415223661250273
SLC15A3,2.0257858060710774
SLC15A4,5.9594781030554165
SLC16A1,13.7248224775005
SLC16A10,0.012194610971673443
SLC16A2,1.0896644780532108
SLC16A3,7.730758249588483
SLC16A7,0.5693480302602439
SLC16A8,0.03218359195932797
SLC17A1,0.06505057075080632
SLC17A2,0.014797084619435076
SLC17A3,0.0480606884147512
SLC17A4,0.016758172785412122
SLC17A5,2.995485495674824
SLC17A6,0.03561924497624714
SLC17A7,0.10838841457241617
SLC17A8,0.023326127399307364
SLC18A1,0.058656845323138175
SLC18A2,1.9045029748261828
SLC18A3,0.06214561646399096
SLC19A1,0.20815724078234688
SLC19A2,14.01014382642063
SLC19A3,0.024975309874366605
SLC1A1,0.4493129630237283
SLC1A2,0.0029799632822541623
SLC1A3,10.581558319094784
SLC1A4,2.2795347773443897
SLC1A5,120.75931142921276
SLC1A6,0.0011580957762683355
SLC1A7,0.03684622051969893
SLC20A1,100.98692021689413
SLC20A2,11.800532453930023
SLC22A1,0.04751161222232646
SLC22A10,0.0003038781461021536
SLC22A11,0.00020915257927869632
SLC22A12,0.00025769530531552
SLC22A13,0.001980624574805244
SLC22A16,0.0006055871919083376
SLC22A18,24.327981241296882
SLC22A2,0.6215418871526734
SLC22A3,3.663282204566516
SLC22A4,0.025090871542803705
SLC22A5,2.991016085600272
SLC22A6,0.3332262579895881
SLC22A7,0.004588500073269451
SLC22A8,0.6796964855365107
SLC22A9,0.11807453767167743
SLC23A1,0.0449094529816936
SLC23A2,1.4622064814041347
SLC24A1,0.3897746239886818
SLC24A2,0.00012940852597698751
SLC24A3,9.80540854582233
SLC24A4,0.0015579696289143065
SLC25A1,770.3596281149978
SLC25A10,43.136816334375176
SLC25A11,1098.148022980976
SLC25A12,296.53494251242125
SLC25A13,117.76200075814285
SLC25A14,1.5216220754977319
SLC25A15,0.5383390068631496
SLC25A16,1.245075303823018
SLC25A17,3.842637844713901
SLC25A18,0.005200558348514207
SLC25A19,2.2646227408520665
SLC25A2,0.04640341306460729
SLC25A20,3.9586623393808065
SLC25A21,0.4498496346409313
SLC25A22,12.268648869114678
SLC25A26,2.453520124718994
SLC25A27,4.7374542269289615
SLC25A28,58.636271875028385
SLC25A29,16.641807472737042
SLC25A3,2604.3749065588495
SLC25A37,9.834623010256358
SLC25A4,150.03864980194373
SLC25A5,5266.364945235952
SLC25A6,1402.3735508406594
SLC26A1,0.12107869018275239
SLC26A11,1.8724315914690042
SLC26A2,1.3315586072970842
SLC26A3,0.16226921407916228
SLC26A4,0.0021275551290362497
SLC26A6,3.1689414008746075
SLC26A7,0.0042004081518566315
SLC26A8,0.0020413141247149842
SLC26A9,0.013222953510502695
SLC27A1,1.007610712324507
SLC27A2,1.4594525668278058
SLC27A3,7.48203724744314
SLC27A4,8.429942939131266
SLC27A5,0.5569343374757204
SLC27A6,1.406672545120867
SLC28A1,0.05797266048828553
SLC28A2,0.0007896556280158929
SLC28A3,0.6620297347063875
SLC29A1,10.032556918275368
SLC29A2,5.940856715606526
SLC29A3,0.23371813662123614
SLC29A4,0.05182859143581824
SLC2A1,157.20930251266344
SLC2A10,0.9309297452800797
SLC2A11,0.39003083387892595
SLC2A12,0.19430995728226136
SLC2A13,0.11724292170215105
SLC2A14,0.0001474746242938345
SLC2A2,0.7271472329221568
SLC2A3,11.59181748864249
SLC2A4,0.994143048370867
SLC2A5,0.5443242936327848
SLC2A6,0.042579863720458196
SLC2A7,0.02769435809366143
SLC2A8,2.997472595567005
SLC2A9,0.48765303119472764
SLC30A1,13.683518462229726
SLC30A6,4.423885924168761
SLC30A7,12.523887535131244
SLC31A1,4.691412247669896
SLC32A1,1.4740945089441455
SLC33A1,338.54325259596374
SLC34A1,0.01509072092398715
SLC34A2,0.01746503767785966
SLC34A3,1.8388415765329023
SLC35A1,14.537918168794889
SLC35A2,12.679103139117256
SLC35A3,6.520427217420038
SLC35B2,0.2954731630194801
SLC35B4,0.8255695059426813
SLC35C1,31.283417569689046
SLC35D1,2.853056166813586
SLC35D2,5.965689435791578
SLC36A1,1.3273614297611513
SLC36A2,0.07419499914014951
SLC36A4,0.43968853550272813
SLC37A1,2.558520151700829
SLC37A4,4.576948249931986
SLC38A1,12.3472413840857
SLC38A2,523.5631356162323
SLC38A3,0.4557667289680368
SLC38A4,0.35918054990092974
SLC38A5,0.6505005892429899
SLC39A7,14.769029133826749
SLC3A1,0.0017576415258291596
SLC3A2,131.69284105665582
SLC40A1,2.549558563222905
SLC41A1,1.7756091657911246
SLC41A2,0.059214586717243646
SLC43A1,0.48737754410244877
SLC43A2,0.10335494565629472
SLC46A1,0.2218835123831202
SLC47A1,0.587987927540011
SLC47A2,1.7647221371366593
SLC4A1,13.592771879362395
SLC4A10,0.00023589530410298118
SLC4A2,4.100862707689208
SLC4A3,0.549758034637071
SLC4A4,0.14827247271773558
SLC4A5,0.02091300382106699
SLC4A7,0.421826037111248
SLC4A8,0.0009552273209245482
SLC4A9,0.02379826466140645
SLC51A,0.38517220691223425
SLC51B,0.014603068759915775
SLC52A1,0.2225238750765937
SLC52A2,32.55780306902722
SLC52A3,0.9582480404296424
SLC5A1,1.1187627422330015
SLC5A10,0.08319510664195895
SLC5A11,0.04144974318344057
SLC5A12,0.00023037184753817326
SLC5A2,0.004913075597574145
SLC5A3,0.1255683507315296
SLC5A5,0.0018434534871374381
SLC5A6,11.568701681689971
SLC5A7,0.0006977767717873257
SLC5A8,0.0056869970713836265
SLC5A9,0.043318433408114254
SLC6A1,1.5476064253454538
SLC6A10P,0.3354345050980549
SLC6A11,4.013161870646374
SLC6A12,0.00043507041965306715
SLC6A13,0.0020106633731961344
SLC6A14,0.005056153525080242
SLC6A18,0.020564936803086797
SLC6A19,0.0010363444044271246
SLC6A2,0.00012634071456604293
SLC6A20,0.00032518288552496486
SLC6A3,0.008460101893556981
SLC6A4,0.1967672587114837
SLC6A5,0.10319845039380167
SLC6A6,0.2718248861276644
SLC6A7,0.22971773402178103
SLC6A8,97.59674171147627
SLC6A9,9.929764659110184
SLC7A1,77.30908011375794
SLC7A10,0.016017825561535064
SLC7A11,0.5065042024175391
SLC7A2,6.907728158882176
SLC7A3,0.0012985991100874271
SLC7A5,27.033853216468753
SLC7A6,0.921090402516608
SLC7A7,0.02418163549878809
SLC7A8,25.673303921405115
SLC7A9,0.05328549220212166
SLC8A1,0.026352044778903527
SLC8A2,0.03943563891488416
SLC8A3,0.002006032469689838
SLC8B1,4.45210310772805
SLC9A1,7.31548429860766
SLC9A2,0.0003375656961121386
SLC9A3,3.652681915895714
SLC9A4,0.009491456595431599
SLC9A5,0.03112921269990053
SLC9A7,0.23371813662123614
SLC9A8,4.266951123018571
SLCO1A2,0.0001656719041156952
SLCO1B1,0.5745214485775751
SLCO1B3,0.0007265492515402707
SLCO1C1,0.0013904651000228837
SLCO2A1,5.590671567420547
SLCO2B1,1.2829860773648396
SLCO3A1,6.771348356219866
SLCO4A1,10.889796603808993
SLK,44.56013246852663
SMARCD3,2.5081856903387325
SMG1,0.8116486888483282
SMPD1,15.40894450005963
SMPD2,19.168809699780024
SMPD3,0.3286829339206625
SMPD4,7.047834803822549
SMS,59.128633713516486
SMURF1,16.193057726660417
SMURF2,1.6722437409092186
SMYD3,1.1403172043192646
SNRK,7.169928410374815
SOAT1,0.9186853231695129
SOAT2,0.014024796854283067
SOD1,1353.801972705694
SOD2,25.285111864147186
SOD3,26.546157639884598
SORD,4.106364420133358
SPCS1,252.9507096218225
SPCS2,190.18892005616354
SPCS3,232.54409131476345
SPEG,0.8008489367800499
SPHK1,9.820012250567272
SPHK2,0.742862640971473
SPR,371.3659400948527
SPRYD3,35.59849078842476
SPTLC1,27.709416759944798
SPTLC2,4.066976801268313
SPTLC3,0.615419006249219
SQLE,1.3009092541882152
SRC,9.266309599820111
SRD5A1,45.675873932054756
SRD5A2,0.3354345050980549
SRD5A3,4.289257533126566
SREBF1,318.33958458683054
SRM,641.9916957756873
SRMS,0.011970704902170297
SRPK1,6.619131392036759
SRPK2,5.940856715606526
SRPK3,0.10282264454621903
SSH1,3.4209812378844284
SSH2,1.0248485859662204
SSH3,78.94168749470123
SSR4,181.6048861017113
SSU72,262.65756187117603
ST3GAL1,6.29155552472123
ST3GAL2,0.15487052986529332
ST3GAL3,0.6231602465182619
ST3GAL4,27.1333002360795
ST3GAL5,0.2193280627055246
ST3GAL6,0.30639390907826886
ST6GAL1,0.2742721160949114
ST6GALNAC1,7.196322417136477
ST6GALNAC2,41.62217278683113
ST6GALNAC3,0.009815268803292244
ST6GALNAC4,9.013179427613817
ST6GALNAC5,0.03379216840921284
ST6GALNAC6,20.742849886055076
ST8SIA1,0.02653384565178669
ST8SIA4,0.05277609363379294
ST8SIA5,0.0024216035207416495
STAMBP,10.067745440944735
STAMBPL1,0.6080051997413443
STARD3,29.387471685603728
STK10,0.07960218033764527
STK11,34.89068892097907
STK16,1.479027527812571
STK17A,6.713170758396463
STK17B,0.9238013124578413
STK19,9.657117657674556
STK24,122.91001022910572
STK25,2.764253572847088
STK26,0.629690691282171
STK3,4.672350629763245
STK31,0.005942042113454072
STK32A,0.004288976887367345
STK32B,0.017746167677615436
STK32C,0.7153404882420389
STK33,0.03168332471767883
STK35,11.414979817673043
STK36,3.9586623393808065
STK38,16.16558911829188
STK38L,7.441953590027569
STK39,40.16545134344215
STK4,0.9644254983574054
STRA6,0.07411678758933096
STS,0.2706231582124308
STT3A,4.938996208791148
STT3B,64.39997831667786
STUB1,76.7090228281113
STYK1,4.078879824468783
STYXL1,24.37702414104433
SUCLA2,120.66581972289892
SUCLG1,310.7674953393454
SUCLG2,751.6103792850137
SULT1A1,2.097058188515145
SULT1A2,0.011962437988025766
SULT1A3,0.12125399396866177
SULT1B1,0.009552862857340295
SULT1C2,1.4031706299134283
SULT1C4,0.024692394051825245
SULT1E1,0.010727702109386795
SULT2A1,0.0044020216962088994
SULT2B1,916.709072151346
SULT4A1,0.0003772155856162433
SUOX,7.044987882540466
SUV39H1,2.074534351598512
SUV39H2,1.813462439235828
SYK,22.977513069863488
SYNJ1,0.032342855638430264
SYNJ2,0.036028633527131496
SYVN1,0.7305823069594816
TAF1,2.845236827483626
TALDO1,1081.0767898153028
TAOK1,1.639175609413114
TAOK2,6.75840591899495
TAOK3,4.029558850838123
TARS,156.6073789205712
TARS2,1.5285102333624692
TARSL2,2.825031855884997
TAT,0.006167332556132687
TBCB,83.58374659108166
TBK1,0.6064013731402459
TBL1X,7.1676825584752475
TBL1XR1,8.154607389763195
TBXAS1,0.6297350194548055
TCIRG1,33.36229597973036
TDO2,0.01954069578950508
TECR,1076.0390549926708
TECRL,0.11400593534832566
TENT2,0.15316461371698084
TENT4A,0.45357387630786017
TESK1,5.854207571887859
TESK2,3.076304218981664
TFRC,104.18910526798282
TGDS,8.153405824128724
TGFBR1,4.5997675445453545
TGFBR2,6.706716648567325
TGM1,2126.377646542099
TGM2,5.259391215227395
TGM3,12466.209282854814
TGM4,0.0027047536939615122
TGM5,6.342186171150318
TGM6,0.018105422639918517
TGM7,0.01438308791538765
TGS1,4.7374542269289615
TH,0.07700408274190705
THNSL1,0.6523166053933346
THTPA,2.0631054607061943
TIAM2,0.040954813597939246
TICRR,2.26416915633497
TIPARP,33.532533004696425
TK1,68.69551454903666
TK2,1.6085184362892586
TKFC,17.655218887752373
TKT,454.4859076278283
TKTL1,0.02561980913550767
TKTL2,0.3040568295727089
TLK1,4.864819708270584
TLK2,0.216907688548996
TM7SF2,39.18296687149359
TMEM91,4.3507944977313215
TMLHE,0.615419006249219
TMX3,6.247361936233833
TNFRSF21,42.830126713080276
TNIK,0.12655120559999686
TNK1,4.056935342019862
TNK2,28.23764713584812
TNKS,1.5375955423470564
TNKS2,24.269172108954074
TNNI3K,0.008371613170834246
TNS2,1.434061794943761
TOPORS,6.855669861157452
TP53RK,7.9752777112363065
TPH1,0.02957473915551966
TPH2,9.234653834457573e-05
TPI1,16524.16622076909
TPI1P2,0.006646472811402428
TPK1,0.048133823884430126
TPMT,7.3819593534615855
TPO,0.05737607939872139
TPP1,40.981760269237185
TPSAB1,15.876189684745581
TPSB2,10.814351790880108
TPSD1,1.874990788656051
TPST1,2.844748350169744
TPST2,5.6882707554664105
TPTE,0.3354345050980549
TPTE2,0.3354345050980549
TRAF7,70.6687663006789
TRDMT1,0.09097335315628753
TREH,0.15544040457815708
TREX1,5.805449234223349
TREX2,1.5096775732297525
TRHDE,0.004570344208035118
TRIB3,9.812709516096778
TRIM11,4.928912594854584
TRIM32,0.8570332542199798
TRIM33,3.9750525421536382
TRIM63,0.008378975686626185
TRIO,0.3179686414498061
TRIP12,6.702472213781827
TRIT1,11.87814062976169
TRMT1,10.27420405813064
TRMT11,6.514033887224327
TRMT1L,2.8481682631614422
TRMU,7.555705263889427
TRPM6,0.02596839721354033
TRPM7,3.3434774465331283
TSSK1B,0.20447763106973466
TSSK2,0.0231714118888251
TSSK3,0.35693757700273604
TSSK4,0.0378871491318319
TSSK6,0.28046559270761284
TST,176.9345168210439
TSTA3,311.19741838168346
TTC3,5.373089930006426
TTK,0.17423301861894466
TTL,0.5494860224603988
TTLL10,0.01603600457119531
TTN,0.007984423761778879
TUSC3,0.9914109968838304
TUT1,0.2767568761031897
TUT4,0.6950417161591614
TUT7,0.1907089895411479
TXN,9713.02106922334
TXN2,49.92461870564071
TXNRD1,32.24122883102153
TXNRD2,3.520500118820623
TXNRD3,0.8504348010168975
TYMP,76.8955384261126
TYMS,99.28227700375379
TYR,0.1046323172264974
TYRO3,7.602706772824351
TYRP1,0.017222573741918
UAP1,36.032191212574254
UAP1L1,1.9847986884347846
UBA1,476.73966083500204
UBA2,86.9325091567212
UBA3,64.41008443427573
UBA6,63.03091099990915
UBA7,10.387584818121258
UBE2A,53.01463501495839
UBE2B,111.63711632311035
UBE2C,21.11187866051115
UBE2D1,14.01014382642063
UBE2D2,37.22612295196035
UBE2D3,804.5146805594654
UBE2D4,3.6579808134973715
UBE2E1,57.777216881888485
UBE2E2,3.6212835751771486
UBE2E3,6.972345556024376
UBE2F,1.7303330208285386
UBE2G1,26.96885085290789
UBE2G2,7.964513011082811
UBE2H,209.90869031698185
UBE2I,325.7259610862189
UBE2J1,9.079814518329561
UBE2J2,23.55737602241661
UBE2K,592.431006178184
UBE2L3,1374.7063842043478
UBE2L6,15.405229122417365
UBE2M,145.78844629527956
UBE2N,29.973191950852122
UBE2NL,0.3354345050980549
UBE2O,9.900458635341792
UBE2Q1,4.952386040857504
UBE2Q2,1.1674693105996132
UBE2QL1,0.008914558994647697
UBE2R2,13.532649781848177
UBE2S,48.949072462439204
UBE2T,4.286816688752554
UBE2U,0.023784263818109993
UBE2W,3.8719680543762314
UBE2Z,65.47011088733302
UBE3A,15.420576849053338
UBE3B,5.872740429897931
UBE3C,4.3231884451863785
UBE4A,0.25040844019869996
UBE4B,2.43656901971763
UBLCP1,61.53861490848179
UBR1,0.22762635327719505
UBR2,2.2622734611667203
UBR3,0.021135341208040496
UBR4,2.1621674390902226
UBR5,0.38374926315275076
UBR7,12.143240308831984
UCK1,8.289459600682298
UCK2,7.964440109130764
UCKL1,30.341168074879917
UCP1,0.0024833686666331308
UCP2,0.9008412594513733
UCP3,0.05535248723698885
UEVLD,4.062417858590783
UGCG,55.26329428833909
UGDH,84.91529841162357
UGGT2,0.526433104574567
UGP2,1102.1887555383623
UGT1A1,0.38160484278238477
UGT1A10,3.3728609339403786
UGT1A3,1.0114790584917612
UGT1A4,0.005384505099548132
UGT1A5,0.4044927492424471
UGT1A6,2.96033287045016
UGT1A7,5.878922274496039
UGT1A8,0.1293154038699776
UGT1A9,0.11549856641655931
UGT2A1,0.3354345050980549
UGT2A3,0.0008310407570732017
UGT2B10,1.2536713325042186
UGT2B11,0.23720441855058141
UGT2B15,0.6704297803167216
UGT2B17,0.6033232516115735
UGT2B28,0.6936387983112186
UGT2B4,0.7544150219594951
UGT2B7,0.01412937209853345
UGT3A1,0.005557621304924851
UGT3A2,0.0010043797454886289
UGT8,0.45226722921673945
UHMK1,13.013809556212522
UHRF1,0.8171670817635279
UHRF2,5.022623399638964
ULK1,11.026025626575551
ULK3,96.15316851138054
ULK4,0.12566323845595265
UMPS,194.69228566182855
UPB1,0.002550639725695513
UPP1,21.404042238690284
UPP2,0.0008752271373297467
UPRT,2.6783114658954768
UQCR10,43.01579985536981
UQCR11,86.58670956544469
UQCRB,89.61733877210105
UQCRC1,1721.802907984711
UQCRC2,2059.5973214525216
UQCRFS1,392.29614940060515
UQCRH,64.16634810973935
UQCRQ,99.68523852396093
UROC1,0.3822824415744883
UROD,22.36798057468574
UROS,8.885618416589637
USP1,12.229413762593278
USP10,5.829359339418456
USP11,8.751612819452486
USP12,5.780266652445015
USP13,0.3014316524556632
USP14,80.08178330652107
USP15,5.692038060197236
USP16,11.89368207595046
USP17L2,0.7544524097088302
USP17L22,0.04998256910149056
USP17L30,0.050968258904732194
USP17L5,0.050968258904732194
USP17L9P,0.3354345050980549
USP18,0.5233292069570566
USP19,0.6844281057884907
USP2,1.5684964990866124
USP20,5.463408013778542
USP21,17.718983452372843
USP22,18.944287414750736
USP24,1.0029856812850413
USP25,0.12379694564574671
USP26,0.08118014005684498
USP28,2.190630709815591
USP29,0.08228852752006045
USP3,0.4648935940699965
USP30,0.13532720741283066
USP31,4.067902778613476
USP32,0.31859977239840825
USP33,8.878549019740836
USP34,1.9186703051869762
USP35,2.031475615777114
USP36,5.536013559392284
USP37,0.3192740999219646
USP38,2.5264942751352604
USP4,1.9111406545539684
USP40,0.4312578744851442
USP41,0.01834435481333142
USP42,1.2837405068009615
USP43,2.8589252420931173
USP44,0.008188235051729198
USP45,0.5856472933231303
USP46,3.1033986362053922
USP47,3.596797073632151
USP48,0.2736158919300032
USP49,0.29602707793126465
USP51,0.04713696859655884
USP6,0.005156469376506754
USP7,33.71384953039272
USP8,0.4963455502659037
USP9X,3.1716349202025462
USP9Y,0.0009439707798804424
UST,1.2342584442316111
UXS1,6.539619421446571
VARS,170.10551188826048
VARS2,119.86400662415551
VKORC1,28.846960300182058
VNN1,0.010158260915751973
VNN2,0.24685419248940718
VNN3,0.01372123078016982
VRK1,34.19636571285377
VRK2,2.5129837969842974
VRK3,4.674184183547502
WARS,189.7781560027689
WARS2,10.071811756369337
WDYHV1,2.632007881997905
WEE1,51.70518709302607
WEE2,0.00038938643364691685
WNK1,4.388143609251949
WNK2,0.30615701510736026
WNK3,0.015963328722102998
WNK4,6.74547152420827
WWOX,1.2075356927612086
WWP1,9.608950905453295
WWP2,0.13048765208843352
XDH,0.7917929555489872
XPO6,0.29955858821631165
XPO7,17.410240835878533
XYLB,0.45038651422199816
XYLT1,1.1832072839707222
XYLT2,4.178104164763901
YARS,1316.7394671880202
YARS2,28.629101182776363
YES1,16.858965835279832
ZADH2,5.099184175065808
ZAP70,0.09771246435409436
ZC3HAV1,0.9568384893062265
ZNRD1,12.794526899915471
ZNRF1,35.554118093028976
ZNRF2,4.199708012808657
ZSWIM2,0.0011919484442120395
