A4GALT,25.6984454499469
A4GNT,0.020703287338241283
AACS,11.688201637895304
AADAC,0.03712304347562107
AADAT,4.217052176245187
AAK1,6.394587371022167
AANAT,0.11212856232379013
AARS,296.4904763338662
AARS2,2.357692179643763
AASDH,3.417200381287969
AASDHPPT,6.224615302036226
AASS,18.32973395730567
AATK,2.2849012220413525
ABAT,1.1990754833315396
ABCA1,19.22051150125923
ABCA3,8.608075874206337
ABCA4,0.001965793794932228
ABCA8,0.32072912763214173
ABCB1,0.6076358158872023
ABCB11,0.04664320692677182
ABCB4,0.25737965222452985
ABCB6,19.196539855024675
ABCC1,0.7693023995539752
ABCC11,0.002252346342171112
ABCC2,0.15230197227349995
ABCC3,6.559090103716479
ABCC4,0.4880770278142709
ABCC5,9.457902713422733
ABCC8,0.2270107474534328
ABCC9,0.3597811402235067
ABCD1,13.044856123372147
ABCD2,0.06722562432542074
ABCD3,32.7643801762715
ABCG2,0.36619858122504656
ABCG5,0.005684092013273678
ABCG8,0.026673876708283938
ABHD12,23.46501880542974
ABHD5,2.608040453054896
ABHD6,1.3640058431259263
ABL1,37.87865834166332
ABL2,2.426745053682395
ABO,0.02408160559434007
ACAA1,32.29829701896246
ACAA2,11.046935215340161
ACACA,8.12417835847212
ACACB,5.697819602517451
ACAD10,5.099125195312577
ACAD11,0.04519823486450944
ACAD8,20.007449363639278
ACAD9,214.44206095740685
ACADL,21.672230377436165
ACADM,21.230942463861446
ACADS,10.662731597457608
ACADSB,76.61832689431014
ACADVL,680.3762036246472
ACAT1,13.795121256980277
ACAT2,5.885671009323259
ACE,0.36049304835131846
ACE2,0.018187014635392275
ACER1,0.16791837461055348
ACER2,0.3892004120751716
ACER3,2.682256649175342
ACHE,0.3006951511590897
ACLY,23.497130854767295
ACMSD,0.10436447862188088
ACO1,14.256254291835749
ACO2,21.89356378261151
ACOT1,3.472977407680914
ACOT11,1.3193572900241557
ACOT12,0.00670911464776586
ACOT13,3.004061159999202
ACOT2,7.253441475234943
ACOT4,0.413946337476263
ACOT6,0.01150631612613102
ACOT7,15.995099014584456
ACOT8,15.274793933736152
ACOX1,2.636387439132162
ACOX2,17.9663904478306
ACOX3,7.662140602455523
ACP1,3605.376710889339
ACP2,5.5604037962305615
ACP4,0.0036202735317779565
ACP5,16.512582696488952
ACP6,8.249345677739957
ACP7,0.44999467512671487
ACPP,0.09524898994876389
ACSBG1,0.02418432809331839
ACSBG2,0.1024183564030977
ACSF2,5.910811100616354
ACSF3,2.865548956811777
ACSL1,50.97219628747687
ACSL3,5.263381200053355
ACSL4,3.6031532481475543
ACSL5,0.9694862948431678
ACSL6,0.0706845388685679
ACSM1,1.4726567627393776
ACSM2A,0.0585122933778039
ACSM2B,0.06320048198640206
ACSM3,0.39898882868831553
ACSM4,0.04513384618192022
ACSM5,0.8818266140800316
ACSS1,16.59010524692652
ACSS2,23.19782784884502
ACSS3,3.866132555815988
ACVR1,12.215748706697426
ACVR1B,3.4803152761030676
ACVR1C,0.03985632022728008
ACVR2A,2.1796756717391115
ACVR2B,0.5880767978862586
ACVRL1,0.6847686127718471
ACY1,94.65348134838347
ACY3,1.056114552252546
ACYP1,5.641707040210492
ACYP2,2.596763700430851
ADA,2.591546622676716
ADCY1,0.08735967119709893
ADCY10,0.03908431611855328
ADCY2,1.0483645546685547
ADCY3,5.647936188542444
ADCY4,0.8111054452446269
ADCY5,68.41554105596099
ADCY6,42.267242120311046
ADCY7,1.407544525560476
ADCY8,0.10844658669179806
ADCY9,15.91046054210512
ADH1A,0.31413740072059626
ADH1B,623.3593861802465
ADH1C,0.32839619391930763
ADH4,0.055506501977031476
ADH5,655.4109740797562
ADH6,0.47222669256743965
ADH7,0.11332845673771044
ADHFE1,18.013699065800246
ADI1,80.21324057165775
ADK,8.710006539972875
ADO,8.662155175758171
ADPGK,84.16686428582467
ADPRH,15.881538804112154
ADSL,265.56718631304324
ADSS,135.23148236281483
ADSSL1,22.568545331055265
AFMID,11.577870427076984
AGA,93.3610561281477
AGK,10.246150895026679
AGL,0.607412163676936
AGMAT,0.08610720412232571
AGPAT1,9.348551984555241
AGPAT2,42.48310468094459
AGPAT3,7.562845233278523
AGPAT4,0.38816058494392464
AGPAT5,1.9431944568053554
AGPS,16.937769382313522
AGT,182.52418238534466
AGXT,1.1981950333722313
AGXT2,0.07273189725255508
AHCY,2107.9428718180093
AHCYL1,24.644202353557304
AHCYL2,3.688797567774901
AICDA,0.004831347880663287
AK1,818.5576105402173
AK2,400.2892357527613
AK3,53.73506760819147
AK4,232.55837798646897
AK5,4.892532934359467
AK7,0.0010352912571412248
AKR1A1,144.86110582484076
AKR1B1,95.30724099219982
AKR1B10,0.08382504155005624
AKR1B15,2.0793115605776
AKR1C1,4.157844893227811
AKR1C2,7.174868564873707
AKR1C3,27.723410421912934
AKR1C4,5.522781755496033
AKR1C8P,0.3354345050980549
AKR1D1,3.5763124860476507
AKR7A2,273.1501857640014
AKR7A3,0.3058510868550413
AKT1,2.869604160810401
AKT2,1.1430100870931459
AKT3,28.03370558634476
ALAD,253.30311466667956
ALAS1,12.82366305251327
ALAS2,0.01642073062469992
ALB,0.2272376196996956
ALDH18A1,143.4796306336102
ALDH1A1,4.257598267593453
ALDH1A2,2.8243647258029543
ALDH1A3,0.2570472452452774
ALDH1B1,51.61616041111588
ALDH1L1,4.660723774254369
ALDH1L2,5.295133723952871
ALDH2,948.117636784199
ALDH3A1,0.045717953194254285
ALDH3A2,126.09351319652866
ALDH3B1,12.515293417608454
ALDH3B2,0.0882679958204115
ALDH4A1,10.225059407562435
ALDH5A1,3.4284536517350497
ALDH6A1,5.013847536572587
ALDH7A1,30.37480776179794
ALDH9A1,356.881614151237
ALDOA,4171.495575071246
ALDOB,0.13739655857399208
ALDOC,15.810551191080565
ALG1,3.7643194545611562
ALG10,1.0364352664101026
ALG11,0.5439830757105018
ALG12,5.301283118650602
ALG13,12.00930209901433
ALG14,0.8533093096408968
ALG1L,0.27215832256553274
ALG1L2,0.0848053738166608
ALG2,42.28757850734409
ALG3,1.7237442833453411
ALG5,20.550537538458464
ALG6,1.628792075810476
ALG8,5.196941543934059
ALG9,6.9142261995400585
ALK,0.014971425856777316
ALLC,0.09874098907430014
ALOX12,0.5680896470692779
ALOX12B,0.013036940221002012
ALOX15,0.003979750527598017
ALOX15B,2.3253989404999547
ALOX5,15.557512094828825
ALPG,2.1334538652401167
ALPI,0.09522613776587274
ALPL,0.05118564006323767
ALPP,0.12394730653401177
AMACR,68.0806136531928
AMD1,28.535095958267394
AMDHD1,0.1067088180634402
AMDHD2,16.025899260117647
AMFR,0.21916482906744042
AMHR2,0.03125878832553094
AMN,0.003311316785020939
AMPD1,0.014085714410145786
AMPD2,24.876244395222198
AMPD3,4.511625909586682
AMT,42.755597358710425
AMY1A,2.6438139326066277
AMY1B,0.014642174837517776
AMY1C,2.6438139326066277
AMY2A,0.009486401021197412
AMY2B,9.735458394081226
ANAPC11,40.278897315321295
ANGPTL4,266.174566166978
ANKRD1,3.9476306071842377
ANPEP,10.549427562056657
ANXA3,37.66237523261325
AOAH,4.324759613308995
AOC1,0.01590944184971924
AOC2,0.7519387639940849
AOC3,495.74226889444935
AOX1,0.6332529030632124
APOA1,0.2014248700058963
APOA2,180.33762034675766
APOA5,0.007745897911314765
APOB,0.610183610502982
APOC1,233.5988528171608
APOC2,0.10910464469405232
APOC3,46.87519708233557
APOE,728.1589356500957
APRT,678.3013417203717
AQP1,1418.8711833690002
AQP10,0.010438791652048137
AQP2,2.053743019254548
AQP3,2.219274506036679
AQP4,0.010878983111383052
AQP5,0.026612923464849517
AQP7,0.11882246424887187
AQP8,0.06515734429397879
AQP9,0.6392472746471759
ARAF,2.021569988460421
ARCN1,218.84385979981474
ARG1,0.012664627911898716
ARG2,0.5459192464383298
ARSA,45.962768155986566
ARSB,4.999567089240472
ART1,12.508037072622695
ART3,0.012010406560740018
ART4,4.2634810502220954
ART5,0.021945355572804335
AS3MT,10.028633413959659
ASAH1,251.191581626646
ASAH2,0.004893644781127671
ASH1L,0.0209933892092449
ASL,261.5304453270349
ASMT,0.09470609221848098
ASNS,318.9446278207764
ASPA,0.009318487378680605
ASPG,9.326638843936303
ASPH,110.53379036547936
ASRGL1,0.169401372200979
ASS1,184.12624458199244
ATE1,5.16623138935941
ATIC,390.6344056165066
ATM,1.0851903840060968
ATP10A,51.57708553542048
ATP11A,1.874242753746209
ATP11C,5.747791980755926
ATP1A1,51.80015803122038
ATP1A2,361.4103845855567
ATP1A3,0.03173591853386256
ATP1A4,0.0698420094055564
ATP1B1,16.784233754256807
ATP1B2,2.106013114547356
ATP1B3,68.06850238183834
ATP1B4,0.020317090524169256
ATP2B1,6.184827096649151
ATP2B2,0.004036795305429059
ATP2B3,0.2812675686122307
ATP2B4,71.58560206140582
ATP4A,0.0014367806347775523
ATP4B,0.2703572249398832
ATP5F1A,124.53265572432873
ATP5F1B,167.30632217246165
ATP5F1C,21.50971022167614
ATP5F1D,155.46511749348954
ATP5F1E,125.55773209538297
ATP5MC1,4.311892001287344
ATP5MC2,2.868050998110428
ATP5MC3,5.997867959791037
ATP5ME,117.38991896387836
ATP5MF,1.481717785000078
ATP5MG,179.57272888452187
ATP5MGL,23.718922705117464
ATP5PB,5.524565248774745
ATP5PD,6.7181129554220975
ATP5PF,4.959033242795014
ATP5PO,42.13932100131758
ATP5S,0.3354345050980549
ATP6V0A1,1.6905065129322987
ATP6V0A2,0.4360575421242268
ATP6V0A4,0.5590999308309642
ATP6V0B,82.84381018184098
ATP6V0C,224.3406920346252
ATP6V0D1,317.11524412529883
ATP6V0D2,0.022248047862763427
ATP6V0E1,237.85631856342923
ATP6V1A,74.79145618103622
ATP6V1B1,1.670506410923667
ATP6V1B2,565.3156173686007
ATP6V1C1,17.754441550269792
ATP6V1C2,0.9658863288610489
ATP6V1D,20.811894352196802
ATP6V1E1,239.87711016731714
ATP6V1E2,0.3332943114056555
ATP6V1F,37.92560759396961
ATP6V1G1,51.26957993295275
ATP6V1G2,1.4641300207503223
ATP6V1G3,0.2330917175245828
ATP6V1H,16.018248748945744
ATP7A,2.8590381314838536
ATP7B,1.6258898008905878
ATP8A1,1.4268268373080275
ATP8B1,7.358474990532606
ATP8B2,26.916529173660216
ATR,0.02999107781262726
AUH,2.543381184712309
AURKA,0.009931951779201456
AURKB,0.38576017447560307
AURKC,1.2328103621053017
AWAT1,0.004735257634631928
AWAT2,0.006260916293780017
AXL,0.3176779804422451
AZIN2,0.7963414524148358
B3GALNT1,14.727688940154197
B3GALNT2,5.436935112186414
B3GALT1,0.06014417381633016
B3GALT2,0.0461394530179488
B3GALT4,10.140781996455688
B3GALT5,0.014399455861723854
B3GALT6,6.245950998755645
B3GAT1,0.009247436114390236
B3GAT2,1.2648955348344815
B3GAT3,45.61405060003769
B3GLCT,0.7866139610071975
B3GNT2,26.557582887514297
B3GNT3,1.2406923297536334
B3GNT4,0.022571845080873863
B3GNT5,0.616927238442425
B3GNT6,0.3354345050980549
B3GNT7,4.288795812206056
B3GNT8,1.48594054898211
B3GNT9,25.37670149985949
B3GNTL1,1.3887841331757098
B4GALNT1,4.7027002010023935
B4GALNT2,0.08753139082536945
B4GALNT3,13.586274403312254
B4GALNT4,0.04424894373641367
B4GALT1,55.38505980781605
B4GALT2,25.359790472725706
B4GALT3,26.421099803106284
B4GALT4,4.971318746614775
B4GALT5,12.478684716333525
B4GALT6,0.29009653015286535
B4GALT7,13.022702248765299
B4GAT1,2.277812689362301
BAAT,0.0045984625611885386
BARD1,2.2849012220413525
BBOX1,0.07645691604861847
BCAP31,1291.283969459716
BCAT1,4.0568284279606655
BCAT2,14.132116700403271
BCHE,3.4966987221519132
BCKDHA,5.308727669020638
BCKDHB,7.155252571827214
BCKDK,45.10969160363205
BCO1,0.06461878427195712
BCR,0.7631987177821565
BDH1,0.15436657267584553
BDH2,78.51114134452159
BHMT,0.10082216426275911
BHMT2,2.833025006999786
BIRC6,3.8976671670555834
BLK,0.06541959940621507
BLVRA,736.7986918325823
BLVRB,904.0623665084053
BMP1,43.084938619574466
BMP2K,0.39609723402176245
BMPR1A,7.155252571827214
BMPR1B,0.6460547367069908
BMPR2,20.442938831034006
BMX,0.6193109342710956
BPGM,6.984355440440772
BPNT1,8.108835097851093
BRAF,6.290493799472473
BRAP,0.20082604631002993
BRPF1,4.313551227372612
BRSK1,2.215668630091473
BRSK2,2.5883567283082933
BSCL2,28.639056992693565
BSG,114.79373534799757
BTD,6.578362526191115
BUB1,0.19110560470017843
BUB1B,0.01380706056339053
C1GALT1,4.784472248330843
CA1,0.3354345050980549
CA12,2.1642869241757756
CA13,1.7774881961827451
CA14,2.5338721404237834
CA2,0.37730450821983524
CA3,0.2694710589978346
CA4,0.03793211233131542
CA5A,0.005959490823746747
CA5B,4.0651259367196415
CA6,10.425839500790367
CA7,0.05545783396005097
CA8,0.007443830543279695
CA9,1.7080360409005446
CAD,38.068569960386334
CALM1,465.2952538488767
CAMK1,22.284235598366475
CAMK1D,8.297022751477622
CAMK1G,0.22196674857434373
CAMK2A,0.18651697976128676
CAMK2B,0.09183933917628151
CAMK2D,388.7695085875327
CAMK2G,31.717080157569733
CAMK4,0.061955420963456354
CAMKK1,2.298384376853911
CAMKK2,20.329709237606856
CANT1,19.46056167935124
CARM1,11.16891555881086
CARNS1,17.848229753888745
CARS,13.899786895834877
CARS2,10.162438828554226
CASK,12.719284609431435
CAT,86.53452069272151
CBLC,0.06616461944234776
CBLL1,3.8817117701245625
CBLL2,0.027434690025870352
CBR1,28.59573055268196
CBR3,149.68911640858227
CBR4,33.70232446361753
CBS,0.18065093076226435
CBSL,0.3354345050980549
CBX1,76.05561606287222
CCNB1IP1,12.478684716333525
CD36,0.7145095653804556
CD38,0.20640293342313304
CDA,1.7493623901643007
CDC14A,1.033788089627756
CDC14B,6.674896562581311
CDC25A,0.09767249447243258
CDC25B,42.54884632856615
CDC25C,0.014971425856777316
CDC34,6.334153020216434
CDC42BPA,2.1593676682232528
CDC42BPB,2.4889893066866473
CDC42BPG,0.08578801594700587
CDC7,0.35942529351289865
CDIPT,177.59024119060766
CDK1,1.546015133663692
CDK10,17.690929379075595
CDK11A,10.36583583905936
CDK11B,8.976160019580648
CDK12,7.463814261906226
CDK13,13.355810475661519
CDK14,5.760298921984934
CDK15,0.09286498101268509
CDK16,39.86133413382612
CDK17,7.477003040864843
CDK18,41.098009540681346
CDK19,2.192002603940795
CDK2,10.669821262414624
CDK20,3.280521332139554
CDK3,11.715003584095118
CDK4,7.662154750973021
CDK5,17.13299995044084
CDK6,20.866881647929688
CDK7,78.63046706967681
CDK8,6.940201926386877
CDK9,66.8037506108008
CDKL1,0.4467930399125756
CDKL2,0.2799142115518409
CDKL3,0.9855028459240147
CDKL4,0.01183418655045821
CDKL5,0.6145454139918034
CDKN3,0.08730629990279776
CDO1,4.693698812942695
CDS1,0.055190315200722796
CDS2,16.18008084044413
CDY1,0.256335927830294
CDY1B,0.256335927830294
CDY2A,0.04923577690024244
CDY2B,0.04923577690024244
CEL,0.9872504085525737
CEPT1,1.0065685174126908
CERCAM,48.96325216958497
CERK,9.037810388909799
CERS1,0.013623247266673908
CERS2,50.64110040256364
CERS3,0.010940168753498552
CERS4,6.482115696348497
CERS5,16.56684073064206
CERS6,4.898584283046703
CES1,19.092733100736226
CES2,21.86074481229504
CES3,0.23181724790779704
CES5A,0.03703753789261324
CFTR,0.017664861463399042
CH25H,6.946698951169588
CHAT,0.014545141103376102
CHD9,7.430863050872228
CHDH,0.06561022920938095
CHEK1,0.3208696682116162
CHEK2,0.9498175919755688
CHFR,6.8752998019838145
CHI3L1,0.3902855677927693
CHIA,0.34819723870797287
CHIT1,0.48959211153845167
CHKA,2.6973479922028485
CHKB,67.46509904933818
CHMP4A,78.86239486059421
CHPF,215.4208223155534
CHPF2,28.344700735551182
CHPT1,7.642260475168439
CHST1,21.271724777798394
CHST10,1.7051055743505625
CHST11,6.992212690253674
CHST12,10.968447690885382
CHST13,0.15415686308260326
CHST14,1.2365611401674927
CHST2,0.9580622588502475
CHST3,66.98059353162736
CHST4,0.012817985975433748
CHST5,0.057803611361046774
CHST6,1.0620952525167544
CHST7,7.901516110107203
CHST8,0.18232305003362895
CHST9,0.006013647430204387
CHSY1,41.78939016603978
CHSY3,3.5187491707016716
CHUK,0.7273525327334157
CHURC1-FNTB,3.2507362769424972
CIDEA,0.11153926397560104
CINP,0.42862728686718826
CIT,0.10172971751392366
CKB,162.6717695308009
CKM,4.723116316958734
CKMT1A,0.005684092013273678
CKMT1B,0.0034573703042896655
CKMT2,13.437496180285049
CLC,0.03143212009792826
CLCF1,5.1602161440367285
CLK1,8.418642556187566
CLK2,26.28475993297432
CLK3,0.9758935053940915
CLK4,0.7795039403877375
CLOCK,3.6653453542896863
CLPS,0.9006573239412103
CLTRN,0.5786685643266595
CLYBL,1.6598149092761822
CMA1,0.3203815019623466
CMAHP,40.52055845826713
CMAS,31.624770484722887
CMPK1,951.5920657684078
CMPK2,0.7552477157362202
CMTR1,24.626392518008743
CNDP1,0.020226478089272068
CNDP2,16.61337639906755
CNOT4,4.745955581860593
CNP,15.282421078741788
COASY,428.5301050657065
COL4A3BP,2.4395847026924
COLGALT1,88.27868367697862
COLGALT2,0.1951509167284781
COMT,80.06097813858705
COMTD1,296.264727184813
COP1,0.4785008438550989
COPA,215.3135242938306
COPB1,132.97625895356424
COPB2,63.251253789353555
COPE,419.7652783521645
COPG1,188.2520590499284
COPG2,79.14934870177821
COQ2,1.9276612793284047
COQ3,6.4693046206873985
COQ5,1.5184533464853271
COQ6,9.596476500997168
COQ7,0.14324024224940693
COX1,7.766401376158287
COX17,28.42255835874129
COX2,5.3369352212394165
COX3,0.33446363282071023
COX4I1,392.4279981157891
COX4I2,0.028172844081425653
COX5A,110.52195534386767
COX5B,400.54600908292883
COX6A1,16.074689828387324
COX6A2,1.6812118451365499
COX6B1,91.09797867478015
COX6B2,0.006353181983456422
COX6C,79.12099943058513
COX7A1,211.89966804010007
COX7A2,67.35435616257975
COX7A2L,19.958573323703753
COX7B,34.72305873515638
COX7B2,0.3354345050980549
COX7C,166.0715511019836
COX8A,603.8040295298413
COX8C,0.15550600611318124
CP,0.21123465657985593
CPA1,0.4482811731596536
CPA2,0.04343707185172328
CPA5,0.01596608891666805
CPA6,0.013883457910022873
CPOX,64.03086057790522
CPS1,1.0834269923661708
CPT1A,0.7185167042883959
CPT1B,6.979202599205601
CPT1C,0.0747465835512632
CPT2,26.279400428559338
CRAT,15.504081414078248
CREBBP,0.1791983466008592
CRLS1,9.13388104751966
CROT,13.032682275212784
CS,2339.598255530531
CSAD,46.46354608102343
CSF1R,43.60350989676129
CSGALNACT1,0.4508878239634908
CSGALNACT2,26.080519618531483
CSK,14.042089718277747
CSNK1A1,35.329327551049246
CSNK1A1L,0.005903891104805146
CSNK1D,64.8040534485509
CSNK1E,3.68697973448353
CSNK1G1,1.6210550167601154
CSNK1G2,30.24264561711047
CSNK1G3,8.330719790840227
CSNK2A1,194.04828595769513
CSNK2A2,215.6185089485914
CSNK2B,660.4908308565658
CTBP1,41.18797986214851
CTDP1,1.1875617755537968
CTDSP1,145.46852946825774
CTDSP2,131.9722277918321
CTDSPL,49.26305987502911
CTDSPL2,2.037329351590788
CTGF,0.3354345050980549
CTH,1.4736047995839665
CTPS1,44.35056428297446
CTPS2,5.804116674169351
CTSA,361.9616239741924
CTSB,461.7841154671926
CTSC,12.142913660392649
CTSD,2837.1734479557263
CTSE,0.012274828626160304
CTSF,182.2716123262732
CTSG,3.493305366245226
CTSH,25.199250197713152
CTSK,66.58938578751733
CTSL,4.670664033991098
CTSO,60.072096132022516
CTSS,27.60293011430178
CTSV,0.09424512605428788
CTSW,3.241520884574852
CTSZ,48.99300761872594
CUBN,1.67780406254834
CWC27,8.27008513704976
CYB5D1,7.888178293257489
CYB5R1,36.2802423039876
CYB5R2,7.781641183132158
CYB5R3,11185.611017672352
CYBB,9.56872898287629
CYBRD1,192.17399732758773
CYC1,244.31687419292342
CYLD,4.833837199537959
CYP11A1,0.02762270858463406
CYP11B1,0.013024252925667154
CYP11B2,0.08105018928386314
CYP17A1,0.3263015271077913
CYP19A1,0.134301997878662
CYP1A1,0.00377577235151869
CYP1A2,0.005042619264030616
CYP1B1,0.2941900412040858
CYP21A2,0.21546993547471896
CYP24A1,0.04255372230264104
CYP26A1,0.03230168509071503
CYP26B1,2.5241985686317414
CYP27A1,45.680749183937934
CYP27B1,0.19458542172576476
CYP2A13,0.04638837469548625
CYP2A6,0.1085744043846214
CYP2A7,0.05996477628878289
CYP2B6,0.02889595120271605
CYP2C18,0.2259625918283721
CYP2C19,0.1750227487879086
CYP2C8,0.30653988884440037
CYP2C9,0.13627582512980346
CYP2D6,0.3336447402571909
CYP2E1,2.0465448958573003
CYP2F1,0.0030838617030293745
CYP2J2,0.010728938602148666
CYP2S1,1.8637947177708671
CYP2U1,4.051004813491059
CYP39A1,0.44530591387054064
CYP3A4,0.035404578699653466
CYP3A43,0.017549249210665377
CYP3A5,0.03818003289015351
CYP3A7,0.18061999516259683
CYP46A1,0.07477243884778663
CYP4A11,0.024348868700422473
CYP4B1,0.054365107830211375
CYP4F11,3.405392552417836
CYP4F12,0.02000869885588744
CYP4F2,1.3721447209835187
CYP4F22,0.07697674648560486
CYP4F3,0.005078507723705994
CYP4F8,0.3354345050980549
CYP4V2,14.553779533143574
CYP4X1,39.50941621956784
CYP4Z1,0.5447573761305511
CYP51A1,11.743889186216744
CYP7A1,0.09272989591342637
CYP7B1,1.087881931697433
CYP8B1,0.3555157162297554
CYTB,10.283962318241796
DAD1,1038.5064638923702
DAGLA,0.4427058728878845
DAGLB,11.62835495673185
DAO,1.8577966562707513
DAPK1,5.910811100616354
DAPK2,3.661922375134195
DAPK3,4.335491567546192
DARS,2947.047943302682
DARS2,3.126198138167787
DBH,0.02525786512255122
DBI,83.28504715256733
DBT,2.278165700949056
DCK,6.566276517817267
DCLK1,13.955955063535889
DCLK2,7.319051451962167
DCT,0.27451411423357647
DCTD,9.894625559301174
DCTPP1,16.551334742435156
DCXR,52.01702427003575
DDAH1,71.22173018773631
DDAH2,216.49763810137134
DDC,1.3078191747169696
DDO,3.2181662615240434
DDOST,599.9622074484178
DDR1,13.081796251073945
DDR2,30.084992302550848
DECR1,21.885358101536628
DECR2,12.332468553203844
DEGS1,13.750803752258488
DEGS2,0.05599365873299312
DERA,18.64839210000957
DGAT1,30.330303112870528
DGAT2,0.1492306062839526
DGKA,21.426842474389993
DGKB,0.003521147712841541
DGKD,6.520579803208077
DGKE,1.295761487029082
DGKG,1.0709729914351098
DGKH,6.8752998019838145
DGKI,0.2931655707303336
DGKQ,13.192743832264657
DGKZ,11.082648931965329
DGUOK,27.48505447319338
DHCR24,0.3397349337921217
DHCR7,1.4997242579262402
DHDH,0.3456035605279518
DHFR,145.30859260302336
DHODH,2.5263142538841374
DHRS2,0.11274659866700622
DHRS3,65.84943153049468
DHRS4,168.22465949406237
DHRS9,0.12287049803956998
DIO1,0.007503381981244156
DIO2,0.4968017574872177
DIO3,0.006995384616210968
DLAT,188.71213819536206
DLD,401.2983261020602
DLST,300.2349908084993
DMGDH,0.15080942892956214
DMPK,223.94562237930103
DNAJC6,1.0678640739403142
DNMT1,4.850721758958523
DNMT3A,3.0721598516613056
DNMT3B,0.3565811018678891
DNMT3L,0.03798289307998578
DOLPP1,5.691579301048437
DOT1L,2.932457719283065
DPAGT1,17.8797237654342
DPEP1,0.3191303602896498
DPEP2,3.628297785315922
DPEP3,0.06257821074924788
DPH5,33.90679396729689
DPM1,886.4708694177505
DPM2,29.212211002671523
DPM3,25.19608647154061
DPYD,12.486004711718598
DPYS,0.005207530623597771
DPYSL2,3499.5872146717847
DPYSL3,227.25325522332986
DSTYK,3.927368371621108
DTYMK,9.40253779213333
DUOX1,5.105227626357013
DUOX2,3.9100176400349684
DUPD1,0.11783200419515537
DUSP1,8714.4654888439
DUSP10,3.024348410505529
DUSP11,7.233781942126463
DUSP12,7.307007164259172
DUSP13,0.017076971331754013
DUSP14,0.4965728732979799
DUSP15,3.0292873412902206
DUSP16,4.630189246078502
DUSP18,0.6252783331108854
DUSP19,2.13971118020782
DUSP2,29.717788085432428
DUSP21,0.08186674790155296
DUSP22,14.591550168562252
DUSP23,36.72638365232394
DUSP27,1.6171892990985166
DUSP28,1.874242753746209
DUSP3,509.4132406614681
DUSP4,1.0532325776380573
DUSP5,28.310111294429046
DUSP6,6.520579803208077
DUSP7,12.449413468254054
DUSP8,12.6546048697532
DUSP9,0.06482944599131492
DUT,262.28158045506007
DYRK1A,12.904677824904189
DYRK1B,11.426685645294114
DYRK2,2.855241541478104
DYRK3,1.228240494879828
DYRK4,9.819041975489517
DZIP3,5.32589519589998
EARS2,0.5384672523738662
EBP,125.25766620171883
ECH1,130.31894663981876
ECHDC2,51.50871898717734
ECHS1,147.76372408432567
ECI1,23.955898229126284
ECI2,31.872575864805913
EGFR,2.2439335390996686
EHHADH,0.9676267663458191
EHMT1,0.2842547945604302
EHMT2,1.183484889978217
EIF2AK1,24.056231988374552
EIF2AK2,25.16483047417244
EIF2AK3,5.573278895123157
EIF2AK4,0.1835858397894186
EIF4EBP3,37.741104109726976
ELOVL1,9.777150680531657
ELOVL2,0.007453536375516381
ELOVL3,0.0285549934508058
ELOVL4,1.4249432901828478
ELOVL5,1.381152597789492
ELOVL6,0.5059391568832381
ELOVL7,0.010433594262517677
ELP3,1.3805541479847758
ENGASE,39.657514827504066
ENO1,1500.406373965356
ENO2,205.92803969142668
ENO3,45.39880857152088
ENOPH1,121.54374317338193
ENPP1,4.201794437955632
ENPP2,10.535281886873879
ENPP3,0.1038537410641216
ENPP6,0.011717001803626392
ENPP7,0.2621620114119895
ENTPD1,22.70073295704587
ENTPD2,0.030050968596707393
ENTPD3,0.09690870989350871
ENTPD4,9.735458394081226
ENTPD5,1.868768491755183
ENTPD6,34.38091503169685
ENTPD8,0.15262764241718454
EP300,2.0919625688589725
EPHA1,0.7631182876208792
EPHA10,0.0013265401162060111
EPHA2,1.164916459530952
EPHA3,3.090335008969293
EPHA4,2.906309639776565
EPHA5,0.004296958082155173
EPHA6,0.0055679712028786
EPHA7,0.0014275260314110794
EPHA8,0.01836174973424058
EPHB1,0.1298897514207891
EPHB2,0.022260543289536496
EPHB3,1.2382987524838909
EPHB4,0.10057581444465173
EPHB6,19.18056213809329
EPHX1,37.887832240451
EPHX2,6.7523289176934735
EPM2A,6.20147269865707
EPRS,25.030484843711736
EPX,0.00213251118744243
ERBB2,0.8407506068112177
ERBB3,0.045717953194254285
ERBB4,3.3874156738317276
ERN1,4.083638933765709
ERN2,0.006459860950627869
ESD,1363.8088272180946
ETFA,1426.3263239138603
ETFB,493.29199499423515
ETFDH,12.74702185195371
ETNK1,10.598967787455672
ETNK2,10.084676004334742
ETNPPL,1.3663166774328985
EXT1,35.02074096698835
EXT2,28.691066318699345
EXTL1,0.21861695314024907
EXTL2,11.999243092383603
EXTL3,9.154494451472655
EYA1,0.06563712501926798
EYA2,0.7797418603570233
EYA3,0.8710949276671223
EYA4,0.07630110673734751
EZH1,36.01672315077443
EZH2,0.024028837696481002
F13A1,23.181222813350796
F13B,0.952082265681838
F2,0.011485113751520561
FAAH,4.007963057536086
FAAH2,0.27687402408380424
FABP1,53.54695633547291
FABP12,0.01376239043261715
FABP2,2.0423800119197857
FABP3,111.04933894688055
FABP4,22.940722079223697
FABP5,286.19926620148067
FABP6,0.974167366043698
FABP7,2.482310752887457
FABP9,1.0553661478381027
FADS1,5.474051604013236
FADS2,4.2584617086416445
FADS3,7.446250344031352
FADS6,0.3354345050980549
FAH,8.256623013994085
FAM20B,17.392842050342608
FANCL,5.816648419266221
FAR1,42.18208635575166
FAR2,0.4632174696567541
FARS2,1.8863908925168829
FARSA,545.2188305123534
FARSB,1.5231646341774239
FAS,20.72657047343712
FASN,10.528210497022075
FASTK,73.41754632590421
FAXDC2,45.06216950625962
FBP1,6.3989360438530465
FBP2,0.030373541066178837
FDFT1,15.572824132910913
FDPS,11.73668615680474
FDXR,7.639609997376694
FECH,6.036836895315585
FER,3.1682367151562043
FES,17.99004159459189
FGA,6.990622680771628
FGFR1,143.90235840585171
FGFR2,0.3590695184271892
FGFR3,0.1553559833605687
FGFR4,0.028024513859471353
FGGY,1.9884336427455347
FGR,10.776280991694358
FH,435.7532288886992
FHIT,0.46771767008823417
FHL2,4.9596771272889715
FIG4,13.54904863461534
FITM1,0.3942697164779046
FITM2,1.937178607261138
FKBP10,123.5302152333165
FKBP11,11.455451567708359
FKBP14,4.4552352541096925
FKBP1A,314.98576859209356
FKBP1B,3.9435764643819433
FKBP2,1000.2206307232855
FKBP3,468.24791043221336
FKBP4,303.5383471603037
FKBP5,46.83854044691929
FKBP6,0.07271742464880393
FKBP7,23.976368729308323
FKBP8,73.0959903687009
FKBP9,106.56061644299187
FKBP9P1,0.3354345050980549
FLAD1,4.3478129800608505
FLT1,0.2413926098308547
FLT3,0.0886961024799263
FLT4,0.06435379551621108
FLVCR1,1.706570679718816
FMO1,0.003808205243386012
FMO2,60.70753647940663
FMO3,0.929485462757222
FMO4,7.981639026103108
FMO5,0.34102096720142056
FMO6P,0.02665484465969254
FN3K,15.657095029621477
FN3KRP,20.613022478689572
FNTA,31.98554164953286
FNTB,14.629340695606357
FOLR1,0.010033269405540246
FOLR2,67.19698695652973
FOLR3,0.3354345050980549
FOSL1,1.3239940462934514
FPGS,1.8795389264773146
FPGT,6.868816417093044
FRK,2.2610860315753
FRMPD2,0.014371669987526408
FTCD,0.19937115418055237
FTMT,0.3764543508002139
FUCA1,53.32170364096026
FUCA2,17.11920358673177
FUK,5.007767487599632
FUT1,0.03827026715789718
FUT10,1.5853690375657719
FUT11,9.534067583615078
FUT2,0.09641835052626083
FUT3,0.010760308175740963
FUT4,1.3383889594626226
FUT5,0.3435419176074299
FUT6,0.0014344658442275284
FUT7,0.09557503110549326
FUT8,0.18804966824302058
FUT9,0.0026365753208326885
FYN,21.835652611034625
G0S2,9.589538089997903
G6PC,0.2573661812362027
G6PC2,0.018216384410824384
G6PC3,28.743839054152392
G6PD,422.91046692786153
GAA,38.31951389895955
GAD1,4.00912511776823
GAD2,0.001820105747189785
GAK,2.5839726788287165
GAL3ST1,1.190444660896792
GAL3ST2,0.04801564304876634
GAL3ST3,0.19163772059364745
GAL3ST4,23.889056475526637
GALC,8.028453140879757
GALE,1.9879298246252173
GALK1,215.0065176830064
GALK2,13.208795074755635
GALM,12.36898972126538
GALNS,5.375188736532437
GALNT1,21.385999815910797
GALNT10,0.5081405303289839
GALNT11,9.951678761345635
GALNT12,0.40335503245718973
GALNT13,0.2629437028806761
GALNT14,0.048093118508226645
GALNT15,1.2460824442140819
GALNT2,39.842796330114915
GALNT3,1.8191526593271146
GALNT4,1.3649392233499134
GALNT5,2.413111728718522
GALNT6,0.28941541437914564
GALNT7,0.4516446880242795
GALNT8,0.023344645460678312
GALNT9,0.03324180399159353
GALNTL5,0.43999999999999995
GALT,62.76424468371049
GAMT,39.911538803119186
GANC,10.00063595998051
GAPDH,4805.614657817223
GAPDHS,8.042317062334442
GARS,192.1385595840006
GART,58.86568598484889
GATM,11.275906532810941
GBA,16.8936498851993
GBA2,73.37556844605828
GBA3,0.0046057963402722085
GBE1,20.27890461151344
GBGT1,2.964663113300532
GC,0.1128901827185453
GCAT,87.80807035586051
GCDH,5.9611565142208836
GCH1,0.7231124893907718
GCK,0.6697934565898277
GCLC,2.635238855233875
GCLM,11.207149833945852
GCNT1,1.1061859030849726
GCNT2,0.019633669309707336
GCNT2P,0.3354345050980549
GCNT3,0.010461319752551523
GCNT4,1.2690328942871998
GCNT7,0.01843951863814805
GCSH,3.5193150147277366
GDA,0.004207470262008219
GDE1,10.211571722905077
GDPD2,0.1574890588442659
GFPT1,242.1205832260073
GFPT2,1.4329518562246852
GGCT,13.53416414531309
GGH,2.643226993913823
GGPS1,321.617945287884
GGT1,0.7789089549696079
GGT2,1.2557625587889092
GGT3P,0.3354345050980549
GGT5,50.9527079203836
GGT6,0.004366500606342128
GGT7,31.881433325113168
GGTLC1,0.5642767148917974
GGTLC2,1.7831684152107201
GIF,0.3354345050980549
GK,9.84713551518712
GK2,0.9456388863331135
GK3P,0.3354345050980549
GLA,13.847433967718397
GLB1,15.29767769089336
GLB1L,1.9677984314014287
GLCE,0.1229150460664913
GLDC,0.0025777743121064203
GLIPR1,50.631368934891725
GLO1,627.1337360564686
GLRX,105.89206768330152
GLRX2,7.78389498761731
GLS,232.59149203012635
GLS2,0.8287780089362214
GLT6D1,0.06930364432416915
GLT8D1,2.4115052304666755
GLT8D2,60.90954741949338
GLTP,16.631095978625247
GLUD1,830.6631208158307
GLUD2,0.07697674648560486
GLUL,18.22365953331494
GLYAT,0.012621394891251239
GLYCTK,1.6002989022361949
GM2A,26.25069739419788
GMDS,117.03798552213213
GMPPA,35.07986677406689
GMPPB,16.927926179269633
GMPR,99.86647300259921
GMPR2,66.1352147866983
GMPS,75.16677927838
GNE,5.247505654735191
GNMT,0.9381264943273463
GNPAT,18.40891686826712
GNPDA1,13.61606996145058
GNPDA2,4.431236267229011
GNPNAT1,20.647725670555168
GNPTAB,6.6555668981450085
GNS,25.777822170842413
GOT1,843.7103591207692
GOT2,1020.0935847602002
GPAA1,91.34019490744656
GPAM,0.10167782766627327
GPAT2,1.7545707083001882
GPAT3,0.6582069289240687
GPAT4,1.352005973421296
GPCPD1,27.439592064859298
GPD1,0.7387326178996537
GPD2,54.687186344522196
GPHN,5.537469812813824
GPI,1987.0309924522976
GPIHBP1,0.02507138408245331
GPLD1,1.7481878139370604
GPT,1.309630888202442
GPT2,0.4729790504871255
GPX1,158.33688920435432
GPX2,0.18257103752689463
GPX3,1212.2638196903922
GPX4,240.3812771859297
GPX5,0.793289329058847
GPX6,2.01032323162201
GPX7,8.519933958515033
GPX8,32.70735353344138
GRHL1,0.04288213434144705
GRHPR,28.535095958267394
GRK1,0.002809264068105876
GRK2,4.014622265826703
GRK3,1.2623639556998993
GRK7,0.00970439970164277
GSR,70.73925913472792
GSS,204.16114496683
GSTA1,0.114661243330514
GSTA2,5.619549002346362
GSTA3,3.8201241689736465
GSTA4,32.04982005788911
GSTA5,0.58469847618054
GSTK1,71.88852962182762
GSTM1,120.25764323547244
GSTM2,98.19344242697588
GSTM3,265.7620457919217
GSTM4,11.4051208609619
GSTM5,27.254168981722582
GSTO1,1844.517874213008
GSTO2,0.37622679934198616
GSTP1,9927.344020345183
GSTT1,0.06390269270355846
GSTT2,4.826068770050396
GSTZ1,5.781094142044954
GTF2F1,6.508902325125436
GTF3C4,0.4117297322811005
GUCA1A,0.0803580412103317
GUCY1A1,2.9663227089166733
GUCY1A2,1.1804669537183206
GUCY1B1,1.0453859436592674
GUCY1B2,0.009670271121356279
GUCY2C,0.008248076353378722
GUCY2D,0.022734099435066962
GUCY2F,0.0034241895879873157
GUK1,256.3822402103854
GUSB,5.681229536771961
GYG1,60.37451719617049
GYG2,0.3424296704227714
GYS1,41.51727164451138
GYS2,0.05609119383332333
H6PD,25.31867133502482
HAAO,78.51114134452159
HACD1,0.6699772991826155
HACD2,3.095013644366691
HACD3,4.330319334841662
HACD4,0.5979568033382378
HACE1,4.173070090458075
HACL1,12.390912956097747
HADH,871.3327007705732
HADHA,928.7759551065848
HADHB,44.5211393042565
HAGH,34.662141595758825
HAGHL,1.1646286467869755
HAL,0.055969280352660286
HAO1,0.19763453007540133
HAO2,2.123937704953015
HARS,87.69692965980406
HARS2,36.50137318651616
HAS1,2.196628844404459
HAS2,0.029664809420115696
HAS3,0.24645673342025184
HAT1,37.63099535933137
HCCS,4.770623035560042
HCK,9.485584653739016
HCST,37.45714842724157
HDAC3,1.0040788327890737
HDC,4.310012966376061
HDLBP,84.2898288280768
HECTD1,4.288663110132575
HECTD2,6.694237616250086
HECTD3,3.3491236305841996
HECW1,0.0020961976683054133
HECW2,1.2506657130861758
HELZ2,0.73667346566443
HEPH,28.613059528007213
HERC1,0.43529084571410914
HERC2,0.12516614401363707
HERC3,8.04183881815114
HERC4,7.172210667141004
HEXA,72.44282664834377
HEXB,3.48283542938043
HEXDC,0.3354345050980549
HGD,0.033549067180556204
HIBADH,25.14015609759258
HIBCH,10.875836773543305
HIF1AN,3.9267897623210475
HIGD2A,10.587507859662365
HIPK1,13.53416414531309
HIPK2,6.405326714664356
HIPK3,27.80091833703949
HIRIP3,0.2674213608798337
HK1,640.2651339606012
HK2,22.331458470192636
HK3,2.757431274447452
HKDC1,0.30895317267970424
HLCS,3.7878540423295943
HLTF,0.09062283803818316
HMBS,25.783970494061222
HMGCL,112.3930172730082
HMGCLL1,0.002481671391120256
HMGCR,2.294233996085788
HMGCS1,5.529822363914974
HMGCS2,0.0022752009591786885
HMOX1,63.560394480838944
HMOX2,61.918135844939705
HNMT,18.78200216901904
HPD,2.9210120751834623
HPGD,0.28499612358016585
HPGDS,1.2451662012510551
HPRT1,320.8161417293746
HS2ST1,3.6400065743631296
HS3ST1,0.19035489499804492
HS3ST2,3.282752790139137
HS3ST3A1,0.005284353438629546
HS3ST3B1,0.0926488640534586
HS3ST4,0.0016148734551786367
HS3ST5,0.0199493878583993
HS3ST6,0.0054994462140474645
HS6ST1,6.3925466706126635
HS6ST2,0.021884918487392196
HS6ST3,0.0326273576634013
HSD11B1,0.6244820080867758
HSD11B1L,2.627754433302607
HSD11B2,0.07653484493144928
HSD17B1,1.1677928250917406
HSD17B10,97.85952763611745
HSD17B11,124.15160791178778
HSD17B12,399.8813241508863
HSD17B14,8.276817870423809
HSD17B2,0.002430035445218945
HSD17B3,0.8711635535118415
HSD17B4,65.34681556699012
HSD17B6,0.408461106337971
HSD17B7,1.786891065594122
HSD17B7P2,4.90463715220121
HSD17B8,1.5073670421389531
HSD3B1,0.8561440324619417
HSD3B2,0.006126921750513216
HSD3B7,12.193888895033869
HSPG2,1.1858055359961757
HTATIP2,43.920178764169655
HUNK,0.003944181641711551
HUWE1,3.5042498577201817
HYAL3,0.4869413421374342
HYALP1,0.3354345050980549
HYI,38.678470569397994
HYKK,1.6510777172254605
IARS,637.2785406119897
IARS2,30.34784080031782
ICK,4.826068770050396
ICMT,40.64149913001439
IDH1,15.198565110981122
IDH2,34.14721458333039
IDH3A,422.1115544605976
IDH3B,221.7517972396369
IDH3G,126.70440577622651
IDI1,12.244907498793387
IDI2,0.029066146690195766
IDO1,0.8622270341162284
IDO2,0.01557042317589207
IDS,82.03790575903481
IDUA,15.549857224634547
IGF1R,14.848916458079593
IKBKB,17.70664666582296
IKBKE,1.7481878139370604
IL4I1,1.3953444456138409
ILK,100.86944725475504
ILKAP,23.8579511224472
IMPA1,233.7975079486226
IMPA2,10.621046966515623
IMPDH1,24.797733199096587
IMPDH2,103.00472132581632
INMT,407.8472273881389
INPP1,235.32730161209395
INPP4A,4.814004274132854
INPP4B,4.2029677107497845
INPP5A,75.11119029714023
INPP5B,13.170539081154427
INPP5D,11.780075738573602
INPP5E,16.41917981381501
INPP5F,0.643723668870431
INPP5J,2.6683423434975775
INPPL1,12.226574567925157
INSL3,0.07804463046872578
INSR,9.867866041775628
INSRR,0.1005050945541876
IP6K1,14.576439525687894
IP6K2,51.29397285347121
IP6K3,2.040465242847266
IPMK,0.9750307217481673
IRAK1,29.892532866809507
IRAK2,1.6875443110013875
IRAK3,6.011588538936925
IRAK4,6.507753293633178
IREB2,4.832103319550154
ISYNA1,343.94374471115634
ITK,1.2694927704166652
ITPA,382.899204804007
ITPK1,15.979703411774473
ITPKA,0.058934577049228644
ITPKB,3.126198138167787
ITPKC,29.27313520234187
IVD,314.5160682898647
JAK1,38.91815229872842
JAK2,39.08426192379342
JAK3,4.771826990781471
JMJD7-PLA2G4B,0.19276672646590834
KALRN,38.74297063863429
KANSL3,21.83613715695325
KARS,360.14534369025534
KAT2A,116.90243802193956
KAT2B,14.614222099748293
KAT5,23.62207018240172
KAT6A,6.354237723316875
KAT6B,5.0199290851762655
KAT7,23.239351011001872
KAT8,33.05497959635093
KCNJ11,0.3318933455214433
KCNJ8,2.6384231884775615
KDR,1.2346392746509423
KDSR,16.350026252102012
KHK,3.0567556290421067
KIT,3.948789089258446
KL,0.005228596444507648
KMO,0.18496141240204006
KMT2A,9.791164641960293
KMT2B,0.3354345050980549
KMT2C,5.5360262024279265
KMT2D,9.175117298172411
KMT2E,23.214435301634268
KMT5A,0.08744585611927874
KMT5B,0.052531638327043204
KMT5C,0.3350355754164824
KPNA6,49.41151214692494
KYAT1,0.41426786262502635
KYAT3,10.315561941178165
KYNU,2.6507031094219666
L1CAM,0.04560100970232607
L2HGDH,0.21630395361580815
LALBA,0.09996023381633702
LAP3,454.54352244832234
LARS,291.8692297520597
LARS2,1.6943692972582367
LATS1,0.5896965703845656
LATS2,19.188550658391836
LBR,46.53110197539539
LCAT,70.08528033946783
LCK,1.409423375640963
LCLAT1,2.373350366509132
LCT,0.004042508847716536
LDHA,7002.170904112881
LDHAL6A,0.0185952565379958
LDHAL6B,0.19026109855242293
LDHB,268.35835961904166
LDHC,13.74100658898184
LDHD,5.973756417563359
LDLR,0.21598567746084107
LGALS13,0.16621830202908744
LGMN,191.9187659788515
LGSN,0.059118472577440906
LHPP,75.23650266543049
LIAS,0.708527169069677
LIMK1,6.315975683368978
LIMK2,22.123576271694542
LIPA,26.873746140948395
LIPC,0.08116088719918724
LIPE,0.2002237163954017
LIPF,1.3406968406403874
LIPG,0.004783992860109512
LIPT1,2.729459982328845
LIPT2,0.26267661075071475
LMTK2,1.9517233956182338
LMTK3,0.09424512605428788
LOC102724197,0.3354345050980549
LOC286297,0.3354345050980549
LOC344967,0.3354345050980549
LOX,24.626392518008743
LOXL2,14.500934119795767
LPCAT1,2.349034017366201
LPCAT2,6.42450650484661
LPCAT3,10.833147217108237
LPCAT4,1.3335652566297773
LPIN1,7.253441475234943
LPIN2,9.065238061187356
LPIN3,13.022702248765299
LPL,0.9165545145151084
LPO,0.1697122996292287
LRAT,0.020997516630348476
LRP1,19.217581715430303
LRP2,0.000543433800794185
LRRK1,0.11626603529160573
LRRK2,7.011737058194726
LRSAM1,16.226393762942767
LRTOMT,1.9617671515359387
LSS,87.60738421783572
LTA4H,576.0713078702274
LTC4S,1.1193264282750504
LTK,1.1565002176842498
LYN,9.7284996607212
LYPLA1,54.389952760850285
LYPLA2,55.88270243991543
LYZL1,1.4145390562382973
MACROD1,4.532065894564844
MACROD2,0.26421314348585034
MAGEA2B,0.1626710879648594
MAK,0.05475312578748203
MAN1A1,1.3843643411037616
MAN1A2,2.3796448946688527
MAN1B1,2.1098779322223074
MAN1C1,5.46167373586613
MAN2A1,3.7178239633037125
MAN2A2,24.47520366281516
MAN2B1,44.34109179855642
MAN2C1,120.60583158547526
MANBA,15.956615662348907
MANSC1,19.620930761896076
MAOA,490.207540264522
MAOB,162.79515884457481
MAP2K1,280.66554310348766
MAP2K2,167.49973564070208
MAP2K3,8.95754539046029
MAP2K4,23.45705175390739
MAP2K5,7.582683221050253
MAP2K6,0.46755360449049976
MAP2K7,2.253727777267432
MAP3K1,2.2786836743669716
MAP3K10,5.2091950993259015
MAP3K11,18.734289628814114
MAP3K12,26.771123377003768
MAP3K13,1.5130571575190206
MAP3K14,5.3197400038113045
MAP3K15,0.0011980183558599094
MAP3K2,9.867866041775628
MAP3K20,0.20179825659102824
MAP3K21,0.03839897316107535
MAP3K3,27.766464942573602
MAP3K4,7.675399851788841
MAP3K5,23.040177755363025
MAP3K6,130.90891749707632
MAP3K7,0.601181737213616
MAP3K8,25.081090229829645
MAP3K9,0.0159472020125158
MAP4K1,2.8628357469501324
MAP4K2,6.745869291745255
MAP4K3,10.084676004334742
MAP4K5,33.32914604615706
MAPK1,223.5555379418975
MAPK10,0.9894879253735832
MAPK11,3.9001924995992554
MAPK12,0.44567760084667013
MAPK13,1.7290675846211732
MAPK14,35.23820967119191
MAPK15,0.003340149835046212
MAPK3,88.43696176379136
MAPK4,2.614430867865103
MAPK6,5.362856697872747
MAPK7,51.919194473282424
MAPK8,4.656530345317915
MAPK9,5.376239384416547
MAPKAPK2,2.64060304760198
MAPKAPK3,9.36805027066021
MAPKAPK5,16.80755999168813
MARCH1,2.770899612716377
MARCH10,0.0036648049292030706
MARCH11,0.007982758707868126
MARCH2,61.597402766145464
MARCH3,0.294873424924154
MARCH4,0.26913553277697383
MARCH5,7.66959031070599
MARCH6,23.172921202410265
MARCH7,61.49614913513802
MARCH8,8.418461746822976
MARCH9,8.3914443197326
MARK1,3.94183923396531
MARK2,18.452685175519076
MARK3,20.071380432762645
MARK4,7.089944961548101
MARS,128.67604045114544
MARS2,0.5556210019446739
MAST1,0.0799271348893052
MAST2,32.582747307081
MAST3,29.613041342849314
MAST4,7.161790022698598
MASTL,0.08930118064989115
MAT1A,0.013705599953611286
MAT2A,961.1518991795222
MAT2B,135.89269355165888
MATK,0.5583437040839879
MBOAT1,6.985707028851942
MBOAT2,2.4183534666767703
MCAT,8.845175403987588
MCCC1,5.967455789669957
MCCC2,10.91727144038296
MCEE,11.895940096080736
MDH1,2277.394169682439
MDH1B,1.4603435929751496
MDH2,3108.285781581623
MDM2,0.019698337668279164
MDP1,149.95307214662387
ME1,508.0225379485672
ME2,25.35544137354008
ME3,30.954148392420592
MECR,5.873109141608125
MED1,0.19128245724035922
MELK,0.01680884877007431
MERTK,26.199620435642483
MET,0.13111307367940417
METTL1,10.712878202165175
METTL3,56.636630493480475
MGAM,0.05785269095895905
MGAT1,55.16711651373221
MGAT2,0.29508342595291626
MGAT3,0.19311042747040538
MGAT4A,6.011588538936925
MGAT4B,40.02825320479608
MGAT4C,0.333995243967441
MGAT4D,0.02696149145334556
MGAT5,7.411106568384104
MGAT5B,0.110706213004188
MGLL,23.66374653887826
MGMT,10.340127590296738
MGRN1,17.93486543204771
MGST1,2.0965533100963625
MGST2,45.66219438284403
MGST3,57.21465371307446
MIA3,8.682801184964779
MIB1,11.075504313783783
MIB2,25.868114613303643
MID1,1.0056376820466582
MIF,23.60536454104851
MINK1,0.35059524435872913
MINPP1,6.373386344015645
MIOX,0.0035698320835969707
MIP,0.006812209029652677
MKNK1,30.44433490476358
MKNK2,279.3312764571032
MKRN1,27.06209487358726
MKRN2,27.070662530567294
MKRN3,0.0933245691138009
MLKL,20.20784884454377
MLYCD,12.295969364369963
MMAA,0.9264649490366933
MOCS1,33.38546742862403
MOCS2,19.72531391546505
MOGAT1,0.1927655459853964
MOGAT2,0.0031095730063678954
MOGAT3,0.06832763191888709
MOGS,98.68828429179683
MOK,2.0187100957664064
MOS,0.09191795284698573
MOXD1,0.2536948446896898
MPC1,45.43311157648345
MPC2,26.788221625110918
MPI,9.223273924902857
MPO,0.1218987440455816
MPST,1195.2969164233323
MRPL58,13.330417578133794
MSMO1,5.086924788377589
MSRA,5.1418733324587
MST1R,0.8094263939459786
MT1A,18.07681653774974
MT2A,3187.8016236643452
MT3,0.12375787345532434
MT4,0.3354345050980549
MTAP,274.79314389980465
MTFMT,5.4060439981263135
MTHFD1,191.92102697831933
MTHFD1L,33.3497068072904
MTHFD2,38.87945053021544
MTHFD2L,2.6619253245138683
MTHFD2P1,0.3354345050980549
MTHFR,4.219400518282002
MTHFS,8.63523351502113
MTMR1,2.4755585030007414
MTMR14,14.102094709910526
MTMR2,1.3979166047777538
MTMR3,0.43359519802886043
MTMR6,5.214595583187723
MTMR7,1.0161755529465093
MTMR8,1.1366796603839944
MTPAP,2.360300413194214
MTR,0.9241063558055839
MTRR,6.927211587130955
MTTP,0.19019857281175565
MUL1,13.24458446921628
MUSK,0.028151644304950773
MUT,0.3354345050980549
MVD,49.190351174926114
MVK,7.928205478495422
MYBBP1A,69.76076777752563
MYCBP2,0.15965150575827178
MYLIP,29.429915798120337
MYLK,3.950805422123306
MYLK2,3.7396689442060396
MYLK3,0.01651577308510303
MYLK4,1.1646286467869755
MYO3A,0.17007339752723308
MYO3B,0.02277469990965747
MYO5B,0.20177284476379953
NAA10,63.802889734290936
NAAA,9.98664320482619
NADK,25.385157872949737
NADSYN1,20.402485012280195
NAGA,26.566117825456075
NAGK,39.73160635288783
NAGLU,44.94815805474155
NAGPA,5.679102871906158
NAGS,0.3647704913488522
NAMPT,678.3202577732154
NANP,0.7689282467109194
NANS,153.70073752183686
NAPRT,25.164291606310147
NAPSA,0.24461276165972556
NARS,2078.8205518681934
NARS2,2.5004219945047064
NAT1,3.11620718867275
NAT2,0.341660668068175
NCOA1,11.888691823619546
NCOA2,0.3466524091491842
NCOA3,4.157510777306585
NCOA6,7.0508189599366435
NCOR1,0.0896726735089567
NCOR2,2.041006681527164
ND1,0.7496282848946749
ND2,6.647572110665278
ND3,3.518721426725826
ND4,15.91921099634504
ND4L,0.3354345050980549
ND5,3.9860139175064595
ND6,2.1511623729121254
NDST1,20.94591314579709
NDST2,18.424761774353282
NDST3,0.019462942544334894
NDST4,0.024005586560330774
NDUFA1,500.5444632319468
NDUFA10,37.162010388135464
NDUFA11,85.80485794097574
NDUFA12,8.086817623901325
NDUFA13,766.0619029722048
NDUFA2,10.908116269466602
NDUFA3,5.850419120207891
NDUFA4,57.28246583316217
NDUFA5,14.366102396279873
NDUFA6,27.20302323871428
NDUFA7,2.203832105486369
NDUFA8,39.08545824926541
NDUFA9,20.337687722019794
NDUFAB1,80.91061000241663
NDUFB1,66.71287472263111
NDUFB10,148.00503551502354
NDUFB2,32.609440497668636
NDUFB3,90.232262770933
NDUFB4,92.54870346922482
NDUFB5,57.58851918447338
NDUFB6,18.74742898682917
NDUFB7,275.74105144581415
NDUFB8,71.87426643385793
NDUFB9,10.792916143582056
NDUFC1,57.26453911368962
NDUFC2,30.804501637074452
NDUFS1,21.615991625408306
NDUFS2,26.79385320891792
NDUFS3,114.45551548611981
NDUFS4,99.97821234555573
NDUFS5,752.3640290147533
NDUFS6,13.913125413302378
NDUFS7,13.515297738338875
NDUFS8,56.809359993571235
NDUFV1,53.53813895796507
NDUFV2,60.55286211025111
NDUFV3,7.20104019258726
NEDD4,3.0608292004298203
NEDD4L,0.11002242609819078
NEK1,4.791098669050985
NEK11,2.130510018774436
NEK2,0.0419604807347275
NEK3,8.216263433217467
NEK4,4.886483107255
NEK5,0.04448146704156107
NEK6,0.5800315207958113
NEK7,77.26884806435318
NEK8,1.7614498786457802
NEK9,1.8986417799220463
NEU1,28.812495959395545
NEU2,0.006295288346413137
NEU3,0.9968732333349645
NEU4,0.004082549558287718
NEURL1,0.14715923590013888
NEURL1B,7.2468870920960935
NGLY1,9.168241967523565
NHLRC1,0.6058281380910164
NIT2,697.7641268058574
NKTR,68.60181273775493
NLK,2.9903693013249346
NLN,21.259897693173613
NME1,2652.7346924591866
NME2,281.45765578880633
NME3,175.47930842203266
NME4,137.82573579055477
NME6,0.25713701140878803
NME7,1.460417175107709
NMNAT1,1.6603005836178686
NMNAT2,0.245369766384828
NMNAT3,1.4461622846643098
NMRK1,13.51184365189764
NMT1,51.3490411683567
NMT2,2.41298388920594
NNMT,474.7868720230453
NNT,8.710006539972875
NOL9,2.735372147406041
NOS1,0.0016719760542986922
NOS2,0.12298492509086281
NOS2P1,0.3354345050980549
NOS2P2,0.3354345050980549
NOS3,0.05694609368588293
NOX1,0.013238459151409832
NOX3,0.09198887034239282
NOX4,10.514070614720737
NOX5,0.052650095594903606
NPAS2,0.7002181261892759
NPC1,8.778095502341307
NPC1L1,0.7313251490925897
NPR1,71.14734129859704
NPR2,39.64825536458858
NQO1,105.22370233890744
NQO2,144.87860851680162
NR1D1,19.71728044548177
NRF1,1.1686344340577857
NSD1,4.531086351270574
NSD2,0.8117852405670956
NSD3,0.8238692165195934
NSDHL,469.2407637212525
NSF,39.18071753605277
NT5C,157.60560725075663
NT5C1A,0.33574888377010403
NT5C1B,0.18838714769855439
NT5C1B-RDH14,0.037698419756150243
NT5C2,54.713249925267164
NT5C3A,7.761698331074434
NT5DC3,11.989252251200911
NT5E,28.934029754085007
NT5M,0.444934289969326
NTAN1,2.6643150953079315
NTRK1,0.05502021309633575
NTRK2,16.46610464280953
NTRK3,42.32353253025337
NUAK2,0.4223857697911682
NUDT10,0.9772105371262141
NUDT11,1.3588745745530109
NUDT12,4.69429879635895
NUDT2,28.439865948088
NUDT3,18.318359483019414
NUDT4,59.528518207558875
NUDT5,87.94165113717523
NUDT9,13.627302159449554
OARD1,5.9296804533553065
OAT,582.3373770120756
OBSL1,2.47637262466995
OCRL,15.580481300351794
ODC1,12.967024563029328
OGA,13.207835039605774
OGDH,349.72867287266735
OGT,248.21163550602208
OLAH,0.9550230645920686
OPLAH,0.5447573761305511
OTC,0.023794456923602155
OTUD5,55.56350688454359
OXCT1,105.83307708442709
OXCT2,0.15024304750760648
OXSM,2.5841047791134506
OXSR1,16.86979546907106
P4HA1,42.014124043269945
P4HA2,57.1797497183227
P4HA3,21.664041635848836
P4HB,599.136125058528
PADI1,0.049801061543377184
PADI2,3.2548817778338717
PADI3,1.4480638550391858
PADI4,0.0218245153217417
PADI6,0.3354345050980549
PAFAH1B2,437.6912138617893
PAFAH1B3,35.78607828628408
PAFAH2,3.2476432400490833
PAH,1.0237857162607364
PAICS,88.3293622506441
PAK1,19.311659376676896
PAK2,81.28965865542565
PAK3,0.8136404528420701
PAK4,0.12368286936388391
PAK5,0.1843105272396382
PAK6,0.0815028147191308
PAM,2.3209160596291225
PAN2,27.559927310565243
PANK1,1.591144963651096
PANK2,5.455486939430536
PANK3,6.6555668981450085
PANK4,5.307433964191197
PAOX,1.6656032413915138
PAPOLA,3.7447482831287364
PAPOLB,0.0013646543058109559
PAPOLG,3.7631721893753856
PAPSS1,51.54914920480866
PAPSS2,23.472159168757283
PARP1,17.640832945713985
PARP10,2.437999299276698
PARP11,1.4504137212918886
PARP12,2.471963164976859
PARP14,9.805101294098119
PARP15,1.1727686284761414
PARP16,4.965249225399219
PARP2,19.22052718089318
PARP3,33.035008059070755
PARP4,2.214215975911213
PARP6,31.562880665173367
PARP8,7.076898069971439
PARP9,4.506081461550983
PARS2,0.537796754052618
PASK,0.7768274839299848
PBK,0.024600425682017046
PC,71.90649835478553
PCBD1,64.55857765471197
PCBD2,2.701297311007739
PCCA,5.056449808792504
PCCB,1.3917652583129045
PCK1,0.0419604807347275
PCK2,5.239854625043885
PCMT1,504.3840237110481
PCYOX1,110.51150650367566
PCYT1A,13.76232509120372
PCYT1B,0.07237572474882895
PCYT2,8.723615703316732
PDE10A,0.9083840272126407
PDE11A,0.46884410060860876
PDE1A,14.207228404765694
PDE1B,16.605618611377224
PDE1C,0.0496820639556312
PDE2A,1.510198088504067
PDE3A,28.500459374524347
PDE3B,0.48580619481482645
PDE4A,6.284126603524091
PDE4B,3.837315863781648
PDE4C,8.082023025136625
PDE4D,2.4909241985756463
PDE5A,48.056442747534234
PDE6A,0.011541671073940971
PDE6B,0.24932704404980513
PDE6C,0.16998172586040536
PDE6H,1.0083333333333333
PDE7A,2.109072074452416
PDE7B,0.07472073007323131
PDE8A,12.603243124520924
PDE8B,4.44665961992638
PDE9A,0.9929343294921873
PDF,0.6859857581435418
PDGFRA,33.24247173761371
PDGFRB,326.50192166834125
PDHA1,156.29327989772608
PDHA2,8.963593332760542
PDHB,75.07956005560777
PDHX,10.55078182840942
PDIA2,1.009586765303063
PDIA3,3079.128452112308
PDIA4,678.9047580384542
PDIA5,45.50291774077076
PDIA6,293.6027135344299
PDK1,0.3591602548993106
PDK2,35.01171270727508
PDK3,9.248763882532517
PDK4,796.5622663955002
PDP1,17.244185954497066
PDP2,1.1187217257282893
PDPK1,0.735245017754479
PDPR,5.866830255256909
PDXK,6.3925466706126635
PDXP,1.1464511079859054
PDZD4,19.58081341106277
PEAK1,12.74275222305224
PECR,36.20286460818019
PEMT,12.551923907044054
PEPD,32.82939730454858
PEX11A,2.9673956675955493
PFAS,55.576197080040856
PFKFB1,0.12928253108827725
PFKFB2,2.25229762949276
PFKFB3,77.59725569395616
PFKFB4,2.1202959757532938
PFKL,115.40468087931718
PFKM,25.48667900112913
PFKP,446.5520834675929
PGAM1,45.87142565984633
PGAM2,92.14558842160893
PGAM5,13.842295203810057
PGAP1,1.7364164575951622
PGD,652.5059418477458
PGGHG,0.02991860446325157
PGK1,106.95500520341405
PGK2,23.296392096478
PGLS,1476.577903038033
PGLYRP1,0.32538737203659523
PGLYRP2,0.004147068139827638
PGLYRP3,0.0060942919820482005
PGLYRP4,0.006343786509591497
PGM1,309.49843853957407
PGM2,190.80430460486932
PGM2L1,4.8502161605765135
PGM3,79.964947295849
PGP,51.3738090083025
PGS1,15.305307157581115
PHEX,0.027158941507041335
PHGDH,149.55926036136654
PHKA1,0.6443048048023834
PHKA2,4.880434802850712
PHKB,11.426685645294114
PHKG1,1.8072854161243903
PHKG2,10.372884920404337
PHLPP1,1.2027133017869462
PHLPP2,3.687610550020175
PHOSPHO1,0.06902697995392423
PHPT1,106.27567206597593
PHYH,17.416337758091483
PHYKPL,12.993175667652098
PI4K2A,0.9488470785963665
PI4KA,2.5504819340457576
PI4KB,1.9548753685899283
PIGA,2.9008681250701382
PIGB,6.966197437903851
PIGC,5.641707040210492
PIGF,1.790500591403115
PIGG,6.533411445399694
PIGH,9.381862363897959
PIGK,19.24448922849562
PIGL,5.332051834849846
PIGM,3.595304748860977
PIGN,2.3629092329603765
PIGO,10.154818376556396
PIGP,1.8563391160763758
PIGQ,21.10054615494376
PIGS,15.766161264961644
PIGT,24.50265075510418
PIGU,1.0100074437812012
PIGV,3.279963515854955
PIGW,1.8310356656923261
PIGX,0.8890177927961357
PIGY,0.3354345050980549
PIGZ,2.978330999715951
PIK3C2A,1.6356705521598576
PIK3C2B,2.330601396184548
PIK3C2G,0.08873409730034958
PIK3C3,0.0647688703904975
PIK3CA,7.768344792078632
PIK3CB,0.3073953310783832
PIK3CD,3.8990369312982107
PIK3CG,0.2105753965001138
PIK3R1,6.520173435076216
PIK3R2,14.132116700403271
PIK3R3,0.7897508067875358
PIK3R4,23.91566080598083
PIK3R5,4.552541475701449
PIKFYVE,6.533411445399694
PIM1,4.028890612059309
PIM2,4.05974087294847
PIM3,15.595797930917007
PIN1,564.3128998275242
PIN4,6.584789220912984
PINK1,24.315821211910443
PIP4K2A,30.514551529451566
PIP4K2B,9.950178204877409
PIP4K2C,36.71726765636485
PIP5K1A,0.532079934493676
PIP5K1B,0.293115240051049
PIP5K1C,26.259212186789828
PIP5KL1,0.4911081492592673
PIPOX,0.44419123151668416
PISD,1.5019537155958975
PJA1,8.784910322892788
PJA2,97.0812943190856
PKLR,0.012736749652681968
PKM,941.0133212764772
PKMYT1,0.09543915309218659
PKN1,85.01148573799145
PKN2,4.379297704637886
PKN3,0.7206523757543082
PLA2G10,0.006794940363182381
PLA2G12A,0.7436966021239744
PLA2G12B,0.015289048399344932
PLA2G15,14.879254873989803
PLA2G16,40.36251597856411
PLA2G1B,0.26551728127778695
PLA2G2A,27.336532892442694
PLA2G2C,0.003974055144987266
PLA2G2D,0.7379088167607193
PLA2G2E,0.10480083352838437
PLA2G2F,0.002117469526477861
PLA2G3,0.016155207367474868
PLA2G4A,16.7749449374934
PLA2G4B,21.5821888578115
PLA2G4C,5.860552735065153
PLA2G4D,0.027693545090981313
PLA2G4E,0.008751537917789775
PLA2G4F,0.003604689588692344
PLA2G5,26.907971460105315
PLA2G6,8.859944201141806
PLA2G7,1.62734080678481
PLB1,4.415231254739665
PLCB1,0.11224088116852612
PLCB2,18.941221856961743
PLCB3,3.9983490807261655
PLCB4,7.5430178212990135
PLCD1,46.6644523668107
PLCD3,21.554021987037395
PLCD4,3.941260191751586
PLCE1,10.189926584968944
PLCG1,2.795338073870718
PLCG2,0.7042953980175627
PLCH1,0.017703433147831734
PLCH2,0.3758677024158283
PLCL1,14.13962422594547
PLCL2,1.650107497304845
PLCXD2,0.045180518478790455
PLCZ1,0.07175189323406331
PLD1,3.488221115620963
PLD2,24.23202087303711
PLD3,34.572551412574015
PLD4,2.6496348300897616
PLD6,1.589700581770298
PLG,0.004832829251808794
PLIN1,0.4059064367432171
PLIN2,30.40046622651888
PLIN3,50.456267594342116
PLIN4,1.4480514987403525
PLK1,0.3751338690572716
PLK2,6.571937107924037
PLK3,30.646296262643144
PLK4,0.11816940316377797
PLOD1,37.757584202395726
PLOD2,36.18481348068685
PLOD3,23.27954732613431
PLPBP,1.3790311261442316
PLPP1,5.389883230682263
PLPP2,2.123055391477898
PLPP3,4.2032094621878
PLPP4,0.019762828557283812
PLPP5,0.0656688155578048
PLPP6,0.050042688733332445
PLPP7,1.1305815492037874
PLPPR2,0.3307009692228308
PLPPR3,0.9307949846236876
PLPPR4,0.11900942508124815
PLPPR5,0.012456429933028047
PLTP,384.6331607589668
PLXNB3,2.857953286808039
PMM1,14.164371266398152
PMM2,38.75959561749394
PMPCA,22.187084731574938
PMVK,411.59141211999605
PNCK,0.6360488472522947
PNKP,32.966328263955596
PNLIP,0.33574888377010403
PNLIPRP1,0.008563070200330399
PNLIPRP2,0.13701626707900702
PNLIPRP3,0.018139233522564087
PNMT,5.258267879548358
PNP,425.7548992762521
PNPLA2,182.77682353298275
PNPLA3,0.017164995510807263
PNPLA4,3.051807618448828
PNPLA6,1.0896016630115695
PNPLA7,6.03052278933307
PNPLA8,7.181409654864325
PNPO,4.075475414048643
PNPT1,2.7728779417947687
POLA1,1.8002124887547206
POLA2,1.7658538935473616
POLB,5.8350393084958
POLD1,0.6589655746856827
POLD2,4.9822147411996465
POLD3,0.3196859351148907
POLD4,127.14251757765288
POLE,0.057460860453320856
POLE2,0.42643421608811694
POLE3,25.77796381168037
POLE4,8.572108459620361
POLG,22.99872725889612
POLG2,5.239854625043885
POLH,5.154100397880913
POLI,7.8015944335338085
POLK,7.828214915326062
POLL,10.211003328042352
POLM,21.394167079787515
POLN,0.5763026207128424
POLQ,0.06639168843089716
POLR1A,0.5830645517503145
POLR1B,0.17349766967155258
POLR1C,8.356291542657516
POLR1D,19.974680706353467
POLR1E,14.036119464886177
POLR2A,3.0224146855666
POLR2B,9.255709236118602
POLR2C,99.78129054067895
POLR2D,8.461441483621671
POLR2E,92.1548355535717
POLR2F,6.920718274033001
POLR2G,19.015417205156176
POLR2H,187.72039566436462
POLR2I,37.03315785088092
POLR2J,21.5602017887939
POLR2K,37.35649491417845
POLR2L,246.82056807729708
POLR3A,0.19957189334156347
POLR3B,0.7446625748178063
POLR3C,0.7120874522496783
POLR3D,7.011737058194726
POLR3E,15.244293099533737
POLR3F,6.049469136049095
POLR3G,0.11750223340881538
POLR3GL,74.0688266254104
POLR3K,7.076898069971439
POLRMT,6.179411956949668
POMGNT1,19.396489092654807
POMT1,12.33977102971309
POMT2,7.981639026103108
PON3,9.564900186546879
POR,106.60717208629413
PPA1,502.3253017257945
PPA2,96.32949220980207
PPARA,2.231646549866145
PPAT,3.969999347674061
PPCDC,3.75686350243652
PPCS,61.99525797970696
PPEF1,0.014567463130185445
PPEF2,0.0496820639556312
PPIA,392.8815496672148
PPIAL4A,0.3354345050980549
PPIAL4C,0.3354345050980549
PPIAL4E,0.3354345050980549
PPIAL4G,0.04329820153516906
PPIB,4883.995682791798
PPIC,81.21378920665113
PPID,414.7843196521123
PPIE,12.256835398407269
PPIF,37.13563973543874
PPIG,9.539905561699783
PPIH,537.9869133266911
PPIL1,43.335506449761034
PPIL2,1.1415048521996067
PPIL3,54.814273840090095
PPIL4,4.592792611501478
PPIL6,0.33259367846554894
PPIP5K1,2.1837830781804906
PPIP5K2,8.021762003209632
PPM1A,2.0296753755030266
PPM1B,23.172921202410265
PPM1D,2.952099963121697
PPM1E,0.0018847100940921505
PPM1F,15.126932198676084
PPM1G,14.387351969521673
PPM1K,7.305919850895013
PPM1M,59.84044938086095
PPOX,11.866952398501587
PPP1CA,126.04120655051052
PPP1CB,1225.320206350127
PPP1CC,26.96788707058452
PPP1R1A,3.48087985793299
PPP1R1B,0.031150555063558107
PPP1R2,62.30427292272703
PPP1R3A,0.0025621397453887496
PPP1R3B,15.099583786043898
PPP1R3C,572.878276979931
PPP2CA,88.05889453087791
PPP2CB,83.52200472518619
PPP2R1A,438.20255278084784
PPP2R1B,6.015731375027628
PPP2R2A,72.59575478162009
PPP2R2B,3.574857199933518
PPP2R2C,0.011756037028918573
PPP2R3A,1.330491054850275
PPP2R3B,9.44406791603188
PPP3CA,211.12079681767216
PPP3CB,29.64794856627407
PPP3CC,19.68515322230263
PPP3R1,140.98034005305567
PPP3R2,0.05640842098877173
PPP4C,50.109554562226776
PPP5C,42.76607317351775
PPP6C,153.99923414800494
PPT1,10.607285013151051
PPT2,27.11350908478943
PPWD1,22.235375233327982
PRAG1,0.3354345050980549
PRDX1,15263.520704373199
PRDX2,3851.54639765038
PRDX3,57.16477715540225
PRDX6,859.1123041998092
PREP,54.683797906315164
PRKAA1,26.265509561590328
PRKAA2,5.7103043747309945
PRKAB2,22.65940746454256
PRKACA,640.9941332422003
PRKACB,55.75626944299006
PRKACG,5.25292276820224
PRKAG2,14.312520539848041
PRKAR1A,24.398240413051557
PRKAR1B,17.588836282019084
PRKAR2A,30.271942544089843
PRKAR2B,6.842401360594714
PRKCA,1.6890063363926877
PRKCB,0.46246829750416707
PRKCD,4.404290357219669
PRKCE,0.843563980938288
PRKCG,0.011962294065439872
PRKCH,0.7354385356746738
PRKCI,4.3105059337685825
PRKCQ,0.2735039837405048
PRKCSH,274.034870943717
PRKCZ,0.0359607031954013
PRKD1,0.619103934108226
PRKD2,12.412844081284755
PRKD3,12.186604060893966
PRKDC,0.6598354135531106
PRKG1,50.76764407210218
PRKG2,0.010680178548697026
PRKN,0.21524163632635238
PRKX,3.467335037658831
PRKY,0.3354345050980549
PRODH,2.3488285756498586
PRODH2,0.047452249121563574
PRPF19,222.33859401605537
PRPF4,101.1804334156811
PRPF4B,36.8614017264139
PRPS1,513.8656465778101
PRPS1L1,1.6993128857058533
PRPS2,8.73722918521468
PRRT2,104.69399670761521
PSAP,87.95948005512902
PSAT1,6.744659754562506
PSKH1,12.478684716333525
PSKH2,0.11813839957802594
PSPH,273.4641175866775
PSPHP1,0.3354345050980549
PTDSS1,11.47703565499961
PTDSS2,18.575426402769065
PTEN,13.488680885666891
PTGDS,17.18948342294889
PTGES,1.0341211447007488
PTGES2,69.71539193043918
PTGES3,3032.1017558521025
PTGIS,1367.263885156677
PTGR1,91.27773886121686
PTGS1,12.888934848039266
PTGS2,11.520228592278805
PTK2,2.4322854039040736
PTK2B,5.973756417563359
PTK6,0.3975355786406997
PTK7,0.30823700685127114
PTP4A2,1.5170133874897906
PTP4A3,246.55200546235497
PTPDC1,6.3989360438530465
PTPMT1,13.393772218200635
PTPN1,44.55124669505046
PTPN11,17.46819204641467
PTPN12,7.510242529016697
PTPN13,6.7523289176934735
PTPN14,11.505827281152081
PTPN18,33.582289973812166
PTPN2,7.750070993317614
PTPN21,13.54904863461534
PTPN22,1.652048053092909
PTPN23,15.71917112828044
PTPN3,2.8774932834197307
PTPN4,1.2049880754839517
PTPN5,0.01577742489462775
PTPN6,11.455451567708359
PTPN7,1.1583055344346704
PTPN9,0.5915002001892805
PTPRA,0.49212994745371436
PTPRB,0.1857699768234025
PTPRC,13.030086022799846
PTPRD,4.5901374311935665
PTPRE,3.449292005071406
PTPRF,5.467861957712812
PTPRG,15.764482398405164
PTPRH,0.047455783479081054
PTPRJ,1.3110194777117465
PTPRK,11.441066768125433
PTPRM,14.440587283320705
PTPRN,0.004716086820804198
PTPRN2,0.3155228167950958
PTPRO,2.08615192599042
PTPRQ,0.0010266349854782418
PTPRR,0.005619859726887247
PTPRS,25.047350996314425
PTPRT,0.0017066696010113974
PTPRU,4.571033215416377
PTPRZ1,3.7631721893753856
PTRH1,0.17090945282596037
PTRH2,126.63030260969275
PTS,13.214956185580595
PUS1,3.344748532968804
PXDN,2.2843556618395926
PXDNL,0.12717623567977612
PXYLP1,0.3900283303635837
PYCR1,5.860552735065153
PYCR2,218.2514155888353
PYCR3,18.52640291410028
PYGB,1113.9357633965317
PYGL,13.348389528327713
PYGM,17.22073768495987
PYURF,0.6402221518630032
QARS,269.4650253030765
QDPR,364.11623036011076
QPCT,0.9876873975571059
QPRT,0.3501985435396586
QTRT1,48.87628099573119
QTRT2,3.0803803903498332
RAD1,1.0737712511640858
RAD18,1.730536852060158
RAD9A,9.437152062091881
RAF1,0.6583115442377455
RAG1,0.044458203564052313
RALBP1,19.004986143370257
RARS,256.724052779811
RARS2,15.810136340833187
RBBP6,0.3135742414309037
RBKS,2.8270704844426824
RBP1,78.41265439695687
RBP2,0.009198441563477345
RBP4,1.419766146581671
RCHY1,6.5398291893563805
RCL1,9.402196565748302
RDH10,1.3068546073398248
RDH11,191.19449783124742
RDH12,0.023671608098039212
RDH13,2.712132949825226
RDH14,23.546054196384368
RDH16,0.21274792312999818
RDH5,5.647936188542444
RDH8,0.3354345050980549
REG3A,15.598236131061894
RENBP,21.778741225265463
RET,0.13818707864830054
REV3L,4.838139401894045
RFC5,15.713703250848068
RFK,6.741201474681351
RFWD3,3.4571834763016414
RGL1,3.210389027385008
RHAG,0.3012257575781964
RHBG,0.0020862025234003943
RHCG,0.03752713452439381
RING1,54.563735479243874
RIOK1,0.7055447415335234
RIOK2,0.15749004517711906
RIOK3,37.67694698360099
RIPK1,6.869954176053115
RIPK2,3.0353656850326285
RIPK3,8.540577412785579
RIPK4,13.45979166118211
RIPOR1,1.8350848174091228
RNF103,14.192199588835662
RNF115,15.145251132307516
RNF123,10.9328092138285
RNF125,0.13101897801044549
RNF126,20.184316612643748
RNF128,0.0037799995277798992
RNF13,28.52643601040659
RNF130,13.163139188143434
RNF133,0.15230197227349995
RNF138,5.166333364438266
RNF139,11.823497842778469
RNF14,24.148279422780824
RNF144A,0.14191774953825373
RNF144B,6.169742126187719
RNF146,30.76936201558207
RNF149,27.37946463023614
RNF152,85.71490133406834
RNF167,79.54452065051066
RNF180,11.290248883110369
RNF182,0.007240605452729154
RNF185,22.08246678587408
RNF187,46.45398351377537
RNF19A,19.524677191480425
RNF19B,15.703099909164969
RNF2,3.559960967608935
RNF20,2.353017252191927
RNF216,15.503944101426317
RNF217,11.35483527864727
RNF25,35.78986561356825
RNF31,25.52900377154726
RNF40,1.8100185686670516
RNF41,20.5562960982349
RNF5,54.60326006995967
RNF8,3.9563209068910234
RNGTT,3.47566563258962
RNMT,38.65932245444567
ROCK1,12.54158799976123
ROCK2,18.00667829634479
ROR1,6.979202599205601
ROR2,0.007027039974112411
RORA,5.362856697872747
ROS1,0.16602267687961664
RPAP2,0.9946845619166672
RPE,95.04713961968628
RPE65,0.011728131313476612
RPIA,10.72475697982032
RPL14,1709.4636138511416
RPN1,362.13636112237657
RPN2,531.5862579752804
RPP14,13.02209025123084
RPS6KA1,7.939530328047186
RPS6KA2,3.0390882922683553
RPS6KA3,1.1557308752580548
RPS6KA4,0.8884678956346294
RPS6KA5,0.5794376622997477
RPS6KA6,1.7129224240437546
RPS6KB1,2.1642218805296487
RPS6KB2,48.181646892312756
RPS6KC1,0.7290800642929601
RPUSD4,0.7481432173868504
RRM1,16.68657764167242
RRM2,0.39627981135054946
RRM2B,15.48864586496134
RTCA,15.023533940898774
RWDD2A,2.9559223819347125
RXRA,10.443429251611203
RYK,26.072016641916015
SACM1L,12.63992575182152
SAE1,233.1633716259669
SAP130,0.7724468190032108
SARDH,0.06510305321023512
SARS,247.44789332870957
SARS2,6.482115696348497
SAT1,1113.6168560393378
SAT2,108.08917778223687
SBK1,0.04251298448144519
SC5D,6.0937241934716315
SCARB1,4.152577270784698
SCARF2,110.59287296910956
SCD,5.282839291085376
SCD5,2.626154878572399
SCLY,1.270412624302283
SCP2,161.26808019900523
SDC1,0.1008606303897238
SDHA,166.44379665206554
SDHB,154.72852163703567
SDHC,15.759479186007926
SDHD,2.1237785764900985
SDR16C5,0.03795463698549648
SDR42E1,0.39826206887501614
SDR42E2,0.13883188696682625
SDR9C7,0.19710128130562946
SDS,30.22512031121477
SDSL,8.404950825796393
SEC11A,259.2468747693478
SEC11C,3.2181211742189912
SELENOI,0.1784505883933933
SEPHS1,443.48412597344446
SEPHS2,13.854910497263736
SERPINA1,20.767154039504003
SERPINA3,14.19971359249105
SETD1A,0.28444937482849303
SETD1B,33.03713445609777
SETD2,0.04405775251514611
SETD5,20.152035987261105
SETD7,4.083484573398184
SETDB1,0.2745589858190282
SETDB2,4.928863811248941
SETMAR,12.82366305251327
SFXN3,4093.3247799397154
SGK1,112.0777821410999
SGK2,0.6706011997155619
SGK3,3.738523210904739
SGMS1,5.866830255256909
SGMS2,2.0958231091489776
SGPL1,23.710410762513288
SGPP1,8.983005820958912
SGPP2,0.36441364627769623
SGSH,20.889001464410512
SH3RF1,5.641707040210492
SH3RF2,1.8842042882146297
SH3RF3,17.150431840857998
SHMT1,35.20535302531439
SHMT2,424.3286845733827
SHPK,2.692969961937099
SHPRH,1.228240494879828
SI,0.18373547314711697
SIAE,17.72236679004105
SIAH1,3.684754506122018
SIAH2,12.867840067711189
SIK2,5.480242673811555
SIK3,3.234138596994174
SIN3A,2.999258208240371
SIN3B,0.10870453278969845
SIRT1,9.450984799957936
SIRT2,27.99919369449434
SIRT3,6.450097677929859
SIRT5,2.901412183211999
SIRT6,17.94274563045474
SIRT7,11.787310499358286
SLC10A1,0.017241707682093606
SLC10A2,0.058748703153154044
SLC10A6,0.05140117797502176
SLC11A1,11.43387574694438
SLC11A2,10.613130799879254
SLC12A1,0.0008348995989872557
SLC12A2,0.6226903084044781
SLC12A3,0.021242378061090236
SLC12A4,1.47374425216427
SLC12A5,0.00700337112787609
SLC12A6,0.08906153682914932
SLC12A7,1.681151091988635
SLC13A1,1.3898493503991496
SLC13A2,0.9791894450655247
SLC13A3,0.2714859985808381
SLC13A4,0.4106534128532492
SLC13A5,0.11163659041069766
SLC14A1,144.6247781793878
SLC14A2,0.05728878792229201
SLC15A1,0.09490302837853704
SLC15A2,0.6706011997155619
SLC15A3,26.48079355631118
SLC15A4,8.805361233545318
SLC16A1,2.3967072601269064
SLC16A10,1.4371953761120058
SLC16A2,6.138044702711674
SLC16A3,25.342881738409876
SLC16A7,0.3530323415982886
SLC16A8,4.128013010588808
SLC17A1,0.06505057075080632
SLC17A2,0.014797084619435076
SLC17A3,0.0039612466030059645
SLC17A4,0.016758172785412122
SLC17A5,10.882955017099118
SLC17A6,0.03561924497624714
SLC17A7,0.0956837618085935
SLC17A8,0.023326127399307364
SLC18A1,0.026319851667653077
SLC18A2,2.9351842134233785
SLC18A3,0.0024571167920385078
SLC19A1,9.88182481289082
SLC19A2,22.651144203919998
SLC19A3,0.08126606452839474
SLC1A1,1.0749728687865425
SLC1A2,0.018167620620643227
SLC1A3,7.096470239137702
SLC1A4,3.349565168425339
SLC1A5,35.210443642778934
SLC1A6,0.0010147568193433615
SLC1A7,1.0100257465153601
SLC20A1,30.52333091968766
SLC20A2,22.83307729139219
SLC22A1,0.41138471151060463
SLC22A10,0.004439180978475353
SLC22A11,0.20377100608576706
SLC22A12,0.009215330256780941
SLC22A13,0.08037294192336024
SLC22A16,0.038383120853162186
SLC22A18,7.821558066492281
SLC22A2,0.05876218649840673
SLC22A3,61.020711564437875
SLC22A4,0.7822416617870654
SLC22A5,6.784645885781397
SLC22A6,0.3332262579895881
SLC22A7,0.0016148734551786367
SLC22A8,0.6796964855365107
SLC22A9,0.11807453767167743
SLC23A1,0.10935599432454018
SLC23A2,14.094591241486135
SLC24A1,1.922155608476832
SLC24A2,0.016230981277414763
SLC24A3,51.99745531510403
SLC24A4,0.0874130491226069
SLC25A1,732.1144775792732
SLC25A10,0.8393339963182593
SLC25A11,758.2910551878382
SLC25A12,571.0166988469324
SLC25A13,95.00193807793616
SLC25A14,5.517418932718808
SLC25A15,0.4827817729227798
SLC25A16,2.8959725357391166
SLC25A17,3.9703298105204867
SLC25A18,0.03434179762504217
SLC25A19,2.8389820755866997
SLC25A2,0.10876969495654024
SLC25A20,22.15647504935902
SLC25A21,0.04847161203299556
SLC25A22,3.171560405888292
SLC25A26,6.5526685192596155
SLC25A27,30.927736569795147
SLC25A28,55.97040463773872
SLC25A29,8.969315279714127
SLC25A3,1846.5395821342536
SLC25A37,6.7523289176934735
SLC25A4,839.6907731383697
SLC25A5,1955.2823959481498
SLC25A6,478.9324557097453
SLC26A1,0.7235226740020478
SLC26A11,16.195515490146935
SLC26A2,4.862299037041989
SLC26A3,0.014841035702262305
SLC26A4,1.5824826774023317
SLC26A6,120.48974605965496
SLC26A7,0.07078680304607803
SLC26A8,0.007062528804882439
SLC26A9,0.014416104780604452
SLC27A1,3.4502425082180586
SLC27A2,0.015871699902277277
SLC27A3,63.12025163861385
SLC27A4,2.453919021283211
SLC27A5,2.2590175462694027
SLC27A6,0.06403625466536879
SLC28A1,0.11184786531375568
SLC28A2,0.01319846856354657
SLC28A3,0.04230562340579383
SLC29A1,237.05685401797868
SLC29A2,2.009112491994865
SLC29A3,4.640362886474495
SLC29A4,0.061980308212702555
SLC2A1,15.771419093580406
SLC2A10,4.35487447823319
SLC2A11,3.9563209068910234
SLC2A12,0.9772105371262141
SLC2A13,1.8891890778499583
SLC2A14,0.07812288560124209
SLC2A2,0.7271472329221568
SLC2A3,101.5452225609397
SLC2A4,0.5170250862739612
SLC2A5,0.5872903488914264
SLC2A6,2.437767970690922
SLC2A7,0.02769435809366143
SLC2A8,8.614863653362091
SLC2A9,0.8681826324986966
SLC30A1,9.161367685134778
SLC30A6,5.0808268145987165
SLC30A7,17.232520510543356
SLC31A1,4.019005394093318
SLC32A1,1.4740945089441455
SLC33A1,698.0384282686608
SLC34A1,0.052920680058348275
SLC34A2,0.0042391801425971645
SLC34A3,0.0026130225704331716
SLC35A1,22.733804370374735
SLC35A2,6.61694181550389
SLC35A3,7.142181313805755
SLC35B2,0.7522621410460263
SLC35B4,2.274540557709172
SLC35C1,5.948562024047958
SLC35D1,4.6463495008564495
SLC35D2,10.719475721329564
SLC36A1,5.282839291085376
SLC36A2,0.07419499914014951
SLC36A4,1.7767017658004212
SLC37A1,1.9642797272656287
SLC37A4,4.372017540875956
SLC38A1,6.119042202319667
SLC38A2,556.8275377121022
SLC38A3,0.21983971546572464
SLC38A4,0.009426967966298822
SLC38A5,0.48542793213709695
SLC39A7,28.226696218890442
SLC3A1,0.010348778196437907
SLC3A2,60.977642921402456
SLC40A1,22.78342983609562
SLC41A1,18.76609524718389
SLC41A2,4.171898519807402
SLC43A1,6.482115696348497
SLC43A2,5.716548843671556
SLC46A1,3.0051570578517626
SLC47A1,1.7964210097257263
SLC47A2,0.03326373228276361
SLC4A1,13.592771879362395
SLC4A10,0.003582372848816862
SLC4A2,28.873249853763447
SLC4A3,9.312843331464554
SLC4A4,1.799382708231761
SLC4A5,1.176390093876137
SLC4A7,1.7041667035511883
SLC4A8,0.2350437824852505
SLC4A9,0.018868436372648987
SLC51A,0.8334192959178375
SLC51B,5.641707040210492
SLC52A1,0.06925601025761259
SLC52A2,17.486863544140643
SLC52A3,0.28454763876001143
SLC5A1,0.0022358694811415694
SLC5A10,0.005375024697767208
SLC5A11,0.022066331281306382
SLC5A12,0.005837619655650053
SLC5A2,0.028236462871374646
SLC5A3,0.1255683507315296
SLC5A5,0.011340444252279612
SLC5A6,6.049469136049095
SLC5A7,0.07302190367296232
SLC5A8,0.3418527760399266
SLC5A9,0.1384507900853403
SLC6A1,27.766464942573602
SLC6A10P,0.002723300402819127
SLC6A11,0.0007241123045386496
SLC6A12,0.16522872699309255
SLC6A13,0.04847161203299556
SLC6A14,0.3354345050980549
SLC6A18,0.020564936803086797
SLC6A19,0.1185497404542115
SLC6A2,0.05126577654728052
SLC6A20,0.043270739804743864
SLC6A3,0.016954396733838018
SLC6A4,0.017299287408085413
SLC6A5,0.10319845039380167
SLC6A6,0.45177312638787026
SLC6A7,1.4183548637264958
SLC6A8,23.605403823959975
SLC6A9,2.3968770615887145
SLC7A1,1.854848725352415
SLC7A10,0.10368791265812526
SLC7A11,0.06093679949180608
SLC7A2,36.362103444842965
SLC7A3,0.006368847385901637
SLC7A5,1.7500322216109412
SLC7A6,4.305296203743379
SLC7A7,8.703203579009063
SLC7A8,16.38870049065149
SLC7A9,0.08068793242196727
SLC8A1,1.8543519825443266
SLC8A2,0.02230868730956839
SLC8A3,0.024761208798886037
SLC8B1,13.51928298393565
SLC9A1,16.218673073598282
SLC9A2,0.1184333219309036
SLC9A3,0.041707742237761955
SLC9A4,0.314551529377227
SLC9A5,0.8144656682108962
SLC9A7,0.607807111718179
SLC9A8,5.307433964191197
SLCO1A2,0.0011127534869773482
SLCO1B1,0.5745214485775751
SLCO1B3,0.04767210311424515
SLCO1C1,0.0445745456868173
SLCO2A1,0.324558056972283
SLCO2B1,51.57708553542048
SLCO3A1,10.76207395211305
SLCO4A1,1.1827331142284079
SLK,22.524714574979786
SMARCD3,126.9078623580828
SMG1,0.9808822919636879
SMPD1,45.19525703418183
SMPD2,5.5379170551106585
SMPD3,0.8351083421515112
SMPD4,9.757865404981434
SMS,166.29953300618422
SMURF1,19.06879396277418
SMURF2,8.914595632977818
SMYD3,2.2881684760634626
SNRK,7.057336901631922
SOAT1,3.7339749631271797
SOAT2,1.1335328283168915
SOD1,2468.656148784288
SOD2,17.479024484576914
SOD3,1894.5471922617335
SORD,1.5016274877764866
SPCS1,192.55697361218984
SPCS2,221.09887589076766
SPCS3,274.240965406618
SPEG,330.48726450825166
SPHK1,5.6603986762842515
SPHK2,1.2934364415635797
SPR,229.2989908317694
SPRYD3,150.55184172817437
SPTLC1,17.23543326966103
SPTLC2,1.0298205465844983
SPTLC3,0.39862541510252564
SQLE,0.13399578666453096
SRC,6.043108255910973
SRD5A1,2.213608665069254
SRD5A2,0.3354345050980549
SRD5A3,2.730534727926745
SREBF1,12.64726487772798
SRM,441.4267306534699
SRMS,0.15573239593730395
SRPK1,2.010242073657211
SRPK2,7.207586125566446
SRPK3,7.411106568384104
SSH1,7.629012895113924
SSH2,2.846567476515155
SSH3,22.899308055420178
SSR4,434.21374600195634
SSU72,110.7069536135989
ST3GAL1,29.16870952746731
ST3GAL2,6.668452074665318
ST3GAL3,9.326638843936303
ST3GAL4,9.74241813902364
ST3GAL5,1.2796186035359898
ST3GAL6,1.0192532994178762
ST6GAL1,31.501015513001708
ST6GALNAC1,0.004144196285264196
ST6GALNAC2,0.15191362360183722
ST6GALNAC3,0.08021554069765546
ST6GALNAC4,29.613041342849314
ST6GALNAC5,7.129114918474495
ST6GALNAC6,179.12050864628281
ST8SIA1,0.4427058728878845
ST8SIA4,1.42353096197333
ST8SIA5,0.061557501752773074
STAMBP,10.974296164685006
STAMBPL1,0.5227782771197448
STARD3,43.235665531493005
STK10,0.3267970767071462
STK11,33.03713445609777
STK16,1.739417950150454
STK17A,10.00063595998051
STK17B,9.326638843936303
STK19,12.593047492692351
STK24,37.585332474909244
STK25,2.123931340977214
STK26,0.629690691282171
STK3,8.037169155611462
STK31,0.035804810797900696
STK32A,2.3644748060438063
STK32B,0.3058510868550413
STK32C,1.651562870668357
STK33,0.01983087343312587
STK35,7.0247594498208485
STK36,18.49609812650704
STK38,8.800099642269002
STK38L,59.99150270959648
STK39,15.831775687777956
STK4,1.4524731104138033
STRA6,0.822036475095338
STS,9.250814987508958
STT3A,7.255074163077055
STT3B,66.20892150192587
STUB1,86.35725627953721
STYK1,0.022016507716856287
STYXL1,6.584789220912984
SUCLA2,128.20963559843497
SUCLG1,183.6191496769713
SUCLG2,572.3673325350777
SULT1A1,1.9944814838997338
SULT1A2,0.1508690732240738
SULT1A3,0.15245139080816775
SULT1B1,0.43825588136161897
SULT1C2,0.20364133504842236
SULT1C4,1.1209632836516663
SULT1E1,1.364472517008741
SULT2A1,3.553854432798619
SULT2B1,0.008106295008568715
SULT4A1,0.7628529321493973
SUOX,8.075322829814393
SUV39H1,2.1279555724910444
SUV39H2,0.8329971430431083
SYK,4.989536349274195
SYNJ1,0.08769291271091292
SYNJ2,0.07004076347512893
SYVN1,0.8490223146442449
TAF1,7.24033391417757
TALDO1,133.74828521626503
TAOK1,2.6993346116315817
TAOK2,15.68009403853031
TAOK3,6.182430382953633
TARS,101.05273942581368
TARS2,0.953080207050566
TARSL2,10.553762882858988
TAT,0.030675238663290853
TBCB,148.48980400564773
TBK1,0.5846245020465962
TBL1X,12.251729575605168
TBL1XR1,11.646905229468397
TBXAS1,5.873109141608125
TCIRG1,123.16169492678281
TDO2,0.6689859114951692
TECR,67.78505451701255
TECRL,0.0008266151566306116
TENT2,0.15316461371698084
TENT4A,0.45357387630786017
TESK1,75.14282324744
TESK2,2.1044839732528353
TFRC,129.20632389405566
TGDS,5.0808268145987165
TGFBR1,32.8498789300135
TGFBR2,130.4368974489399
TGM1,0.7165559803931643
TGM2,1906.7506941787854
TGM3,0.020345468370731007
TGM4,0.8030397362335248
TGM5,0.004954614387363053
TGM6,0.018105422639918517
TGM7,0.01438308791538765
TGS1,3.099706466705991
TH,0.3942180720015461
THNSL1,0.9083840272126407
THTPA,5.062483464593797
TIAM2,0.7502853970099053
TICRR,0.5312396080723646
TIPARP,146.91727637442477
TK1,4.953114709028898
TK2,15.534549783058027
TKFC,17.655218887752373
TKT,39.01041766385541
TKTL1,0.0034989373944422767
TKTL2,0.3040568295727089
TLK1,10.302438012087695
TLK2,0.259313873685205
TM7SF2,1.96729568098893
TMEM91,9.54792907378828
TMLHE,2.526843231508704
TMX3,16.280459494757586
TNFRSF21,6.707137969730554
TNIK,3.595304748860977
TNK1,1.082091235909534
TNK2,32.83205636611924
TNKS,5.747791980755926
TNKS2,21.713183520759962
TNNI3K,2.2239123832468
TNS2,1.434061794943761
TOPORS,5.735290571033322
TP53RK,2.8021974104156055
TPH1,3.923896975894266
TPH2,0.08567194949607831
TPI1,7155.99465063419
TPI1P2,0.042282596020422704
TPK1,1.851868674446639
TPMT,5.172452058049608
TPO,0.0076644573308228625
TPP1,96.41524501295494
TPSAB1,66.14726639424154
TPSB2,18.27434725921533
TPSD1,5.904524035465066
TPST1,2.9166542255931844
TPST2,12.281375851680428
TPTE,0.002076217106732006
TPTE2,0.07235004019263122
TRAF7,31.068652557730548
TRDMT1,0.824563237923184
TREH,0.04499388818759266
TREX1,3.522582510628471
TREX2,22.990438981350373
TRHDE,0.03293511724976792
TRIB3,0.9472170275072832
TRIM11,1.7295573122367696
TRIM32,1.202697235885624
TRIM33,5.125073218789977
TRIM63,0.12281329263760694
TRIO,1.0669447840943045
TRIP12,9.070881798552882
TRIT1,10.429312610359013
TRMT1,7.581354744718455
TRMT11,23.847299676864594
TRMT1L,4.983462309642348
TRMU,6.335100829433138
TRPM6,0.0010831623445686361
TRPM7,5.7790696898143326
TSSK1B,0.01906405909848954
TSSK2,0.0231714118888251
TSSK3,2.856868525862132
TSSK4,0.758145469205045
TSSK6,0.3801814577041868
TST,6.354237723316875
TSTA3,132.19577528262383
TTC3,31.342047162953413
TTK,0.0027201544140903595
TTL,0.6484800638944022
TTLL10,0.0017910026701492957
TTN,0.5401149381315963
TUSC3,1.4326061916233614
TUT1,0.2915284764473749
TUT4,0.6950417161591614
TUT7,0.1907089895411479
TXN,1230.587250947705
TXN2,34.008767421496664
TXNRD1,182.06816667509923
TXNRD2,7.755053027201696
TXNRD3,0.9015798594702443
TYMP,132.20875623295595
TYMS,15.358298896135743
TYR,0.014043375271290182
TYRO3,2.2450653529253763
TYRP1,0.09478748663393406
UAP1,28.799679751404298
UAP1L1,8.689600901003114
UBA1,432.7899936448214
UBA2,169.90172370740098
UBA3,45.349014288623835
UBA6,65.94417901145007
UBA7,97.74827413313285
UBE2A,50.653672662352626
UBE2B,70.28286882426632
UBE2C,0.8629046305008357
UBE2D1,7.9549131293083635
UBE2D2,31.347476337263704
UBE2D3,946.4848057420878
UBE2D4,8.914595632977818
UBE2E1,30.927736569795147
UBE2E2,9.890524172427382
UBE2E3,6.793696809441122
UBE2F,1.6638880943776524
UBE2G1,13.817208660498055
UBE2G2,9.082655928174109
UBE2H,232.73244971874573
UBE2I,377.2663317557737
UBE2J1,5.2494035543508915
UBE2J2,9.679816887618202
UBE2K,381.50689265910887
UBE2L3,1543.9880792533672
UBE2L6,31.381676389823472
UBE2M,146.02781233943097
UBE2N,19.636982375524454
UBE2NL,0.3354345050980549
UBE2O,9.333538156890985
UBE2Q1,4.176064871160194
UBE2Q2,2.7866159399350057
UBE2QL1,0.03856382714310837
UBE2R2,15.027186336721238
UBE2S,7.735124064257686
UBE2T,0.9226520933818291
UBE2U,0.023784263818109993
UBE2W,5.935972953841545
UBE2Z,82.48780232714873
UBE3A,19.768927568225493
UBE3B,8.431977078607005
UBE3C,3.3016737885217724
UBE4A,0.6589400327844119
UBE4B,2.45915709700898
UBLCP1,73.6195381197098
UBR1,0.7928146554212789
UBR2,3.819859774357853
UBR3,0.04658430773865061
UBR4,7.693280924754152
UBR5,0.6626962133063234
UBR7,10.76207395211305
UCK1,16.40031585849937
UCK2,1.3755866621928432
UCKL1,26.73693354257278
UCP1,0.058364989262093596
UCP2,33.93177933344996
UCP3,0.3942697164779046
UEVLD,4.669712276844171
UGCG,16.365493717816125
UGDH,53.46227265925975
UGGT2,9.575664330498896
UGP2,2732.725140706822
UGT1A1,0.5818457107151666
UGT1A10,0.14272264379251745
UGT1A3,1.0114790584917612
UGT1A4,0.0951329295757727
UGT1A5,0.4044927492424471
UGT1A6,0.17846484523713252
UGT1A7,0.817507176308654
UGT1A8,0.1293154038699776
UGT1A9,0.11549856641655931
UGT2A1,0.3354345050980549
UGT2A3,1.2389146853275619
UGT2B10,1.2536713325042186
UGT2B11,0.23720441855058141
UGT2B15,0.6704297803167216
UGT2B17,0.00297474122078284
UGT2B28,0.6936387983112186
UGT2B4,0.7544150219594951
UGT2B7,0.1550237091590488
UGT3A1,0.12021469926971337
UGT3A2,0.0494868784154801
UGT8,0.019220851910128303
UHMK1,8.642025641945786
UHRF1,0.06196085924445948
UHRF2,11.397934440870209
ULK1,38.30112422858685
ULK3,29.709056318518225
ULK4,1.6637011126788903
UMPS,75.08248681651594
UPB1,0.1975107281976902
UPP1,6.91040184162317
UPP2,0.03436387152292252
UPRT,2.7522601488224026
UQCR10,32.512312494784034
UQCR11,87.40788516188822
UQCRB,134.59732370498116
UQCRC1,1170.1325746098196
UQCRC2,1615.4924749961726
UQCRFS1,156.6451210556913
UQCRH,47.65018005548011
UQCRQ,93.13265187995573
UROC1,0.003927131680956369
UROD,50.6575993025581
UROS,8.519933958515033
USP1,7.9081867362275515
USP10,3.6529298554800715
USP11,110.36478346778767
USP12,22.91587183889893
USP13,2.351434813185943
USP14,81.30065047061885
USP15,6.636816492028917
USP16,31.07746412990651
USP17L2,0.7544524097088302
USP17L22,0.04998256910149056
USP17L30,0.050968258904732194
USP17L5,0.050968258904732194
USP17L9P,0.3354345050980549
USP18,1.9813825531351457
USP19,1.055372643144848
USP2,1.6133254595544606
USP20,18.32973395730567
USP21,15.933534703847524
USP22,57.50411198633822
USP24,1.7253699141753611
USP25,0.10159309952719997
USP26,0.08118014005684498
USP28,4.081306160628364
USP29,0.08228852752006045
USP3,0.593750237598322
USP30,0.2103986843464352
USP31,2.7638944114048254
USP32,0.23224431479978083
USP33,16.66770152920469
USP34,7.5099956812278394
USP35,27.036395212239746
USP36,14.765550825270273
USP37,0.7374969862981899
USP38,3.49782596375758
USP4,3.11605946217512
USP40,0.5122649374336439
USP41,0.01834435481333142
USP42,1.9939773545250474
USP43,0.039992874154969126
USP44,0.23589265569374498
USP45,1.8707587557135765
USP46,2.874234738046644
USP47,9.530042796497217
USP48,0.4114372734929053
USP49,1.4433294044028049
USP51,0.4176113989892087
USP6,0.06974002442759272
USP7,32.99811707963257
USP8,0.67565177189372
USP9X,6.061384820079713
USP9Y,0.0033869392981232785
UST,2.071916265204038
UXS1,8.196098738099877
VARS,106.70752629114055
VARS2,70.93460822187667
VKORC1,152.3758648073321
VNN1,0.9351002842525737
VNN2,4.213530161757375
VNN3,0.12743553524658255
VRK1,14.407973667334844
VRK2,2.873721212548364
VRK3,9.257702861059308
WARS,298.8545490191278
WARS2,10.346911207179778
WDYHV1,5.381356914813617
WEE1,17.361524477975358
WEE2,0.009112407417820753
WNK1,3.170867160486988
WNK2,0.8618019534667196
WNK3,0.5688708010615984
WNK4,0.02000869885588744
WWOX,6.20147269865707
WWP1,5.387526531090071
WWP2,0.6961074692892233
XDH,0.22757808448093378
XPO6,0.3111607973769063
XPO7,17.573140324096308
XYLB,0.3055068040688935
XYLT1,0.9415874521742739
XYLT2,12.303267441943895
YARS,590.0628326946853
YARS2,11.911689532996864
YES1,4.362557605717879
ZADH2,5.754044760378192
ZAP70,4.079556758679692
ZC3HAV1,1.774008352748287
ZNRD1,7.093458797056605
ZNRF1,3.0122823741057605
ZNRF2,1.8254036839259877
ZSWIM2,0.014137292655161355
