A4GALT,1.7038979719802412
A4GNT,0.01992058529285237
AACS,36.94932948042278
AADAC,0.034973476504580915
AADAT,0.9441812177374005
AAK1,131.16208106789597
AANAT,0.5409086495122015
AARS,1289.659326150748
AARS2,15.208654805431253
AASDH,14.74417095637684
AASDHPPT,26.272936668140613
AASS,4.6126756801059825
AATK,119.8821453165139
ABAT,119.25161906914819
ABCA1,2.7700656779365826
ABCA3,81.64233605595273
ABCA4,0.06183600628920611
ABCA8,1.6524565014112822
ABCB1,8.880788912175435
ABCB11,0.04664320692677182
ABCB4,0.05079015948203929
ABCB6,130.41029267638754
ABCC1,0.2740545632627193
ABCC11,0.3449319028009748
ABCC2,0.7327568993279202
ABCC3,0.25472231212644
ABCC4,0.3255114938620771
ABCC5,146.66442484939873
ABCC8,179.00608566495663
ABCC9,0.5520112194424456
ABCD1,2.561364116707704
ABCD2,5.010202046579979
ABCD3,56.02042268535094
ABCG2,12.40283515257107
ABCG5,0.030645093262870644
ABCG8,0.08499716610618423
ABHD12,43.9918912267904
ABHD5,4.245879425006176
ABHD6,25.965881704388508
ABL1,30.105353141582757
ABL2,8.885850980290925
ABO,0.49517490556207955
ACAA1,65.7215490478936
ACAA2,21.252478609495775
ACACA,37.57759213808066
ACACB,11.293404579582504
ACAD10,8.922871842743103
ACAD11,0.037921043374562376
ACAD8,62.7447521873715
ACAD9,338.4490074637243
ACADL,1.1434900509016552
ACADM,33.933765110653624
ACADS,12.32217826550912
ACADSB,452.7349797541495
ACADVL,770.9839513396538
ACAT1,17.554793214113207
ACAT2,21.50575685494343
ACE,0.7868851455795339
ACE2,0.13049351998579825
ACER1,0.24455274205985833
ACER2,3.3026510379733978
ACER3,4.345742789303318
ACHE,58.20631124313912
ACLY,36.93183596492735
ACMSD,0.045786833068863025
ACO1,28.007803522506155
ACO2,115.12496277496354
ACOT1,1.9256756381131264
ACOT11,1.7547858286893976
ACOT12,0.03593910381868945
ACOT13,9.109465472673344
ACOT2,6.275815179274737
ACOT4,1.4750123595992046
ACOT6,0.3720233171052648
ACOT7,30.76485377733019
ACOT8,25.14313375462198
ACOX1,5.1848196272536535
ACOX2,2.6689003745852804
ACOX3,4.081609197134539
ACP1,4937.728922623382
ACP2,6.878348545550634
ACP4,0.0036202735317779565
ACP5,0.0926207473998886
ACP6,7.325012791629234
ACP7,0.44999467512671487
ACPP,0.029803714889858706
ACSBG1,15.029713377773442
ACSBG2,2.383287637220769
ACSF2,24.51937217146269
ACSF3,9.175094154442547
ACSL1,19.49431106446542
ACSL3,8.422494881259446
ACSL4,2.6073293583461945
ACSL5,11.72393622199311
ACSL6,56.80942575536466
ACSM1,0.4689019953525618
ACSM2A,0.0585122933778039
ACSM2B,0.06320048198640206
ACSM3,0.003237502795576757
ACSM4,0.01582984065212751
ACSM5,1.1396698289541498
ACSS1,37.15460622889189
ACSS2,43.568567339225964
ACSS3,4.853846854309804
ACVR1,5.223961365684245
ACVR1B,26.543186363271587
ACVR1C,0.7235654491974463
ACVR2A,14.49510067384875
ACVR2B,15.879895243569578
ACVRL1,16.024378569210413
ACY1,176.51361431430067
ACY3,0.5064284317552449
ACYP1,24.20851035834667
ACYP2,4.018835272633001
ADA,0.7682929161563011
ADCY1,48.27846334306714
ADCY10,0.5868428666764728
ADCY2,21.87392488411044
ADCY3,30.67048876026904
ADCY4,5.120847995798574
ADCY5,5.084249249557133
ADCY6,45.45115496953385
ADCY7,0.11330142088491264
ADCY8,5.084249249557133
ADCY9,15.25643408281182
ADH1A,15.260920881477592
ADH1B,0.7235654491974463
ADH1C,0.00812472612029619
ADH4,3.1026068878428408
ADH5,262.86932793763657
ADH6,1.8200515029040716
ADH7,0.37652017076833333
ADHFE1,18.8108882127082
ADI1,38.608298812344536
ADK,6.4855318659273555
ADO,27.84620814900554
ADPGK,79.36447884819154
ADPRH,4.334852773185
ADSL,269.3910057289227
ADSS,97.65230361987074
ADSSL1,2.115359724710196
AFMID,48.83282045838171
AGA,17.79468196206216
AGK,48.074502252737574
AGL,1.217933314599182
AGMAT,0.09560163197452046
AGPAT1,13.055585385605672
AGPAT2,4.304404603214406
AGPAT3,43.22516377850997
AGPAT4,2.043232735835221
AGPAT5,11.851598585539284
AGPS,23.004483993194473
AGT,430.5945998301287
AGXT,0.018714504049903203
AGXT2,0.07273189725255508
AHCY,2028.9903293437417
AHCYL1,209.31359441321587
AHCYL2,12.512532876509878
AICDA,0.004908860150734552
AK1,622.7286613576453
AK2,619.0261577059732
AK3,68.82335335708206
AK4,377.16532238692554
AK5,1.1046279748482875
AK7,0.09034652835518987
AKR1A1,115.2506444739812
AKR1B1,156.24934051331402
AKR1B10,0.04688600848701355
AKR1B15,2.0793115605776
AKR1C1,1.0186156402867153
AKR1C2,0.8860818930886643
AKR1C3,7.288560757712835
AKR1C4,5.522781755496033
AKR1C8P,0.3354345050980549
AKR1D1,3.5763124860476507
AKR7A2,308.5847547188428
AKR7A3,3.34490992457534
AKT1,3.7482936493267824
AKT2,6.219256185440496
AKT3,32.962480809412824
ALAD,1012.0115926097551
ALAS1,110.25019016542754
ALAS2,0.24191926841569142
ALB,0.7221531591108499
ALDH18A1,121.30872189985936
ALDH1A1,261.0711753572679
ALDH1A2,0.37971943458466395
ALDH1A3,2.8485975846453035
ALDH1B1,2.155365045087099
ALDH1L1,99.24112211250358
ALDH1L2,17.984115312413515
ALDH2,2678.4075044940296
ALDH3A1,0.06045238252644062
ALDH3A2,142.1866474278476
ALDH3B1,0.47119670495075366
ALDH3B2,0.004438236806219148
ALDH4A1,29.930798770056075
ALDH5A1,46.14436886803241
ALDH6A1,55.13499360979653
ALDH7A1,57.18788130936528
ALDH9A1,640.0432676480397
ALDOA,4164.745583119578
ALDOB,1.2668746627921277
ALDOC,957.8145544070054
ALG1,5.087215027822781
ALG10,0.8977972498833078
ALG11,0.8141949254768016
ALG12,6.320947432661857
ALG13,14.013558420721099
ALG14,0.8329723398739103
ALG1L,1.7071732442447476
ALG1L2,0.009864005754584146
ALG2,91.76979595909492
ALG3,1.1434720330217087
ALG5,20.708542351821624
ALG6,4.865617333179782
ALG8,12.460502681893452
ALG9,10.079988092395244
ALK,0.13560913395050747
ALLC,0.023699455464197494
ALOX12,0.7405498509738816
ALOX12B,0.862003404770344
ALOX15,0.0579299283057659
ALOX15B,0.053437269998902255
ALOX5,46.96989772242151
ALPG,2.1334538652401167
ALPI,0.09522613776587274
ALPL,12.59909242692002
ALPP,0.005922704160760001
AMACR,189.6068226833236
AMD1,44.67346407492007
AMDHD1,1.243575167417766
AMDHD2,15.423864534240636
AMFR,0.3075978704548819
AMHR2,0.00785522992437814
AMN,0.25915310615055237
AMPD1,0.11167496795558433
AMPD2,24.701572195938816
AMPD3,3.342007645062782
AMT,129.3212866254769
AMY1A,2.6438139326066277
AMY1B,0.05384309062359901
AMY1C,2.6438139326066277
AMY2A,0.6190085974986291
AMY2B,69.2418810718098
ANAPC11,29.702800098623477
ANGPTL4,30.22630086500693
ANKRD1,0.2645467171399943
ANPEP,0.9976761886886727
ANXA3,144.46805369475692
AOAH,0.25495828792751096
AOC1,0.022327631781835014
AOC2,5.262719930768744
AOC3,1.588339458517979
AOX1,0.3307493989675577
APOA1,0.5242949894836954
APOA2,180.33762034675766
APOA5,0.017864302659838082
APOB,0.013316576136504865
APOC1,0.7179191482715438
APOC2,27.211319250515267
APOC3,0.07720165166845633
APOE,1614.514385934411
APRT,343.46620815565075
AQP1,635.874607381521
AQP10,0.0037868645526527175
AQP2,2.053743019254548
AQP3,2.6627097183762785
AQP4,221.26762048030304
AQP5,2.056864593935968
AQP7,6.061186000360488
AQP8,2.1417317106354035
AQP9,0.20059360847062918
ARAF,1.1410619850715966
ARCN1,221.66611457978888
ARG1,0.6169466669360815
ARG2,6.287093011793177
ARSA,53.875856038038386
ARSB,2.4088754794391405
ART1,12.508037072622695
ART3,82.05737557114517
ART4,0.012666899913032551
ART5,0.00911482698081992
AS3MT,29.301185758134498
ASAH1,122.59698217619112
ASAH2,0.05761022650692498
ASH1L,0.06160109041988757
ASL,135.988449239512
ASMT,0.10115851731581768
ASNS,2881.3859648447333
ASPA,2.0831100080552125
ASPG,0.014859660567176703
ASPH,195.80132611187472
ASRGL1,32.921548107887524
ASS1,92.13829037089957
ATE1,11.51437892431879
ATIC,247.99244795635505
ATM,3.866556879165351
ATP10A,8.137176369690371
ATP11A,5.831660626106298
ATP11C,3.2165861193363687
ATP1A1,153.95292373641595
ATP1A2,747.4877162254822
ATP1A3,285.6360191153998
ATP1A4,0.5356737628161774
ATP1B1,161.79838148629457
ATP1B2,1536.8888326900615
ATP1B3,72.5218932463433
ATP1B4,0.03522494139878579
ATP2B1,50.86673287614916
ATP2B2,182.2997790526595
ATP2B3,27.281077479745765
ATP2B4,29.555432072192453
ATP4A,2.923011390862066
ATP4B,0.1312823705519558
ATP5F1A,124.53265572432873
ATP5F1B,167.30632217246165
ATP5F1C,21.50971022167614
ATP5F1D,155.46511749348954
ATP5F1E,125.55773209538297
ATP5MC1,4.311892001287344
ATP5MC2,2.868050998110428
ATP5MC3,5.997867959791037
ATP5ME,117.38991896387836
ATP5MF,1.481717785000078
ATP5MG,179.57272888452187
ATP5MGL,23.718922705117464
ATP5PB,5.524565248774745
ATP5PD,6.7181129554220975
ATP5PF,4.959033242795014
ATP5PO,42.13932100131758
ATP5S,0.3354345050980549
ATP6V0A1,9.691328527741193
ATP6V0A2,1.3166351211589875
ATP6V0A4,0.019072319989282143
ATP6V0B,99.29063135968161
ATP6V0C,612.7600275178592
ATP6V0D1,490.4320514692261
ATP6V0D2,0.01308289658781416
ATP6V0E1,43.511300887001994
ATP6V1A,485.9352623186949
ATP6V1B1,3.0628514350383664
ATP6V1B2,1400.5853576865225
ATP6V1C1,50.727093838620476
ATP6V1C2,1.3844669020367326
ATP6V1D,43.97258093745201
ATP6V1E1,346.6041985280656
ATP6V1E2,0.637618998662885
ATP6V1F,62.91941430701334
ATP6V1G1,53.19390458945353
ATP6V1G2,995.5128330070115
ATP6V1G3,0.2330917175245828
ATP6V1H,33.303060862727236
ATP7A,0.6473060200365466
ATP7B,16.750144303017724
ATP8A1,17.91039040893033
ATP8B1,0.22408666891373785
ATP8B2,77.7968793663894
ATR,0.06545311969502679
AUH,8.983516694090277
AURKA,0.021705940283371052
AURKB,0.03531995679078561
AURKC,6.752443144958165
AWAT1,0.0633604788899994
AWAT2,0.014556648482598617
AXL,0.05953692779411807
AZIN2,0.7963414524148358
B3GALNT1,25.952786651586862
B3GALNT2,1.1289849650297192
B3GALT1,2.4825284671967176
B3GALT2,0.3754895133048156
B3GALT4,3.4990981216746535
B3GALT5,0.10216546648478134
B3GALT6,5.433240060779566
B3GAT1,25.286458204564124
B3GAT2,4.0920812680563925
B3GAT3,97.7907516067763
B3GLCT,0.7866139610071975
B3GNT2,3.1436505177878495
B3GNT3,1.2406923297536334
B3GNT4,5.170377479336126
B3GNT5,0.46667470173444414
B3GNT6,0.026907521109640526
B3GNT7,3.559432656261189
B3GNT8,0.503058055898465
B3GNT9,0.8235744033821115
B3GNTL1,2.287338290647704
B4GALNT1,85.3584776695742
B4GALNT2,0.08753139082536945
B4GALNT3,1.1672243974589906
B4GALNT4,220.88868387663598
B4GALT1,21.088126077424075
B4GALT2,13.31929458424618
B4GALT3,33.55014290151334
B4GALT4,3.118191505229296
B4GALT5,40.99043588492564
B4GALT6,14.022723980927807
B4GALT7,15.137034416767326
B4GAT1,2.277812689362301
BAAT,0.1538535426318666
BARD1,0.5514720174408436
BBOX1,18.378192316699785
BCAP31,788.6573102618357
BCAT1,0.9745813620018396
BCAT2,86.2436126600834
BCHE,1.3789395792554149
BCKDHA,9.240039550295053
BCKDHB,7.015961467492712
BCKDK,33.87891592671079
BCO1,0.06461878427195712
BCR,1.203449761640707
BDH1,45.191667646475544
BDH2,23.588853280742136
BHMT,0.14262424991502531
BHMT2,2.1034683137428623
BIRC6,10.351252296212568
BLK,0.05815847326832811
BLVRA,588.8696344916758
BLVRB,267.5527938840338
BMP1,25.782654787865976
BMP2K,0.25456617978797624
BMPR1A,3.9989484479685653
BMPR1B,9.098535266504266
BMPR2,12.749528512340044
BMX,0.07989842371336889
BPGM,11.609620725725902
BPNT1,7.276991545708136
BRAF,23.87251873152657
BRAP,0.363725899452148
BRPF1,15.459783420897674
BRSK1,180.65163780018153
BRSK2,155.7141169425556
BSCL2,266.9318245447549
BSG,163.4266433399726
BTD,3.107291447174772
BUB1,0.024701791396978888
BUB1B,0.022546263259604658
C1GALT1,4.43151853729784
CA1,0.16424115955045296
CA12,2.5886164679949553
CA13,25.093628649677523
CA14,2.3373891845091452
CA2,27.162252986118585
CA3,5.399260942691728
CA4,135.58260636620352
CA5A,0.19748433174071767
CA5B,0.7005830894191027
CA6,10.425839500790367
CA7,3.6171473870992976
CA8,5.9777304614834765
CA9,17.127274375950762
CAD,60.867029660447265
CALM1,1739.1919985473826
CAMK1,17.730703360361005
CAMK1D,43.96979543304877
CAMK1G,1.2521096506775147
CAMK2A,6.3466155645530975
CAMK2B,335.4492194950206
CAMK2D,1274.4389512216394
CAMK2G,31.965534608005964
CAMK4,114.54957911520864
CAMKK1,73.24726713032018
CAMKK2,618.4116828319941
CANT1,11.691641787510314
CARM1,29.89277795313278
CARNS1,9.043918231518044
CARS,13.869786181470026
CARS2,21.807473143453954
CASK,21.642140858662568
CAT,41.508423821610386
CBLC,0.0519195983521084
CBLL1,15.005882162035816
CBLL2,0.027434690025870352
CBR1,82.74458168445432
CBR3,142.97105381220751
CBR4,102.99683429396623
CBS,167.38044315099438
CBSL,0.3354345050980549
CBX1,261.2580403687513
CCNB1IP1,24.649099296791842
CD36,0.2231061405575151
CD38,0.5315859476747281
CDA,31.456474858561823
CDC14A,0.49405049800120926
CDC14B,4.405466154958289
CDC25A,0.15949512404197816
CDC25B,153.39848805246538
CDC25C,0.17989713810647837
CDC34,15.24616676764687
CDC42BPA,5.840445526353572
CDC42BPB,6.338630611515832
CDC42BPG,59.971918890606254
CDC7,26.543186363271587
CDIPT,368.1677619794636
CDK1,0.2280161660905276
CDK10,38.53809028905026
CDK11A,44.47221943753883
CDK11B,25.91350833108155
CDK12,8.865174423935333
CDK13,29.475102851948904
CDK14,24.22144925960863
CDK15,0.013721870636679883
CDK16,147.37080910211932
CDK17,22.818217838394396
CDK18,15.04163143047999
CDK19,21.088126077424075
CDK2,8.845593775759722
CDK20,16.993288389829143
CDK3,12.080754859839114
CDK4,4.886266723434605
CDK5,66.31532390776951
CDK6,3.8819843401704017
CDK7,106.44005388191937
CDK8,25.495180331382333
CDK9,169.23692197615
CDKL1,1.8282804704847864
CDKL2,4.439242843995329
CDKL3,2.4720493001036905
CDKL4,0.016460342812150804
CDKL5,0.2830018424648488
CDKN3,0.9139489655602516
CDO1,38.36993209397159
CDS1,15.04163143047999
CDS2,46.33242492354531
CDY1,0.256335927830294
CDY1B,0.256335927830294
CDY2A,0.04923577690024244
CDY2B,0.04923577690024244
CEL,13.811041131103188
CEPT1,4.543575465235852
CERCAM,27.49254141057942
CERK,74.23500646687094
CERS1,39.22604670222777
CERS2,29.475102851948904
CERS3,0.23178325499294883
CERS4,30.926738517999276
CERS5,126.39060393811208
CERS6,10.392280718700357
CES1,0.11079267260803992
CES2,34.84097271012774
CES3,4.5534442923091865
CES5A,0.02944959559026746
CFTR,0.009689184013364478
CH25H,3.9525214030980456
CHAT,0.014545141103376102
CHD9,15.25643408281182
CHDH,14.06983984341187
CHEK1,0.23783775226920145
CHEK2,0.23503724220661282
CHFR,10.526620357342123
CHI3L1,413.85987223130843
CHIA,0.020522700757832205
CHIT1,0.06761100712788633
CHKA,7.363592113221552
CHKB,110.09896756301706
CHMP4A,36.52865554345195
CHPF,45.94199468218988
CHPF2,9.229846658384488
CHPT1,15.855836659823707
CHST1,13.214322602229664
CHST10,18.119413003529765
CHST11,4.3553660717582785
CHST12,14.791695674094797
CHST13,0.1279905302411138
CHST14,0.42454852888133754
CHST2,18.910033053740953
CHST3,10.515414035268243
CHST4,0.02226550981150046
CHST5,4.70030600283541
CHST6,3.466684262684944
CHST7,5.482274463992209
CHST8,18.687083812410968
CHST9,0.14701247751571092
CHSY1,6.516472359023108
CHSY3,0.04117756423847708
CHUK,1.075738908373178
CHURC1-FNTB,3.2507362769424972
CIDEA,0.04360215139240905
CINP,0.7069930990302907
CIT,28.847168250461806
CKB,3013.914265325514
CKM,3.9818827540070303
CKMT1A,24.85690766228438
CKMT1B,545.8778409906544
CKMT2,2.4275985031167644
CLC,1.416608020365395
CLCF1,0.7263914554239821
CLK1,14.19851205433793
CLK2,80.65409582471993
CLK3,1.8365056734033043
CLK4,8.983102976358001
CLOCK,12.000464128185415
CLPS,10.82996424388136
CLTRN,0.5786685643266595
CLYBL,2.970700670281678
CMA1,0.7504889198679588
CMAHP,1.918988510712803
CMAS,52.43272881929219
CMPK1,457.9386967349609
CMPK2,0.7263914554239821
CMTR1,60.395800315230964
CNDP1,3.4629831383711704
CNDP2,44.96122772086519
CNOT4,12.310663268263948
CNP,68.21958787630813
COASY,826.9262080868695
COL4A3BP,6.1115302214230525
COLGALT1,70.08024498237894
COLGALT2,16.277765043512737
COMT,94.05872474341172
COMTD1,325.2521156707547
COP1,0.4785008438550989
COPA,372.96456068629476
COPB1,204.15441257078643
COPB2,57.55889730913435
COPE,405.3702092622783
COPG1,174.4676455586443
COPG2,182.1334765942289
COQ2,0.7775794474916844
COQ3,25.36469431857198
COQ5,3.456738888945936
COQ6,13.90505383108416
COQ7,0.22050336029179857
COX1,7.766401376158287
COX17,30.89974755671254
COX2,5.3369352212394165
COX3,0.33446363282071023
COX4I1,585.2503416110287
COX4I2,1.502206561171401
COX5A,195.38358154803444
COX5B,589.7710976031412
COX6A1,18.95145836032939
COX6A2,4.614619924665674
COX6B1,64.65482748765017
COX6B2,0.47454387604267867
COX6C,79.95003330778523
COX7A1,31.996107865497198
COX7A2,68.10698465126384
COX7A2L,26.359261251678127
COX7B,51.28185833125917
COX7B2,0.02151245871874076
COX7C,191.7757900693422
COX8A,590.2437105960416
COX8C,0.45393607341842274
CP,1.0724484821267983
CPA1,9.482427042843398
CPA2,2.8485975846453035
CPA5,0.3354345050980549
CPA6,0.05651024032218487
CPOX,89.10172855439833
CPS1,0.3034900050147543
CPT1A,0.2315563805036055
CPT1B,129.16584304662518
CPT1C,77.19597401935097
CPT2,46.33569358379725
CRAT,18.364519617771336
CREBBP,0.5052292337073212
CRLS1,12.138161814423984
CROT,10.936570097413888
CS,6809.194345881237
CSAD,85.82498896389677
CSF1R,0.43659370480387033
CSGALNACT1,1.7877527633652484
CSGALNACT2,18.563420704935872
CSK,26.30675177864486
CSNK1A1,35.67982324921367
CSNK1A1L,0.022455798194147527
CSNK1D,130.56599338083717
CSNK1E,6.6418341446615035
CSNK1G1,6.365107715643697
CSNK1G2,101.67205699089104
CSNK1G3,12.345213827059577
CSNK2A1,433.2960896509866
CSNK2A2,222.858236568726
CSNK2B,767.2715774815135
CTBP1,135.59966538190687
CTDP1,1.5654130347901123
CTDSP1,33.15361589967287
CTDSP2,294.17294904505883
CTDSPL,42.83939651954744
CTDSPL2,4.4874452812485774
CTGF,0.3354345050980549
CTH,6.360997547019669
CTPS1,3.7931201735617823
CTPS2,10.191332360416487
CTSA,233.47339433651769
CTSB,104.27947403012541
CTSC,0.27228482856921044
CTSD,350.7781337121219
CTSE,0.012043829112180365
CTSF,609.1476750353419
CTSG,0.04600630784508922
CTSH,8.293955829332749
CTSK,32.553549533412706
CTSL,2.5521446756642288
CTSO,7.287508880213588
CTSS,0.8344198058517023
CTSV,0.062390961055958434
CTSW,0.2579111566555338
CTSZ,7.471199634210303
CUBN,1.352933798694424
CWC27,13.447787621099497
CYB5D1,27.57191287493746
CYB5R1,21.657971488348487
CYB5R2,0.7504886320874351
CYB5R3,1892.637902803685
CYBB,1.1864258939793413
CYBRD1,6.023504530790408
CYC1,719.3844604990608
CYLD,8.274542503373162
CYP11A1,0.7172138976008732
CYP11B1,0.8426372984421979
CYP11B2,0.08105018928386314
CYP17A1,1.5270755283927155
CYP19A1,0.3354345050980549
CYP1A1,0.09396012964738187
CYP1A2,0.011817667195710582
CYP1B1,1.3686846889914548
CYP21A2,0.5158886568450869
CYP24A1,0.007506939176057309
CYP26A1,0.01323151925021564
CYP26B1,30.401150525123217
CYP27A1,32.82607260862843
CYP27B1,0.07209412237205595
CYP2A13,0.04638837469548625
CYP2A6,0.10615957210966956
CYP2A7,0.05506371127906983
CYP2B6,0.02889595120271605
CYP2C18,0.15585662405556197
CYP2C19,0.02632812429459588
CYP2C8,2.7789706458062375
CYP2C9,0.010384867874475035
CYP2D6,10.392280718700357
CYP2E1,16.350286763274383
CYP2F1,0.013929970839435852
CYP2J2,13.57649274423974
CYP2S1,0.025643683011622613
CYP2U1,14.684802195645599
CYP39A1,4.561204813707972
CYP3A4,0.6320949076185619
CYP3A43,0.07720165166845633
CYP3A5,0.3814895785793465
CYP3A7,0.06601873173287655
CYP46A1,4.799961903795797
CYP4A11,0.04109141724115733
CYP4B1,0.3106787782156285
CYP4F11,6.158120558232052
CYP4F12,0.15126164324680838
CYP4F2,0.029987165719183893
CYP4F22,0.005311657150928797
CYP4F3,0.005148678206364588
CYP4F8,0.3354345050980549
CYP4V2,42.753751570031106
CYP4X1,6.92723384707371
CYP4Z1,0.13529172355569496
CYP51A1,28.669027441965746
CYP7A1,0.10322460814755603
CYP7B1,0.35583849439486
CYP8B1,0.006869323508765457
CYTB,10.283962318241796
DAD1,390.53095958363014
DAGLA,7.905116220520375
DAGLB,22.56232627960577
DAO,61.27547182158456
DAPK1,3.642331097725871
DAPK2,2.2443419021359103
DAPK3,5.513100966209344
DARS,3744.3727375788894
DARS2,3.8081627428347598
DBH,0.43038693068923234
DBI,389.08053072060443
DBT,6.143818822350149
DCK,9.244821403638053
DCLK1,118.2131937476159
DCLK2,58.658162364061724
DCT,0.6660587063176439
DCTD,9.040639608099248
DCTPP1,17.959534542202793
DCXR,202.2740315562299
DDAH1,227.00676500243998
DDAH2,41.07916492048021
DDC,0.049764580730800756
DDO,1.8448672180050443
DDOST,340.91866420216945
DDR1,41.486846044191395
DDR2,11.033013250602197
DECR1,16.568184383175254
DECR2,29.461718315662168
DEGS1,8.323298995184828
DEGS2,50.47301079692903
DERA,27.49421310341062
DGAT1,83.01654000008928
DGAT2,0.36222229199224226
DGKA,23.66615855685186
DGKB,0.5847998509628091
DGKD,147.01754381028968
DGKE,15.879895243569578
DGKG,59.06534237497384
DGKH,16.920281751713976
DGKI,4.444071713257041
DGKQ,51.208235227841286
DGKZ,74.8790425078376
DGUOK,28.486389486704294
DHCR24,5.5185986366777655
DHCR7,19.245307542857095
DHDH,3.215672648122885
DHFR,311.6122629823815
DHODH,2.559607610809724
DHRS2,0.23532815654471248
DHRS3,9.361481027057135
DHRS4,107.07606714294917
DHRS9,0.3354345050980549
DIO1,0.016784517387000465
DIO2,1.6532709016761666
DIO3,0.42716032534156456
DLAT,481.27767990017276
DLD,915.0464753265533
DLST,509.37787391982795
DMGDH,0.8394893446610379
DMPK,91.09897891577725
DNAJC6,49.94478900630013
DNMT1,26.975255637721627
DNMT3A,7.007602339936566
DNMT3B,6.8033440975831745
DNMT3L,0.03798289307998578
DOLPP1,21.50575685494343
DOT1L,35.44805572869412
DPAGT1,23.949983322150334
DPEP1,0.01840284797967407
DPEP2,0.12176723381334288
DPEP3,0.01701362621713264
DPH5,27.348699978863912
DPM1,1209.1534740826658
DPM2,40.90544065788274
DPM3,21.236273566506682
DPYD,0.3716455223984233
DPYS,0.012190355876379002
DPYSL2,17482.52126933198
DPYSL3,79.35652811682691
DSTYK,28.58067242694327
DTYMK,23.769433572093924
DUOX1,4.43634595713221
DUOX2,0.18256718259055174
DUPD1,0.11783200419515537
DUSP1,169.91200213343245
DUSP10,2.699890741813958
DUSP11,10.079988092395244
DUSP12,14.762404381634209
DUSP13,0.014161488403500172
DUSP14,0.8271289024186097
DUSP15,1.2972747104597109
DUSP16,9.71406252108485
DUSP18,0.38376756046392857
DUSP19,0.46968853525270876
DUSP2,3.520426917951506
DUSP21,0.08186674790155296
DUSP22,9.350499233605126
DUSP23,27.982625184443734
DUSP27,0.006812422308477289
DUSP28,4.909800318774628
DUSP3,246.25124505544792
DUSP4,2.697232009467748
DUSP5,26.38552275681616
DUSP6,9.49343539009733
DUSP7,14.661066267310895
DUSP8,92.35251922231137
DUSP9,1.1423118392646567
DUT,359.31429575001096
DYRK1A,20.987095636275058
DYRK1B,18.008701878077083
DYRK2,3.169145137924349
DYRK3,0.41109068665069465
DYRK4,7.992670945335187
DZIP3,30.81879907434738
EARS2,1.132956101575933
EBP,494.5181745172899
ECH1,118.23036596514437
ECHDC2,131.01597523527076
ECHS1,125.99499240584925
ECI1,42.88223007378063
ECI2,69.47458529195558
EGFR,0.8474544466433142
EHHADH,0.9634401036204474
EHMT1,0.9961999952728909
EHMT2,3.6440148426384913
EIF2AK1,48.365920786544486
EIF2AK2,50.40025007820131
EIF2AK3,7.73263405355175
EIF2AK4,0.31943032651890296
EIF4EBP3,30.03819613188826
ELOVL1,4.759595104257227
ELOVL2,11.361504364212788
ELOVL3,0.18977620384176316
ELOVL4,23.51159167125897
ELOVL5,1.8152103957325263
ELOVL6,8.517116447143762
ELOVL7,19.3821911741012
ELP3,3.717286833114817
ENGASE,9.802557030831672
ENO1,1432.9529405731407
ENO2,1824.1821613329423
ENO3,22.286578429249914
ENOPH1,362.2508243674526
ENPP1,0.8351437013051927
ENPP2,5.255759628806124
ENPP3,1.6402488156259267
ENPP6,0.3119000810484571
ENPP7,0.014039729318039998
ENTPD1,8.826020599717909
ENTPD2,9.603639690411658
ENTPD3,4.84992445439819
ENTPD4,25.14313375462198
ENTPD5,4.198011421350904
ENTPD6,134.93852596686133
ENTPD8,0.015505274345805667
EP300,5.5480769719516685
EPHA1,1.6818183430715408
EPHA10,1.9776360554489179
EPHA2,0.37599801277479056
EPHA3,0.2893212603013947
EPHA4,19.75635633143204
EPHA5,0.29978521431973704
EPHA6,0.7292193590152032
EPHA7,11.236708789051137
EPHA8,0.4443086780859027
EPHB1,12.356734389095354
EPHB2,0.018317345205296293
EPHB3,17.090714752856265
EPHB4,0.20738828333541504
EPHB6,11.931717137893276
EPHX1,102.81658895400903
EPHX2,18.736588651678076
EPM2A,4.1016053450945495
EPRS,56.86938612574072
EPX,2.576302795756291
ERBB2,0.12737494802168756
ERBB3,1.5343087039108063
ERBB4,7.621192505639077
ERN1,4.447935460335903
ERN2,0.015000709134752451
ESD,642.4227500175454
ETFA,1478.0027281178939
ETFB,590.473147908758
ETFDH,41.44702166819149
ETNK1,17.505842108731038
ETNK2,1.340355798910378
ETNPPL,56.659572586808814
EXT1,2.943690387691426
EXT2,14.93442769333347
EXTL1,1.3035259278641933
EXTL2,12.597988710025879
EXTL3,21.683358575508475
EYA1,0.014888574860446868
EYA2,1.0246120686757116
EYA3,3.368377725198405
EYA4,0.0029453349864847827
EZH1,283.65692991681465
EZH2,0.09054016370680189
F13A1,0.7150988633593995
F13B,0.952082265681838
F2,0.8970642635869697
FAAH,52.62496744633259
FAAH2,11.384219965560645
FABP1,0.3887111838663281
FABP12,0.07361943011456162
FABP2,0.013274035944127429
FABP3,22.052045518447436
FABP4,2.924808565836338
FABP5,2437.475672642798
FABP6,1.7276682023249172
FABP7,143.05344716060486
FABP9,1.0553661478381027
FADS1,27.49254141057942
FADS2,8.56711045077202
FADS3,3.2491150799484276
FADS6,13.869786181470026
FAH,4.793111272538096
FAM20B,19.43200846638036
FANCL,9.339519664010139
FAR1,79.7317036627855
FAR2,1.604530166974231
FARS2,1.252807728970404
FARSA,1208.1904543065298
FARSB,3.5462293127749525
FAS,3.3550290105859846
FASN,253.87420652862178
FASTK,150.91146004847207
FAXDC2,11.441043156835143
FBP1,0.5651145446607533
FBP2,1.4721666119210948
FDFT1,42.81084491903964
FDPS,32.64888802884897
FDXR,26.080723782796312
FECH,13.260959130794275
FER,5.23786901057807
FES,6.657052792872567
FGA,0.059165907065888014
FGFR1,145.0243506607471
FGFR2,44.70222609235677
FGFR3,73.45089936025649
FGFR4,12.448965486467138
FGGY,3.3063220411806657
FGR,5.421243233875942
FH,814.7540681387687
FHIT,1.1427258301729346
FHL2,0.8946735078032982
FIG4,15.807738380320645
FITM1,2.8128543415694773
FITM2,9.01008419257425
FKBP10,13.921221875135073
FKBP11,6.63945198974348
FKBP14,6.151096797175345
FKBP1A,304.17163025568385
FKBP1B,47.95801998509018
FKBP2,620.2909995900487
FKBP3,1872.904898253681
FKBP4,1053.7921811111494
FKBP5,2.4033735424645677
FKBP6,0.0813545557206382
FKBP7,8.906692042802575
FKBP8,99.73302608358547
FKBP9,24.318037815178712
FKBP9P1,0.3354345050980549
FLAD1,5.057443437329671
FLT1,22.370735229593006
FLT3,15.471759583735905
FLT4,1.390788504991119
FLVCR1,13.670228927349434
FMO1,0.00901858934821761
FMO2,0.40629065680909193
FMO3,0.1176244306660895
FMO4,0.2756299563466484
FMO5,0.8999968278628081
FMO6P,0.3354345050980549
FN3K,77.73358835675745
FN3KRP,48.9788849791928
FNTA,40.36429675821172
FNTB,35.72459828038252
FOLR1,0.2828216422244226
FOLR2,0.07907807530389414
FOLR3,0.3354345050980549
FOSL1,1.1015898119718128
FPGS,1.273292926172076
FPGT,2.591256428442081
FRK,0.026423874005899094
FRMPD2,0.789752270235092
FTCD,3.3017333970842153
FTMT,0.3764543508002139
FUCA1,10.796186152623907
FUCA2,5.185252330344357
FUK,25.848067279209705
FUT1,6.8907556934168595
FUT10,1.8216530179948738
FUT11,8.976272050470689
FUT2,2.153660062815335
FUT3,0.2353863468580586
FUT4,1.9465986973646439
FUT5,0.3435419176074299
FUT6,0.33433562982165704
FUT7,3.806281860346153
FUT8,1.0404458384831452
FUT9,49.06655977793203
FYN,237.6204789385977
G0S2,1.4510890220496053
G6PC,0.010140772835913699
G6PC2,0.018216384410824384
G6PC3,32.250915611825306
G6PD,240.7550108300535
GAA,36.33429053422619
GAD1,20.0816251642641
GAD2,8.789069470311503
GAK,9.997187588777985
GAL3ST1,1.3552944260875122
GAL3ST2,0.030555045114482274
GAL3ST3,7.163571850057342
GAL3ST4,2.0619398688817108
GALC,17.787631861118385
GALE,11.338796592583147
GALK1,194.4599007365896
GALK2,9.12891951773467
GALM,1.1289849650297192
GALNS,19.906366567134338
GALNT1,8.973001071745978
GALNT10,0.13303110029545115
GALNT11,14.589898262556542
GALNT12,75.57126729527366
GALNT13,32.70338874235169
GALNT14,0.930150060115149
GALNT15,14.341282579456458
GALNT2,11.737305455567673
GALNT3,4.0454686373140785
GALNT4,0.9626981396585967
GALNT5,3.169145137924349
GALNT6,0.22633891082771396
GALNT7,1.8676001616684197
GALNT8,0.19483398196651186
GALNT9,203.95450422224764
GALNTL5,0.43999999999999995
GALT,42.9964889513315
GAMT,46.72564066675293
GANC,8.531165355249282
GAPDH,1959.4369638618523
GAPDHS,8.042317062334442
GARS,379.0501793803568
GART,66.1912723479851
GATM,98.05418115168645
GBA,5.482186857371087
GBA2,119.456051225608
GBA3,0.004688811407729665
GBE1,3.0772119535426063
GBGT1,6.804383578368564
GC,0.1128901827185453
GCAT,363.69783009338465
GCDH,14.341282579456458
GCH1,1.0833912584043384
GCK,7.310656229146612
GCLC,6.3821190365001055
GCLM,33.89277747551186
GCNT1,5.145602460112637
GCNT2,2.6547539495992085
GCNT2P,0.3354345050980549
GCNT3,0.04425561779013502
GCNT4,0.13582081210226332
GCNT7,0.28799520148847896
GCSH,6.891797465184662
GDA,0.022945640355392025
GDE1,13.022606016879074
GDPD2,2.2520708538517265
GFPT1,149.63124817068896
GFPT2,42.35446684948579
GGCT,35.69692735876468
GGH,21.417050628709873
GGPS1,487.6997604329744
GGT1,11.16873891912526
GGT2,1.2557625587889092
GGT3P,0.02292616751580752
GGT5,34.2082401128841
GGT6,0.016791934592559534
GGT7,250.77281115335398
GGTLC1,0.5642767148917974
GGTLC2,0.05971666913110282
GIF,0.3354345050980549
GK,6.313853895365472
GK2,0.9456388863331135
GK3P,0.03480600616902685
GLA,7.3938803102108075
GLB1,15.101246108581377
GLB1L,0.7740054282026593
GLCE,2.9355088824327886
GLDC,4.600041536862072
GLIPR1,1.8067564591154575
GLO1,1427.4394859412705
GLRX,254.6406847097288
GLRX2,6.907849007407323
GLS,262.15091096651724
GLS2,102.56758983003542
GLT6D1,0.06930364432416915
GLT8D1,2.450928745747126
GLT8D2,0.4347818135218104
GLTP,19.84844658380734
GLUD1,2275.9535162761113
GLUD2,0.40712196483209667
GLUL,54.017179621926175
GLYAT,0.012372191411454174
GLYCTK,1.5891483207119186
GM2A,16.422864000193947
GMDS,20.783759512033306
GMPPA,24.823046013545213
GMPPB,28.406341420707044
GMPR,17.432459704405595
GMPR2,64.76836186240342
GMPS,144.48355793831686
GNE,15.461962827298718
GNMT,5.1060052106029366
GNPAT,46.158830033742944
GNPDA1,19.556648020513972
GNPDA2,15.915994906603377
GNPNAT1,27.942642442081734
GNPTAB,13.447787621099497
GNS,12.491790543018228
GOT1,7821.655627065636
GOT2,2905.7752157522928
GPAA1,99.6373152303964
GPAM,0.2518629110598771
GPAT2,1.0036512279539116
GPAT3,0.6582069289240687
GPAT4,1.352005973421296
GPCPD1,28.92720004091031
GPD1,4.734460990400708
GPD2,174.4281008301853
GPHN,50.6103281316248
GPI,4685.296658576367
GPIHBP1,2.446756292633648
GPLD1,16.048481036150616
GPT,9.802557030831672
GPT2,33.15361589967287
GPX1,39.91631950497447
GPX2,1.2242162081001702
GPX3,83.59295880329671
GPX4,124.08481805132041
GPX5,0.793289329058847
GPX6,2.01032323162201
GPX7,2.4093358100025455
GPX8,0.08231961082620529
GRHL1,1.1228871388564692
GRHPR,21.227179290549316
GRK1,0.02036234348302234
GRK2,4.014622265826703
GRK3,1.2623639556998993
GRK7,0.10085676855739793
GSR,245.84380511101529
GSS,274.24376059954113
GSTA1,0.03886265150365044
GSTA2,0.028865080220354885
GSTA3,3.8201241689736465
GSTA4,185.0523931128228
GSTA5,0.58469847618054
GSTK1,16.604548927092914
GSTM1,28.088785053667124
GSTM2,24.117971463797417
GSTM3,313.7603850986208
GSTM4,17.01763597269813
GSTM5,223.20749687121693
GSTO1,1007.4485842128894
GSTO2,0.9375303642007224
GSTP1,3499.7420937568545
GSTT1,68.32788843878588
GSTT2,0.6821054586163231
GSTZ1,4.037232754490983
GTF2F1,23.72860460938018
GTF3C4,2.5928352779460293
GUCA1A,0.0803580412103317
GUCY1A1,2.9663227089166733
GUCY1A2,3.0375068779381142
GUCY1B1,1.0453859436592674
GUCY1B2,0.11099710451361429
GUCY2C,0.09968775217201195
GUCY2D,0.03086631391981116
GUCY2F,0.13808747592085474
GUK1,149.398766848394
GUSB,10.059562942632633
GYG1,31.996107865497198
GYG2,9.471420899129068
GYS1,77.65389470158024
GYS2,0.18045283739898865
H6PD,29.55815243981684
HAAO,1.3892076387433654
HACD1,0.6699772991826155
HACD2,3.095013644366691
HACD3,4.330319334841662
HACD4,0.5979568033382378
HACE1,29.434952389111825
HACL1,26.149331870173736
HADH,897.6457947795361
HADHA,1076.4561263824448
HADHB,102.03674018352314
HAGH,74.87492027041165
HAGHL,27.889792232171153
HAL,0.06252983316112988
HAO1,0.019840791047971523
HAO2,0.018571706133532512
HARS,347.9768394432174
HARS2,94.8156503026277
HAS1,4.561204813707972
HAS2,0.10626103003720891
HAS3,1.913140568570907
HAT1,36.02476844101168
HCCS,10.291721957393047
HCK,0.8561835012847343
HCST,1.6671262742893422
HDAC3,2.463056160576072
HDC,0.02732442029685519
HDLBP,58.6263274462695
HECTD1,9.018265679628271
HECTD2,8.021536265171736
HECTD3,4.470796515164907
HECW1,2.6892585249839134
HECW2,7.924321293422082
HELZ2,2.3097517879988887
HEPH,3.5417780230370597
HERC1,1.6721814294265762
HERC2,0.5485875330244405
HERC3,32.21344844107827
HERC4,14.244870742282542
HEXA,35.80763321828298
HEXB,1.3082611850043624
HEXDC,0.3354345050980549
HGD,0.1317560738868581
HIBADH,31.29151322204503
HIBCH,8.796674869652577
HIF1AN,6.650839827180351
HIGD2A,11.788988408367247
HIPK1,51.31131267879129
HIPK2,22.95916978952109
HIPK3,20.370122817765434
HIRIP3,0.804950390267835
HK1,718.5315736974479
HK2,9.512542786122449
HK3,0.9597312703637986
HKDC1,1.1610913635340643
HLCS,6.037757617325585
HLTF,0.3907993312140021
HMBS,37.63348210090652
HMGCL,86.87195515711295
HMGCLL1,4.3553660717582785
HMGCR,26.20178706419955
HMGCS1,40.45264800080284
HMGCS2,0.05770153873524747
HMOX1,11.66700156611431
HMOX2,122.44767221396829
HNMT,4.55732426812664
HPD,0.2295217237452608
HPGD,0.07566786677799892
HPGDS,8.354343280591431
HPRT1,518.5839749913358
HS2ST1,7.792170465885103
HS3ST1,14.258574956237023
HS3ST2,0.2265701293399324
HS3ST3A1,0.05775383025733077
HS3ST3B1,0.3897266066183676
HS3ST4,10.13563385827293
HS3ST5,0.0823681612823969
HS3ST6,0.012846410508266569
HS6ST1,38.10394149473668
HS6ST2,0.8084321738994313
HS6ST3,0.41243643380989553
HSD11B1,27.228255551055668
HSD11B1L,33.72815966152156
HSD11B2,20.92399415159235
HSD17B1,4.315933983614907
HSD17B10,36.82053758743715
HSD17B11,134.71148854230685
HSD17B12,210.55105357043306
HSD17B14,57.92045113834095
HSD17B2,0.04091921669574453
HSD17B3,0.8431136808488393
HSD17B4,67.07651530775907
HSD17B6,7.829441433257854
HSD17B7,3.368688487483031
HSD17B7P2,7.864598606563336
HSD17B8,1.3116059653051082
HSD3B1,0.8561440324619417
HSD3B2,0.9278984217862639
HSD3B7,17.628264018131322
HSPG2,0.020178183650640374
HTATIP2,15.46838985371084
HUNK,0.36529595277130267
HUWE1,7.984751638539476
HYAL3,8.051489603040604
HYALP1,0.3354345050980549
HYI,20.646738176076052
HYKK,0.31116720017788363
IARS,1153.5702368093612
IARS2,25.939692738183933
ICK,18.563420704935872
ICMT,25.182208303393722
IDH1,18.996858404713052
IDH2,52.7433283920557
IDH3A,514.753072791213
IDH3B,490.78452756229854
IDH3G,182.9278949058407
IDI1,72.3243191683394
IDI2,0.5559906360146145
IDO1,3.009139787559683
IDO2,0.00283634423908454
IDS,153.75434876491556
IDUA,66.66028036856638
IGF1R,30.832287944553897
IKBKB,41.60045564292183
IKBKE,1.3860468370345733
IL4I1,0.105601852651143
ILK,27.78872437760692
ILKAP,45.853968293874544
IMPA1,255.00375571055991
IMPA2,2.6615434010160874
IMPDH1,52.25692757555954
IMPDH2,95.7697378941916
INMT,0.33247797482186614
INPP1,943.3611711515056
INPP4A,43.654491359088254
INPP4B,0.5581510221956565
INPP5A,67.7248775489327
INPP5B,17.46914426140774
INPP5D,4.682757213686245
INPP5E,66.01770666484725
INPP5F,6.626026539985884
INPP5J,88.42284920959612
INPPL1,6.048272401620837
INSL3,4.239172274944216
INSR,38.131925469059475
INSRR,0.5705333442334573
IP6K1,107.85168481933115
IP6K2,205.63736818725985
IP6K3,0.29923927133639067
IPMK,4.567997138514609
IRAK1,27.281077479745765
IRAK2,3.961988710782213
IRAK3,3.3403120837307614
IRAK4,2.9400922353674375
IREB2,16.277765043512737
ISYNA1,29.85017663878036
ITK,0.018951662072059765
ITPA,174.1763202399665
ITPK1,60.971889142442826
ITPKA,5.135698204166183
ITPKB,120.17203861299885
ITPKC,22.090246596881485
IVD,879.689191136496
JAK1,79.73149925375854
JAK2,11.46378608177084
JAK3,14.24676632145896
JMJD7-PLA2G4B,0.19276672646590834
KALRN,1.021613095742392
KANSL3,63.19397859900178
KARS,341.94093865341694
KAT2A,281.6802192050236
KAT2B,57.664887612480044
KAT5,35.53097956622173
KAT6A,21.10076076205849
KAT6B,9.416423292450371
KAT7,43.25376282970997
KAT8,166.1171294035348
KCNJ11,32.94883560100441
KCNJ8,3.376204104478332
KDR,1.5439620900077866
KDSR,21.214531580444532
KHK,11.989001568281255
KIT,20.823100029989714
KL,0.12296283967812338
KMO,0.03686695509978893
KMT2A,48.61386492456497
KMT2B,0.3354345050980549
KMT2C,25.782654787865976
KMT2D,22.95916978952109
KMT2E,56.9893395729446
KMT5A,0.08744585611927874
KMT5B,0.052531638327043204
KMT5C,0.3350355754164824
KPNA6,99.91955368718779
KYAT1,0.41426786262502635
KYAT3,10.315561941178165
KYNU,0.012596622847023183
L1CAM,359.20737347204374
L2HGDH,3.219326801385291
LALBA,0.030436415188005616
LAP3,389.04851573631333
LARS,714.5296194994559
LARS2,8.360688892014759
LATS1,1.1937238915530881
LATS2,4.766703237047903
LBR,40.552770248962034
LCAT,81.1479564970767
LCK,0.029039411190719053
LCLAT1,1.291028683693436
LCT,0.03602328501056718
LDHA,2816.107196639613
LDHAL6A,0.40590707506133566
LDHAL6B,10.847952267467784
LDHB,845.7946904287243
LDHC,0.007037336993969624
LDHD,20.91137778874903
LDLR,1.1876787251080991
LGALS13,0.07337723046315604
LGMN,16.84732939837869
LGSN,0.059118472577440906
LHPP,175.1106909876616
LIAS,1.4620149183105753
LIMK1,31.115788882299597
LIMK2,67.57040807908811
LIPA,13.693680332963186
LIPC,0.036824691781301946
LIPE,6.362025046249385
LIPF,4.077802319249835
LIPG,2.4790345622190055
LIPT1,4.153101146151335
LIPT2,1.7753777685039376
LMTK2,18.62523455871941
LMTK3,46.737915686228185
LOC102724197,0.3354345050980549
LOC286297,0.3354345050980549
LOC344967,0.3354345050980549
LOX,1.1656906167392596
LOXL2,4.605871937289754
LPCAT1,6.433270116735594
LPCAT2,0.19573553504015043
LPCAT3,35.15808597958851
LPCAT4,16.898649191676494
LPIN1,68.91632168465792
LPIN2,21.87392488411044
LPIN3,0.9589897999277246
LPL,19.40709706352017
LPO,0.20127310659606537
LRAT,0.12692774998616546
LRP1,14.821785845854379
LRP2,0.19889660075961235
LRRK1,0.0503298710601533
LRRK2,2.761165644275486
LRSAM1,55.37366804218716
LRTOMT,3.0637572688481383
LSS,262.3131622400774
LTA4H,892.09600438374
LTC4S,1.1193264282750504
LTK,3.5715208537354934
LYN,11.657414203134556
LYPLA1,84.18352204338814
LYPLA2,86.80202683371535
LYZL1,1.4145390562382973
MACROD1,9.328698038733249
MACROD2,1.2033676878441926
MAGEA2B,0.1626710879648594
MAK,0.22524117955177542
MAN1A1,0.14707748146385288
MAN1A2,4.607744169979446
MAN1B1,3.948510555855446
MAN1C1,30.697445091563868
MAN2A1,0.767417193554682
MAN2A2,82.16917893892415
MAN2B1,12.656916006288935
MAN2C1,153.22061105058756
MANBA,21.113396751536808
MANSC1,13.272622687746523
MAOA,353.4179388933719
MAOB,55.597586581558566
MAP2K1,538.3007434030834
MAP2K2,395.7740930319762
MAP2K3,12.069283923653487
MAP2K4,72.59945298861689
MAP2K5,13.249297342746019
MAP2K6,4.422266859379004
MAP2K7,9.215397758031136
MAP3K1,4.728602822420655
MAP3K10,68.08038785679864
MAP3K11,33.577519516469415
MAP3K12,158.7512221896498
MAP3K13,5.168394722901377
MAP3K14,11.691641787510314
MAP3K15,0.0657384236954806
MAP3K2,14.886824097781043
MAP3K20,0.20179825659102824
MAP3K21,0.03839897316107535
MAP3K3,38.36993209397159
MAP3K4,39.64827615500643
MAP3K5,53.66217436159664
MAP3K6,41.78518537378961
MAP3K7,1.1522101407288552
MAP3K8,0.8875448598465511
MAP3K9,41.55784576487578
MAP4K1,1.7984897253037109
MAP4K2,22.115720314571544
MAP4K3,53.94430238902284
MAP4K5,60.64876511600046
MAPK1,617.8900049891922
MAPK10,9.27309268845375
MAPK11,130.27191895776647
MAPK12,51.32604094618678
MAPK13,7.0776630002029775
MAPK14,68.93070053222065
MAPK15,0.042430168437643107
MAPK3,220.54337788163605
MAPK4,41.50104431318058
MAPK6,23.37005911123635
MAPK7,12.069279105091264
MAPK8,25.456022405987525
MAPK9,28.35847667111023
MAPKAPK2,1.8447144493061072
MAPKAPK3,4.985561390447383
MAPKAPK5,20.671916877518907
MARCH1,3.0058774175831484
MARCH10,0.014186578928963377
MARCH11,2.6689003745852804
MARCH2,19.071334655678918
MARCH3,3.801580355445488
MARCH4,0.2056426014774641
MARCH5,14.305440282785673
MARCH6,67.6630824617934
MARCH7,77.00638161045862
MARCH8,37.89417476592727
MARCH9,37.112819212771555
MARK1,15.78369869710209
MARK2,42.690021093536195
MARK3,117.61834270650137
MARK4,20.898762738478887
MARS,287.6477002237932
MARS2,2.4930152684195
MAST1,265.7579022924889
MAST2,24.93491324398751
MAST3,0.9404852980276256
MAST4,2.637971943279809
MASTL,0.06609926995177118
MAT1A,0.018959199320622587
MAT2A,490.5947502879624
MAT2B,218.65352037289247
MATK,0.8365918168338711
MBOAT1,0.3578391455589353
MBOAT2,16.689452927633397
MCAT,14.526858512762011
MCCC1,20.445499515163828
MCCC2,25.641290954867642
MCEE,9.924462132690884
MDH1,6495.16636190044
MDH1B,1.7317722463012084
MDH2,3066.9937444716543
MDM2,0.028746147752123054
MDP1,121.84407563109015
ME1,286.55063593887064
ME2,43.59794559628202
ME3,27.75726614589456
MECR,6.4021198096069485
MED1,0.5762506036117181
MELK,0.003134205084474037
MERTK,5.61675408743304
MET,0.07909586363109528
METTL1,5.637605310979219
METTL3,105.92945893462048
MGAM,0.07676973868065755
MGAT1,48.90584331458743
MGAT2,0.40514295570537806
MGAT3,48.759816428995464
MGAT4A,28.168450403459904
MGAT4B,79.77917482306033
MGAT4C,0.28198096968361863
MGAT4D,0.02696149145334556
MGAT5,22.090246596881485
MGAT5B,8.711993230207213
MGLL,93.2823606529371
MGMT,2.576285064864624
MGRN1,63.51471697353503
MGST1,192.11326317686982
MGST2,21.374345647117195
MGST3,22.39626441159415
MIA3,21.012345400048208
MIB1,14.199548668862874
MIB2,81.22766009339479
MID1,18.66233986786881
MIF,406.0516678726296
MINK1,1.4985835773620204
MINPP1,10.191332360416487
MIOX,0.12057364910118354
MIP,0.03648688684735109
MKNK1,52.90614950201636
MKNK2,258.7332258627087
MKRN1,58.266523221322075
MKRN2,78.63632185615005
MKRN3,0.12275476360287452
MLKL,10.648146594123673
MLYCD,5.156500940035458
MMAA,2.0704034483342397
MOCS1,11.908816626844366
MOCS2,21.543793149424666
MOGAT1,0.016250927530013566
MOGAT2,0.0074202952986563
MOGAT3,0.06832763191888709
MOGS,169.2425705579549
MOK,8.917425934029522
MOS,0.09191795284698573
MOXD1,0.012260237652964965
MPC1,76.67478859515813
MPC2,43.912438326573294
MPI,18.60050476490373
MPO,0.74480653000034
MPST,1015.1339925625082
MRPL58,13.330417578133794
MSMO1,46.390314842962674
MSRA,18.798501431929704
MST1R,0.4735589899399166
MT1A,22.268668772436257
MT2A,390.33409225508166
MT3,1180.5209407678583
MT4,0.3354345050980549
MTAP,130.471530673444
MTFMT,12.253116162870441
MTHFD1,146.11725559832155
MTHFD1L,23.318629306700238
MTHFD2,8.345813961052647
MTHFD2L,2.6212083288597348
MTHFD2P1,0.3354345050980549
MTHFR,12.023394912349309
MTHFS,8.7640882944215
MTMR1,6.717540435675082
MTMR14,27.49254141057942
MTMR2,0.9045139167189782
MTMR3,1.1083044083019593
MTMR6,5.794331457865128
MTMR7,11.81729059937349
MTMR8,0.2536608878257103
MTPAP,5.641905553559991
MTR,1.2485235683201508
MTRR,16.94461127368045
MTTP,0.16265648394051438
MUL1,18.69945790437352
MUSK,0.02328751946053523
MUT,0.3354345050980549
MVD,291.6787215773562
MVK,12.877060271408068
MYBBP1A,150.37060035829407
MYCBP2,0.45306729322811407
MYLIP,9.405430405293643
MYLK,0.08172189478414459
MYLK2,0.8221302018816519
MYLK3,0.037036091882704285
MYLK4,1.9843579408904086
MYO3A,0.0013552246668220706
MYO3B,0.5253617452442002
MYO5B,0.2988147677259507
NAA10,66.27527682778742
NAAA,10.999126640359714
NADK,17.591522001281344
NADSYN1,27.58514528723007
NAGA,6.623928548181257
NAGK,33.741859983292315
NAGLU,6.4041771214202114
NAGPA,8.17900525910634
NAGS,0.9500998797564066
NAMPT,383.8905730228399
NANP,2.610630293825447
NANS,78.7092058361897
NAPRT,25.164291606310147
NAPSA,2.14513864509693
NARS,3517.9337550350933
NARS2,8.467437036356243
NAT1,0.7248384428715162
NAT2,0.3821601022005248
NCOA1,50.00343294665628
NCOA2,0.7081430912232313
NCOA3,2.29589838951974
NCOA6,28.088785053667124
NCOR1,0.21084132174375222
NCOR2,3.320937401535819
ND1,0.7496282848946749
ND2,6.647572110665278
ND3,3.518721426725826
ND4,15.91921099634504
ND4L,0.3354345050980549
ND5,3.9860139175064595
ND6,2.1511623729121254
NDST1,20.144281622176344
NDST2,37.88019742273817
NDST3,5.069424835388312
NDST4,0.024005586560330774
NDUFA1,393.26176814642105
NDUFA10,177.94387914599832
NDUFA11,80.74115301208948
NDUFA12,11.688966675284451
NDUFA13,569.2455508512132
NDUFA2,10.897014284683284
NDUFA3,7.052167775784223
NDUFA4,44.817119609545934
NDUFA5,30.669985345612226
NDUFA6,46.765605042769465
NDUFA7,4.30310397531638
NDUFA8,82.21206544799878
NDUFA9,27.857587652612185
NDUFAB1,114.56774106383025
NDUFB1,75.4768083664977
NDUFB10,143.67342725470633
NDUFB2,35.6692601357811
NDUFB3,94.50393628622236
NDUFB4,151.088872050148
NDUFB5,105.20595603526202
NDUFB6,25.749907694259964
NDUFB7,161.7405227554025
NDUFB8,108.20798693763338
NDUFB9,15.026834012782292
NDUFC1,60.33521432098881
NDUFC2,60.938108202731414
NDUFS1,45.48960492660047
NDUFS2,117.15638672818038
NDUFS3,268.7964721687653
NDUFS4,67.18450093356822
NDUFS5,758.2885485003276
NDUFS6,8.248051272582394
NDUFS7,38.1568222341782
NDUFS8,56.45697773636463
NDUFV1,127.60428981375907
NDUFV2,107.95786999201097
NDUFV3,13.16771444154979
NEDD4,0.6818871332158037
NEDD4L,9.934321597786218
NEK1,13.529666426031685
NEK11,2.3633505408901128
NEK2,0.0045116882607031845
NEK3,2.7887717971064356
NEK4,14.05805832304369
NEK5,0.20427894649696024
NEK6,0.9052705171684904
NEK7,17.5473014944462
NEK8,1.0403814578026391
NEK9,4.758645753170223
NEU1,43.411115872058616
NEU2,0.07868648115252536
NEU3,2.1792591681578255
NEU4,3.425086024172691
NEURL1,0.14715923590013888
NEURL1B,1.420090197553843
NGLY1,26.346132190712137
NHLRC1,0.5580834882652355
NIT2,272.1853132321293
NKTR,206.94790740225787
NLK,9.076681647979093
NLN,39.174874131644835
NME1,2035.35184754895
NME2,281.45765578880633
NME3,228.1075025626334
NME4,115.98955818151205
NME6,0.5119975073942277
NME7,0.9209582383345138
NMNAT1,1.3671081865362709
NMNAT2,135.49553757754248
NMNAT3,2.851281460650394
NMRK1,49.6956848256951
NMT1,121.68965253040024
NMT2,10.88114800891441
NNMT,1.1772024329971171
NNT,21.088126077424075
NOL9,10.180188450179982
NOS1,2.875455921344546
NOS2,1.0351203821637216
NOS2P1,0.3354345050980549
NOS2P2,0.3354345050980549
NOS3,8.046139381000705
NOX1,0.821408265120358
NOX3,0.016773482963310007
NOX4,0.028650456808863148
NOX5,0.12619574484898316
NPAS2,14.82735650619932
NPC1,8.344535342620274
NPC1L1,1.7342354782975773
NPR1,1.4662326395522887
NPR2,84.68361985617929
NQO1,84.53827063876636
NQO2,223.1645437161652
NR1D1,286.8246098071599
NRF1,3.5114163380636882
NSD1,21.645279868652718
NSD2,0.8117852405670956
NSD3,0.8238692165195934
NSDHL,468.5774143795913
NSF,282.6201702138851
NT5C,219.5395487292714
NT5C1A,3.2165861193363687
NT5C1B,0.042347086839445
NT5C1B-RDH14,0.037698419756150243
NT5C2,91.21717538861026
NT5C3A,23.730612909264096
NT5DC3,4.599720468494485
NT5E,0.515688792200019
NT5M,11.885923707878261
NTAN1,1.521715331094747
NTRK1,0.19765371233189696
NTRK2,21.98840241460358
NTRK3,25.521291379396903
NUAK2,12.230110353090241
NUDT10,11.123465244970733
NUDT11,16.665187023181932
NUDT12,6.136670106045863
NUDT2,26.280503816646654
NUDT3,29.00760672844909
NUDT4,7.000289513624536
NUDT5,153.57003259720838
NUDT9,19.464421935327394
OARD1,6.2983743342595115
OAT,395.84442100297423
OBSL1,3.8473158947181796
OCRL,22.42179861316702
ODC1,4.2873791354299176
OGA,13.207835039605774
OGDH,560.9172729215084
OGT,483.7857666064629
OLAH,0.12249475402826446
OPLAH,14.24676632145896
OTC,0.052627223843014735
OTUD5,117.32952235045771
OXCT1,501.91922719693116
OXCT2,0.44580248780997594
OXSM,11.350149499042137
OXSR1,26.280503816646654
P4HA1,15.39992661948482
P4HA2,14.902975554089618
P4HA3,1.5972408441783792
P4HB,154.64462175640355
PADI1,0.01694706610768778
PADI2,15.579616905277003
PADI3,1.4480638550391858
PADI4,0.056926181968344744
PADI6,0.3354345050980549
PAFAH1B2,1113.0771558662352
PAFAH1B3,650.2951777519836
PAFAH2,4.983591043600177
PAH,0.3303174980112086
PAICS,231.00550528291404
PAK1,152.75715067151327
PAK2,118.00989913450495
PAK3,0.3307985455595655
PAK4,0.2842639713547058
PAK5,0.1843105272396382
PAK6,20.936611826490342
PAM,0.3325408974620251
PAN2,163.77537165674067
PANK1,9.16415040148158
PANK2,15.831784369986638
PANK3,45.36463073225065
PANK4,23.10027113394969
PAOX,3.741101640078084
PAPOLA,8.131219201042589
PAPOLB,0.011447740450173162
PAPOLG,8.854295364218055
PAPSS1,70.58447507877996
PAPSS2,6.7752884785540815
PARP1,62.439704514696295
PARP10,2.011089660146219
PARP11,2.1060154996610385
PARP12,0.7729735384086625
PARP14,4.4614631318261315
PARP15,0.022980698648574296
PARP16,16.434965592539307
PARP2,59.17502172752896
PARP3,22.656402870242932
PARP4,0.8299015808397082
PARP6,99.76944005526673
PARP8,1.7317722463012084
PARP9,4.315933983614907
PARS2,2.0365851171488103
PASK,9.658823892010378
PBK,0.020633926979624066
PC,202.14262277997156
PCBD1,48.2201735532734
PCBD2,2.4055746934647564
PCCA,18.538705092671204
PCCB,3.0273219408417416
PCK1,0.9095390309825586
PCK2,10.908850420654963
PCMT1,1091.7485760161387
PCYOX1,45.208905470922275
PCYT1A,15.678081522539529
PCYT1B,3.925088339096414
PCYT2,31.26446760465001
PDE10A,4.404501761011605
PDE11A,0.027505150932539826
PDE1A,41.61466060875246
PDE1B,7.813469888437298
PDE1C,1.283228474622768
PDE2A,1.851509137853123
PDE3A,3.9951549840719514
PDE3B,10.593901453161388
PDE4A,32.431042200230415
PDE4B,25.808816354107496
PDE4C,0.06583183685011365
PDE4D,2.786098165766232
PDE5A,1.1918119686702862
PDE6A,0.11917508108984
PDE6B,1.3074355673564868
PDE6C,1.4782072237481545
PDE6H,0.301909954511387
PDE7A,7.184552290557968
PDE7B,1.6801847939399446
PDE8A,7.3938803102108075
PDE8B,13.330966970468037
PDE9A,11.361504364212788
PDF,0.8423885982556855
PDGFRA,3.396479998298985
PDGFRB,21.214531580444532
PDHA1,378.83104408861067
PDHA2,0.011581863502869839
PDHB,56.46486562287059
PDHX,27.37410709996085
PDIA2,1829.6364725458036
PDIA3,877.2901439483926
PDIA4,209.8319316302047
PDIA5,2.6875876455920165
PDIA6,88.67283134956203
PDK1,0.28842854112363686
PDK2,141.6660636931185
PDK3,1.21039529365776
PDK4,27.876534726815784
PDP1,5.957405790452214
PDP2,2.875455921344546
PDPK1,3.9060779976702094
PDPR,22.052045518447436
PDXK,55.56772177504453
PDXP,20.922480109786324
PDZD4,566.5371975721546
PEAK1,10.30288681907917
PECR,74.36964588602669
PEMT,12.703207704067887
PEPD,23.26305110918159
PEX11A,4.031217912943016
PFAS,97.2253010718113
PFKFB1,0.050299215201920974
PFKFB2,1.2141703230101806
PFKFB3,81.59447025244432
PFKFB4,5.739675937900941
PFKL,115.17575577598305
PFKM,128.87231542137985
PFKP,1354.4413861051778
PGAM1,72.07437683090292
PGAM2,92.14558842160893
PGAM5,39.45635260502542
PGAP1,12.946715107134345
PGD,1439.3861607113172
PGGHG,0.02991860446325157
PGK1,128.92410604420616
PGK2,0.009134760173964373
PGLS,547.1025832246484
PGLYRP1,0.8409387559812214
PGLYRP2,13.13342928945454
PGLYRP3,0.014182994099289274
PGLYRP4,0.2601296063498426
PGM1,204.5971663938943
PGM2,81.22144394593577
PGM2L1,6.200037145692847
PGM3,158.34852583398194
PGP,299.4364025046939
PGS1,21.77225373054217
PHEX,0.4950425994438202
PHGDH,943.6234294987439
PHKA1,0.7848692510053592
PHKA2,23.75640311070781
PHKB,15.005882162035816
PHKG1,25.104069675575513
PHKG2,17.750832723741343
PHLPP1,15.928031267809079
PHLPP2,15.98823659034656
PHOSPHO1,0.198783555411686
PHPT1,193.72278192901103
PHYH,19.295064046555236
PHYKPL,11.395580699178351
PI4K2A,2.220247097342205
PI4KA,7.092553153869051
PI4KB,3.329111024693908
PIGA,10.013283053592469
PIGB,1.5673340431616942
PIGC,5.819516359029042
PIGF,2.410204922346961
PIGG,18.057892375035465
PIGH,27.096278068766267
PIGK,3.8081627428347598
PIGL,5.993998785398519
PIGM,4.151191920804922
PIGN,3.8147470929696508
PIGO,14.483258475217479
PIGP,3.1864652421475523
PIGQ,32.25422801919583
PIGS,29.166280120965478
PIGT,7.575530324995329
PIGU,1.7930570135108628
PIGV,6.2389303605539865
PIGW,2.5543393406111448
PIGX,1.5981600366683502
PIGY,0.3354345050980549
PIGZ,50.25280193676244
PIK3C2A,3.7246366994760844
PIK3C2B,9.548510120965071
PIK3C2G,0.004632595347347515
PIK3C3,0.24138039826001834
PIK3CA,14.388581068140406
PIK3CB,1.0000030546786407
PIK3CD,13.91681314513711
PIK3CG,0.18584140817599243
PIK3R1,2.951524400595206
PIK3R2,31.901101265148117
PIK3R3,66.21371198138259
PIK3R4,27.532916547255375
PIK3R5,0.06499194415811539
PIKFYVE,21.72144881829251
PIM1,36.140104669539475
PIM2,23.93706955219831
PIM3,52.87653922761358
PIN1,1407.3159066433482
PIN4,5.154519102489756
PINK1,79.68382860032342
PIP4K2A,16.16908691300647
PIP4K2B,36.07464882751979
PIP4K2C,35.75227289875772
PIP5K1A,1.0963591919600388
PIP5K1B,0.6585824233837483
PIP5K1C,264.1940631235299
PIP5KL1,1.5697552809032513
PIPOX,3.7012097752214324
PISD,21.994182721565213
PJA1,39.380773618726025
PJA2,113.09642357131288
PKLR,0.522825530531157
PKM,843.8846770016779
PKMYT1,5.249794920592308
PKN1,94.2955848548331
PKN2,10.193917607966428
PKN3,32.81243715692442
PLA2G10,0.1317034256568768
PLA2G12A,1.6016014350433008
PLA2G12B,1.1304561412675453
PLA2G15,34.93743296936622
PLA2G16,22.66462316572771
PLA2G1B,1.87728532584076
PLA2G2A,1.1610913635340643
PLA2G2C,0.3354345050980549
PLA2G2D,0.02500478423298345
PLA2G2E,0.10480083352838437
PLA2G2F,0.017105401618544066
PLA2G3,0.15911430619968617
PLA2G4A,4.044796920136141
PLA2G4B,416.3944653253097
PLA2G4C,31.914670652860448
PLA2G4D,0.10489276212690989
PLA2G4E,0.016122569062324444
PLA2G4F,0.008553217762485379
PLA2G5,1.864805302795102
PLA2G6,20.53349959748688
PLA2G7,0.7818720124719016
PLB1,0.33618728285779326
PLCB1,2.172427642487496
PLCB2,0.24954042211002994
PLCB3,2.7666184666039446
PLCB4,70.84248290396448
PLCD1,31.684126615346287
PLCD3,44.220954323676644
PLCD4,2.2684025485090777
PLCE1,1.3655319975418079
PLCG1,20.665747856821334
PLCG2,0.4775006482907824
PLCH1,3.998000023788923
PLCH2,136.31436453732042
PLCL1,2.2417666038350417
PLCL2,25.92659996455648
PLCXD2,0.39786635659761904
PLCZ1,0.010838367241475558
PLD1,0.26086986745299034
PLD2,71.62173734956187
PLD3,22.93470177018068
PLD4,15.340109914082808
PLD6,88.58464605365823
PLG,0.00300832278152029
PLIN1,2.0560189245672507
PLIN2,6.253270000520947
PLIN3,8.530084528262696
PLIN4,2.1758429429405726
PLK1,2.320377105660813
PLK2,2.1511030258482893
PLK3,3.7499301485034913
PLK4,0.07864436568988081
PLOD1,8.349080028593864
PLOD2,17.553451244973846
PLOD3,8.648734667553798
PLPBP,1.3790311261442316
PLPP1,5.389883230682263
PLPP2,2.123055391477898
PLPP3,4.2032094621878
PLPP4,0.019762828557283812
PLPP5,0.0656688155578048
PLPP6,0.050042688733332445
PLPP7,1.1305815492037874
PLPPR2,0.3307009692228308
PLPPR3,0.9307949846236876
PLPPR4,0.11900942508124815
PLPPR5,0.012456429933028047
PLTP,40.537480365966495
PLXNB3,56.9893395729446
PMM1,17.296589791886625
PMM2,11.662379094642473
PMPCA,46.23151176191765
PMVK,322.2833879392141
PNCK,12.622216378632185
PNKP,31.21277621349116
PNLIP,3.832628776753397
PNLIPRP1,0.38300797335040715
PNLIPRP2,0.12285879404369192
PNLIPRP3,0.018139233522564087
PNMT,5.0664608487861065
PNP,734.9468254048934
PNPLA2,179.73712153374257
PNPLA3,0.21563269363465373
PNPLA4,3.881641626102335
PNPLA6,1.5171588762656354
PNPLA7,28.793834982225476
PNPLA8,18.922432474152707
PNPO,14.093407988036528
PNPT1,8.661409507137783
POLA1,5.013826643118153
POLA2,3.5441356663524464
POLB,114.44318841330636
POLD1,1.5403345938648574
POLD2,8.28059861964383
POLD3,0.44835012186029516
POLD4,13.517964208535599
POLE,0.7804629474909603
POLE2,0.5597046913192177
POLE3,61.147565772588244
POLE4,2.3829485637889833
POLG,34.579384298647405
POLG2,11.441043156835143
POLH,4.521456273419285
POLI,10.852493072898893
POLK,9.548510120965071
POLL,11.293404579582504
POLM,21.48040576793067
POLN,1.799316104355923
POLQ,0.1479250887084945
POLR1A,0.9636346191637537
POLR1B,0.5057250303272522
POLR1C,14.186588492087402
POLR1D,65.61397291716453
POLR1E,15.488418999373073
POLR2A,6.200089400877198
POLR2B,23.4553140809152
POLR2C,154.30568845092668
POLR2D,14.407720104994489
POLR2E,117.6686199169959
POLR2F,12.749528512340044
POLR2G,17.338519016698175
POLR2H,205.3909629174011
POLR2I,49.89365969496854
POLR2J,19.571697222057814
POLR2K,34.27691836838812
POLR2L,54.2712950842782
POLR3A,0.7488147187570611
POLR3B,1.325875972767088
POLR3C,0.8363739167270379
POLR3D,6.867843591095032
POLR3E,27.664562739065087
POLR3F,50.018095785792696
POLR3G,2.080385253999376
POLR3GL,62.522865999050445
POLR3K,11.611804376049502
POLRMT,15.972933658664868
POMGNT1,45.76865334842302
POMT1,72.01191457554037
POMT2,23.498718988301476
PON3,0.7108720318035784
POR,101.33540813724962
PPA1,2999.7729876567255
PPA2,92.87941174605547
PPARA,3.524138553584563
PPAT,12.344936898802652
PPCDC,1.2064524553962033
PPCS,37.54717766954609
PPEF1,0.03422297448647941
PPEF2,1.5310932315505634
PPIA,272.421868586153
PPIAL4A,0.086904677519015
PPIAL4C,0.086904677519015
PPIAL4E,0.05325707550422146
PPIAL4G,0.5508655238522165
PPIB,920.3998173116759
PPIC,2.98644892006517
PPID,1048.7768501381117
PPIE,9.86959420968104
PPIF,185.70426794355618
PPIG,15.600213937684542
PPIH,593.1683681849355
PPIL1,97.09696191756878
PPIL2,1.8392387729148325
PPIL3,81.57634245657331
PPIL4,5.321505923278904
PPIL6,3.0293681377418022
PPIP5K1,47.49257940108138
PPIP5K2,9.58158129525433
PPM1A,4.328854806548365
PPM1B,47.885243329302334
PPM1D,25.052000541531065
PPM1E,2.143435061128699
PPM1F,44.557467064663385
PPM1G,18.408050951479925
PPM1K,45.884201683212304
PPM1M,12.218610245435737
PPOX,25.20826381383109
PPP1CA,134.17612133655044
PPP1CB,193.92565517881096
PPP1CC,81.51470467428885
PPP1R1A,8.00442872401018
PPP1R1B,333.8211485192007
PPP1R2,76.57865556055553
PPP1R3A,0.00615784878977381
PPP1R3B,2.2830323303013444
PPP1R3C,7.739010553932519
PPP2CA,198.0269079763705
PPP2CB,119.33679179538525
PPP2R1A,812.7844237337719
PPP2R1B,35.54620607627852
PPP2R2A,111.31968025511273
PPP2R2B,10.931407441145552
PPP2R2C,61.74653772571249
PPP2R3A,1.0743116588143582
PPP2R3B,11.475160463827548
PPP3CA,2636.6569931159315
PPP3CB,65.96755135912512
PPP3CC,24.804927377017307
PPP3R1,537.3999212147502
PPP3R2,2.4370537589271226
PPP4C,59.25878434616764
PPP5C,60.33149579817037
PPP6C,213.6140058680091
PPT1,9.246335761776601
PPT2,88.92458529407037
PPWD1,49.7566519352847
PRAG1,0.3354345050980549
PRDX1,12396.752905922762
PRDX2,9549.52681323946
PRDX3,52.66934742660432
PRDX6,640.781794514025
PREP,66.97200127990378
PRKAA1,24.658906790535408
PRKAA2,9.033001636218959
PRKAB2,53.721548526521865
PRKACA,1004.2195866735937
PRKACB,397.0432649919141
PRKACG,0.023023560201848814
PRKAG2,19.220437604304184
PRKAR1A,21.230006533994384
PRKAR1B,137.13404063407768
PRKAR2A,28.96872560993983
PRKAR2B,86.8507827884518
PRKCA,20.34500792875584
PRKCB,20.88614900130088
PRKCD,1.2267680756725414
PRKCE,18.947235518534182
PRKCG,19.718884387372484
PRKCH,1.8814485198587478
PRKCI,7.896787051757498
PRKCQ,0.7052429947242308
PRKCSH,336.9705147969341
PRKCZ,91.24534395942177
PRKD1,0.23442536785810472
PRKD2,3.866549315441569
PRKD3,3.9137463782862074
PRKDC,1.8026703710058418
PRKG1,0.3276049249321256
PRKG2,0.1299680758229535
PRKN,0.21524163632635238
PRKX,4.3332380150427525
PRKY,0.003444225848225281
PRODH,165.7564861864559
PRODH2,0.016449309441125902
PRPF19,800.0323870793993
PRPF4,202.97295535991987
PRPF4B,99.52925765763266
PRPS1,1077.2688124938018
PRPS1L1,1.6993128857058533
PRPS2,4.12352519250109
PRRT2,1354.0924803123353
PSAP,68.01191395598521
PSAT1,1061.5386775614515
PSKH1,12.425896627715007
PSKH2,0.11813839957802594
PSPH,868.9144293326232
PSPHP1,0.3354345050980549
PTDSS1,17.677273922212382
PTDSS2,63.20924550180226
PTEN,18.836089057483267
PTGDS,1209.9236404452756
PTGES,5.551915286684016
PTGES2,117.68564614821477
PTGES3,3650.6934045774083
PTGIS,1.290237697428215
PTGR1,106.68478994615123
PTGS1,0.3752600464929657
PTGS2,0.5450087007611026
PTK2,4.129125256023737
PTK2B,150.91146004847207
PTK6,3.9733546314677364
PTK7,0.47015563215952183
PTP4A2,1.9416051868451265
PTP4A3,47.7833880531367
PTPDC1,5.081283769616629
PTPMT1,22.057828940482715
PTPN1,33.5653507493314
PTPN11,30.73481153756051
PTPN12,7.0913865044383355
PTPN13,4.242046543903994
PTPN14,0.5895687963456672
PTPN18,161.08050495514274
PTPN2,19.713122195702336
PTPN21,7.774097491259427
PTPN22,0.4731651343461749
PTPN23,39.05047228172917
PTPN3,4.43634595713221
PTPN4,19.906366567134338
PTPN5,2.0306768084594853
PTPN6,0.9286752078545765
PTPN7,0.03933232751085354
PTPN9,0.6933404285041074
PTPRA,1.7749642827581087
PTPRB,9.372465042656847
PTPRC,0.3710789545146137
PTPRD,90.2703440863077
PTPRE,4.757906155624817
PTPRF,14.518790076427122
PTPRG,7.162523105894318
PTPRH,0.11545943634891175
PTPRJ,1.0029040117255072
PTPRK,3.1545724344576227
PTPRM,9.968855533131997
PTPRN,92.72752502470496
PTPRN2,17.701787668652752
PTPRO,0.14722712190414194
PTPRQ,0.3354345050980549
PTPRR,15.495716705471887
PTPRS,103.31489915489487
PTPRT,0.6674514551514895
PTPRU,23.975814464474983
PTPRZ1,47.623405404972914
PTRH1,0.8029486055789292
PTRH2,326.72217169616073
PTS,16.350286763274383
PUS1,7.793247082470689
PXDN,0.221326138314709
PXDNL,0.12363950606555105
PXYLP1,0.3900283303635837
PYCR1,12.287638846519249
PYCR2,351.84269517474337
PYCR3,18.52640291410028
PYGB,2147.0856123448666
PYGL,7.867796059464614
PYGM,12.333695118819504
PYURF,0.6402221518630032
QARS,175.12150876070618
QDPR,1699.3063744928786
QPCT,1.0977941398306137
QPRT,4.326507250733905
QTRT1,165.57621529256312
QTRT2,3.0803803903498332
RAD1,1.6719805717740266
RAD18,4.872485715037121
RAD9A,36.12624112226815
RAF1,1.2054126649386132
RAG1,0.01944643755677441
RALBP1,39.422990087931076
RARS,337.23609164118886
RARS2,14.935246051272488
RBBP6,1.3151153209867708
RBKS,1.3560814595491766
RBP1,224.29317540215192
RBP2,0.11258364818503587
RBP4,0.17751101017930376
RCHY1,21.4423888113348
RCL1,7.484151013400063
RDH10,2.607105922647797
RDH11,489.72412612090164
RDH12,0.19748433174071767
RDH13,5.913243046507156
RDH14,18.14144955032237
RDH16,2.287338290647704
RDH5,16.738002989204993
RDH8,0.3354345050980549
REG3A,0.3364967117730733
RENBP,3.2586540250968796
RET,1.17950713390381
REV3L,47.39086878471565
RFC5,44.920068519009625
RFK,16.30260732180629
RFWD3,8.45664380269104
RGL1,33.85149707494192
RHAG,0.3012257575781964
RHBG,15.543650110523634
RHCG,0.46216024267057654
RING1,140.7190707103702
RIOK1,0.7736377630597681
RIOK2,0.28608582653738396
RIOK3,31.562190777679945
RIPK1,12.399021772909393
RIPK2,1.5912453393154524
RIPK3,2.286448347298951
RIPK4,0.4052040042194724
RIPOR1,1.8350848174091228
RNF103,108.55519634107132
RNF115,47.59432759690354
RNF123,28.447584797941087
RNF125,0.24045835753247516
RNF126,54.49443974219433
RNF128,0.5130252080222878
RNF13,29.44833482794574
RNF130,39.09953017542145
RNF133,0.22201113482753534
RNF138,13.834533990671398
RNF139,14.982057471516862
RNF14,26.0051736954227
RNF144A,153.75434876491556
RNF144B,5.475264900954481
RNF146,198.9203122659426
RNF149,30.643536514219058
RNF152,20.772684541706504
RNF167,117.39746906248762
RNF180,1.7399853656773325
RNF182,16.410763945521577
RNF185,37.46129166385679
RNF187,294.3719964388941
RNF19A,30.360785171233285
RNF19B,17.885827056290204
RNF2,5.279531931486581
RNF20,4.021889121176072
RNF216,26.11000237805731
RNF217,4.683731849322253
RNF25,40.24070135795468
RNF31,39.91609030934169
RNF40,3.5344652077884606
RNF41,56.689537758755925
RNF5,70.9047691028743
RNF8,9.97995921838331
RNGTT,8.236447984252967
RNMT,101.62524912705503
ROCK1,9.270687805001726
ROCK2,33.43444521339963
ROR1,0.5319877882215956
ROR2,0.0022216590480261464
RORA,15.04163143047999
ROS1,0.008027137124207153
RPAP2,16.981116853534093
RPE,100.08880926954693
RPE65,0.06657996344587686
RPIA,29.502001209577926
RPL14,957.3266243750423
RPN1,294.7334459575115
RPN2,189.84137296869753
RPP14,56.394151372140925
RPS6KA1,33.71172332440604
RPS6KA2,12.982112858106628
RPS6KA3,3.426953213541283
RPS6KA4,4.69357987808319
RPS6KA5,12.784288180586756
RPS6KA6,3.8788110456998077
RPS6KB1,4.0149836519856485
RPS6KB2,59.76017155014663
RPS6KC1,0.5954740656117979
RPUSD4,2.0127780873964625
RRM1,29.10474691249943
RRM2,0.05194815877094673
RRM2B,9.791487653858482
RTCA,27.70428622116197
RWDD2A,16.036429021757243
RXRA,11.214044265240602
RYK,11.304749638330733
SACM1L,25.97897789621242
SAE1,179.95842948062335
SAP130,1.5382251913915603
SARDH,0.9208391711110481
SARS,403.1179362139106
SARS2,20.88614900130088
SAT1,230.39539957801134
SAT2,234.02592010990026
SBK1,85.22986213892027
SC5D,13.202667900008517
SCARB1,29.67599651306764
SCARF2,2.6715542715711615
SCD,180.2857352522416
SCD5,230.96798809951903
SCLY,6.303503360701301
SCP2,91.82070771461713
SDC1,0.5435305591386819
SDHA,410.1896073492187
SDHB,216.74121779364606
SDHC,14.680285098428243
SDHD,2.1352854801674597
SDR16C5,0.23958254458392983
SDR42E1,0.07273099356533358
SDR42E2,0.19680706002021475
SDR9C7,1.6483855387392135
SDS,16.8108736265501
SDSL,3.84769820732916
SEC11A,82.9496842177887
SEC11C,5.45133122389874
SELENOI,0.1784505883933933
SEPHS1,699.7528531468324
SEPHS2,35.53097956622173
SERPINA1,0.4796051657164225
SERPINA3,187.07548010098498
SETD1A,0.778537878110545
SETD1B,38.804599608972474
SETD2,0.10565825479839464
SETD5,126.66593800692334
SETD7,3.5253467358883945
SETDB1,0.6646500974677798
SETDB2,6.104008562262294
SETMAR,3.336634596665499
SFXN3,11990.324026287672
SGK1,14.839246739675902
SGK2,0.856910617167855
SGK3,2.566634880589593
SGMS1,6.558798690425288
SGMS2,1.1572610506063046
SGPL1,59.11770524183164
SGPP1,18.612868953505917
SGPP2,14.518790076427122
SGSH,5.7053729502986
SH3RF1,1.5560434710571647
SH3RF2,0.03924685955806166
SH3RF3,0.5888871097334738
SHMT1,202.44047289062982
SHMT2,776.0880126533885
SHPK,10.024395253315774
SHPRH,4.450833650569212
SI,0.01047325827860431
SIAE,21.31574962585993
SIAH1,4.3919679553610695
SIAH2,22.447337830566187
SIK2,17.37134835988528
SIK3,13.430511031696737
SIN3A,6.765962261975141
SIN3B,0.5210321472915846
SIRT1,20.634150810445483
SIRT2,127.28581695992318
SIRT3,24.63612127418033
SIRT5,11.908816626844366
SIRT6,30.53576842958275
SIRT7,37.62875753990243
SLC10A1,0.07590717024694224
SLC10A2,0.058748703153154044
SLC10A6,0.056152642244729274
SLC11A1,3.4546581031602273
SLC11A2,17.726307270931542
SLC12A1,0.5597046913192177
SLC12A2,5.76332736235814
SLC12A3,0.008023887665163066
SLC12A4,0.49310543176309396
SLC12A5,252.12886255953285
SLC12A6,0.19133988348181155
SLC12A7,1.3521301127017662
SLC13A1,1.3898493503991496
SLC13A2,0.9791894450655247
SLC13A3,4.615592099927921
SLC13A4,0.3292690012282771
SLC13A5,4.342856520689577
SLC14A1,4.4083595552353545
SLC14A2,0.0060896185335774285
SLC15A1,0.09490302837853704
SLC15A2,7.401262420149173
SLC15A3,3.400168771868148
SLC15A4,22.831025463015862
SLC16A1,26.747044789397265
SLC16A10,1.768783842236582
SLC16A2,14.50694454121617
SLC16A3,4.9215940636791995
SLC16A7,0.7059462020260706
SLC16A8,1.2606541779777052
SLC17A1,0.016751345628207348
SLC17A2,0.014797084619435076
SLC17A3,0.0480606884147512
SLC17A4,0.2900450074472196
SLC17A5,12.472041719861492
SLC17A6,0.08314563855390271
SLC17A7,558.9689834465906
SLC17A8,0.023326127399307364
SLC18A1,0.058656845323138175
SLC18A2,5.256753860386286
SLC18A3,0.005913454676413083
SLC19A1,5.266697959206949
SLC19A2,16.640927210687682
SLC19A3,3.0058774175831484
SLC1A1,12.483582599254344
SLC1A2,66.35224675677492
SLC1A3,346.8836643157136
SLC1A4,5.409678043418024
SLC1A5,0.7926211911042528
SLC1A6,30.980732627368155
SLC1A7,0.5712113204265097
SLC20A1,51.42915921958617
SLC20A2,47.2746741637177
SLC22A1,0.014596267273953637
SLC22A10,0.10034501076203277
SLC22A11,0.029051580567086743
SLC22A12,0.009138083102684678
SLC22A13,0.04825517576675419
SLC22A16,0.007942725098091635
SLC22A18,0.40341531894673877
SLC22A2,0.0019074460402992556
SLC22A3,0.739131893943549
SLC22A4,1.892280256560727
SLC22A5,68.09585210378872
SLC22A6,0.6238243733887097
SLC22A7,0.7398408138744601
SLC22A8,0.014383984440284193
SLC22A9,0.02296122067941982
SLC23A1,0.40041595739705566
SLC23A2,67.06109123578949
SLC24A1,2.801254584753513
SLC24A2,6.206175389746477
SLC24A3,11.737305455567673
SLC24A4,0.16484293523992646
SLC25A1,499.7466155132662
SLC25A10,7.061967341293015
SLC25A11,1450.8772806099773
SLC25A12,1032.5686887558543
SLC25A13,69.81395869401209
SLC25A14,18.835665994132288
SLC25A15,0.7768644165372552
SLC25A16,6.556732895599991
SLC25A17,9.370389854796278
SLC25A18,41.79940119647665
SLC25A19,2.8924886318518896
SLC25A2,0.20461971350113914
SLC25A20,6.54640560553173
SLC25A21,0.014931964460106816
SLC25A22,142.26287957261303
SLC25A26,3.677825740838463
SLC25A27,183.21652617460646
SLC25A28,150.91146004847207
SLC25A29,45.26372175023778
SLC25A3,1886.1377914197415
SLC25A37,9.924462132690884
SLC25A4,1108.34478162768
SLC25A5,1895.1310985302234
SLC25A6,243.2409223327505
SLC26A1,3.654467319251636
SLC26A11,8.884762533429235
SLC26A2,13.471172816471695
SLC26A3,0.06798660761152839
SLC26A4,0.03406662256622469
SLC26A6,12.93510146939032
SLC26A7,0.03472232304260287
SLC26A8,13.260959130794275
SLC26A9,0.116386441478725
SLC27A1,16.099541596503993
SLC27A2,3.144560427918574
SLC27A3,24.84391083187261
SLC27A4,3.447693753219995
SLC27A5,3.1919381277606056
SLC27A6,0.06403625466536879
SLC28A1,0.008189898090530917
SLC28A2,0.07739374698030137
SLC28A3,0.013100574565399174
SLC29A1,39.25417105329095
SLC29A2,72.91852897415049
SLC29A3,1.7145465682778487
SLC29A4,6.157098815526277
SLC2A1,95.10657993676124
SLC2A10,0.8787733149644025
SLC2A11,36.65369878628142
SLC2A12,9.098535266504266
SLC2A13,1.6248082217014408
SLC2A14,0.055653092470623715
SLC2A2,0.0042017018610797105
SLC2A3,92.90696818942423
SLC2A4,1.917317356056386
SLC2A5,0.8416636232795746
SLC2A6,7.6137730067817095
SLC2A7,0.02769435809366143
SLC2A8,24.973931830613907
SLC2A9,0.028343178527411753
SLC30A1,14.708544742312503
SLC30A6,5.4262413559380995
SLC30A7,21.562511135419335
SLC31A1,5.5404130524464374
SLC32A1,3.111832338010405
SLC33A1,757.3669754970622
SLC34A1,0.052920680058348275
SLC34A2,3.145470383458274
SLC34A3,0.19258324916222996
SLC35A1,76.13844797211921
SLC35A2,5.900560378443458
SLC35A3,4.48660471669334
SLC35B2,0.862625666511287
SLC35B4,16.908119252238404
SLC35C1,4.995415138525092
SLC35D1,7.860335684752982
SLC35D2,3.707761880184293
SLC36A1,82.44081060682987
SLC36A2,0.007877897799743126
SLC36A4,16.24152505312038
SLC37A1,7.17091380047155
SLC37A4,17.73856926635135
SLC38A1,69.6453205512611
SLC38A2,85.72843342094697
SLC38A3,24.739978431012613
SLC38A4,0.5616960912328457
SLC38A5,8.636117520498093
SLC39A7,24.913592862413932
SLC3A1,1.0163685462980083
SLC3A2,96.0055534497786
SLC40A1,2.664478224276412
SLC41A1,45.81197808545514
SLC41A2,6.159142330174666
SLC43A1,3.3191760856295778
SLC43A2,20.33245248857548
SLC46A1,15.675598333905041
SLC47A1,1.9390619053872618
SLC47A2,0.1586792782138069
SLC4A1,0.8948659245618231
SLC4A10,22.115720314571544
SLC4A2,5.270676505892346
SLC4A3,49.0373318405728
SLC4A4,45.9564448918049
SLC4A5,6.525759454973015
SLC4A7,0.31727392979184255
SLC4A8,1.8398884822030137
SLC4A9,0.11432817147604539
SLC51A,0.6293359765996187
SLC51B,1.119078893521878
SLC52A1,0.06368916266753107
SLC52A2,49.06655977793203
SLC52A3,8.832544160825673
SLC5A1,0.028844820935662194
SLC5A10,0.05710845598283799
SLC5A11,1.4861995922970044
SLC5A12,0.019261111608825137
SLC5A2,0.3821221166479263
SLC5A3,0.1255683507315296
SLC5A5,0.927937933133864
SLC5A6,57.454570062240386
SLC5A7,0.07302190367296232
SLC5A8,0.026635533186240273
SLC5A9,0.36328815654556307
SLC6A1,60.002179049371975
SLC6A10P,0.3354345050980549
SLC6A11,12.253116162870441
SLC6A12,11.214044265240602
SLC6A13,1.4590559674164707
SLC6A14,0.3354345050980549
SLC6A18,0.020564936803086797
SLC6A19,0.012309195824508755
SLC6A2,0.05126577654728052
SLC6A20,0.10115851731581768
SLC6A3,0.11152113387915114
SLC6A4,0.20200967624018537
SLC6A5,0.47572620481161143
SLC6A6,1.7048175987633867
SLC6A7,204.32826779123428
SLC6A8,105.21225018691531
SLC6A9,7.6222525357716915
SLC7A1,20.583814594208075
SLC7A10,4.13306183866348
SLC7A11,10.314053767715071
SLC7A2,4.159784626657061
SLC7A3,0.014798249915091845
SLC7A5,32.25873349000277
SLC7A6,12.96994777230782
SLC7A7,0.39372926352502485
SLC7A8,33.86520602226476
SLC7A9,1.1031087130265134
SLC8A1,1.2575459178483837
SLC8A2,192.05721121748596
SLC8A3,0.9036648514944324
SLC8B1,9.614672166733932
SLC9A1,24.67505887718067
SLC9A2,0.3186932545995214
SLC9A3,4.605871937289754
SLC9A4,0.0030908233678566175
SLC9A5,39.94429934422015
SLC9A7,1.9198241821826456
SLC9A8,13.121134714491975
SLCO1A2,3.233036243718877
SLCO1B1,0.5745214485775751
SLCO1B3,0.04767210311424515
SLCO1C1,1.5359168761523334
SLCO2A1,0.9857446292474414
SLCO2B1,18.35351943556511
SLCO3A1,6.0897285995017185
SLCO4A1,70.76463843509427
SLK,35.83027703604342
SMARCD3,157.1420824879618
SMG1,3.95808159327052
SMPD1,57.049332634731144
SMPD2,4.262740818134859
SMPD3,28.274731329761792
SMPD4,21.56497859298609
SMS,250.3717037875151
SMURF1,11.304749638330733
SMURF2,15.663595098388658
SMYD3,7.352361062599568
SNRK,48.13276165139745
SOAT1,3.149275110416574
SOAT2,0.016751345628207348
SOD1,2606.097964780745
SOD2,27.91631050329884
SOD3,8.00442872401018
SORD,4.188449071832579
SPCS1,81.57851606052691
SPCS2,205.0519386102881
SPCS3,356.20525992896535
SPEG,34.15331462183172
SPHK1,0.37095307078933226
SPHK2,3.110241303606867
SPR,82.0817175729321
SPRYD3,137.0468007875455
SPTLC1,23.53593273253775
SPTLC2,1.3596695719824663
SPTLC3,0.23242181303634074
SQLE,0.4101343426839493
SRC,6.837262809276793
SRD5A1,6.9908892440039025
SRD5A2,0.3354345050980549
SRD5A3,2.200631468449867
SREBF1,24.98694036360727
SRM,361.3159169549522
SRMS,0.6087108485529438
SRPK1,9.096819889591421
SRPK2,33.687064455245306
SRPK3,38.11793303902175
SSH1,25.260388767557103
SSH2,9.460416960631425
SSH3,91.71723994933973
SSR4,217.56006442225004
SSU72,194.6491685920058
ST3GAL1,4.729579096878316
ST3GAL2,12.610653488705863
ST3GAL3,18.25488514920508
ST3GAL4,4.846983013420601
ST3GAL5,26.924872991123067
ST3GAL6,12.518216274835792
ST6GAL1,3.699338112425628
ST6GALNAC1,1.8042757526169653
ST6GALNAC2,0.28462453420323064
ST6GALNAC3,2.007073261739747
ST6GALNAC4,16.653056355076934
ST6GALNAC5,0.006891473761247108
ST6GALNAC6,207.13524439559959
ST8SIA1,8.684881626064383
ST8SIA4,0.21077015782680805
ST8SIA5,32.47186912590132
STAMBP,16.74640227671842
STAMBPL1,4.66911599011291
STARD3,77.84435345208172
STK10,3.2599109057270144
STK11,79.92223100692637
STK16,1.2056365629792063
STK17A,11.577617263103113
STK17B,0.9879799093149707
STK19,19.418272391719473
STK24,16.21737280276069
STK25,6.625870977411207
STK26,0.629690691282171
STK3,2.710743148270927
STK31,2.213472074464864
STK32A,19.706396466686588
STK32B,0.8554564918796033
STK32C,9.175094154442547
STK33,2.231470515551725
STK35,23.048944306865344
STK36,36.084655986049526
STK38,26.11468679648544
STK38L,10.82996424388136
STK39,37.91659916844229
STK4,1.1450501725761766
STRA6,0.037671538913814064
STS,2.868289450052476
STT3A,5.2383972224576825
STT3B,43.411115872058616
STUB1,111.04488844132862
STYK1,0.014661138030713347
STYXL1,19.183143101305046
SUCLA2,267.33419420501576
SUCLG1,447.9292916540523
SUCLG2,291.16836580762094
SULT1A1,80.24029171473222
SULT1A2,4.790175804412172
SULT1A3,0.938268947289449
SULT1B1,1.5681410507874611
SULT1C2,0.6190085974986291
SULT1C4,7.937129137451316
SULT1E1,0.04217047887436771
SULT2A1,0.06536500015230319
SULT2B1,0.35708867471538214
SULT4A1,132.5756602968388
SUOX,11.16873891912526
SUV39H1,10.224776696427956
SUV39H2,4.385221536158574
SYK,0.03779885145551095
SYNJ1,0.4331231814606238
SYNJ2,0.031687941530546486
SYVN1,1.81169762366677
TAF1,19.456925378050553
TALDO1,115.4128408446316
TAOK1,5.0539380609569236
TAOK2,56.56969347139841
TAOK3,35.71076235736168
TARS,155.73915192057564
TARS2,3.079856567913262
TARSL2,42.129552816369255
TAT,0.019799016125288664
TBCB,208.25877272619235
TBK1,1.2578575469323283
TBL1X,8.935770549626756
TBL1XR1,12.30209844078192
TBXAS1,0.09480513979524377
TCIRG1,13.6515300070718
TDO2,0.036270215787805926
TECR,394.0989390561723
TECRL,0.021759215062976265
TENT2,0.15316461371698084
TENT4A,0.45357387630786017
TESK1,44.990021596314534
TESK2,9.460416960631425
TFRC,94.38562015840535
TGDS,9.26272508905124
TGFBR1,16.762287134754835
TGFBR2,7.309603802370296
TGM1,11.84016068452573
TGM2,101.14201130557507
TGM3,0.14813996216243733
TGM4,0.179230689562659
TGM5,0.026847482832290444
TGM6,0.018105422639918517
TGM7,0.023550704393588088
TGS1,12.703207704067887
TH,0.3942180720015461
THNSL1,2.8235691372742906
THTPA,7.170844987336888
TIAM2,5.064485023828045
TICRR,0.0260054129444607
TIPARP,9.924462132690884
TK1,2.4554729501916266
TK2,13.96386753028277
TKFC,17.655218887752373
TKT,83.5288783218922
TKTL1,0.08729686126047784
TKTL2,0.011498835098823202
TLK1,16.108764508949605
TLK2,0.4570312976179575
TM7SF2,24.597194281558245
TMEM91,8.531165355249282
TMLHE,2.294230735173548
TMX3,30.630061923896235
TNFRSF21,15.855836659823707
TNIK,16.79872473031202
TNK1,20.91137778874903
TNK2,146.13502128345675
TNKS,31.034742970335447
TNKS2,45.46557843933
TNNI3K,23.125941927520756
TNS2,1.434061794943761
TOPORS,19.519241727956622
TP53RK,3.5529265566269035
TPH1,0.1352388342987498
TPH2,0.006453967556482078
TPI1,9593.172942791596
TPI1P2,0.09153186108218697
TPK1,1.0148709593754432
TPMT,22.85664442936415
TPO,0.04803388361877043
TPP1,67.29251650038039
TPSAB1,0.01160263668171782
TPSB2,0.24420132838308972
TPSD1,0.2622921109403275
TPST1,40.919604415843565
TPST2,5.487282241318807
TPTE,0.3354345050980549
TPTE2,0.9088043997737463
TRAF7,63.13291734930448
TRDMT1,2.1238606571869743
TREH,0.015786011381149625
TREX1,11.822875617100381
TREX2,0.3568385781724099
TRHDE,6.151990540661157
TRIB3,36.167834515496146
TRIM11,53.97401490741339
TRIM32,4.748144100744247
TRIM33,10.222257278735064
TRIM63,0.15650722948603604
TRIO,5.478935637978158
TRIP12,12.707383185589672
TRIT1,35.65542791186432
TRMT1,18.081882363483185
TRMT11,47.2746741637177
TRMT1L,12.90027134821387
TRMU,23.820899735435184
TRPM6,0.45243759212853923
TRPM7,24.765954485182693
TSSK1B,0.20447763106973466
TSSK2,0.0231714118888251
TSSK3,38.15991298554126
TSSK4,4.637961868083282
TSSK6,1.169525720306103
TST,17.812171917106895
TSTA3,94.63401687618861
TTC3,69.44355028513982
TTK,0.0009128683036358678
TTL,0.6887675398147715
TTLL10,0.07912629063476591
TTN,0.14899999310033332
TUSC3,3.3386683453386095
TUT1,0.6924421764371624
TUT4,0.6950417161591614
TUT7,0.1907089895411479
TXN,736.8531697862694
TXN2,50.15877916727138
TXNRD1,111.92289087094409
TXNRD2,51.67973772038513
TXNRD3,0.6334616969585226
TYMP,34.112130496842255
TYMS,4.8743123015706065
TYR,0.1046323172264974
TYRO3,123.591556523599
TYRP1,0.013996798884303161
UAP1,22.892499629497898
UAP1L1,10.920127926449133
UBA1,742.1384068897435
UBA2,222.460080740477
UBA3,108.17356666039554
UBA6,127.62241299322845
UBA7,8.10395418808963
UBE2A,58.31611589158765
UBE2B,72.05876039152146
UBE2C,0.5187421660581008
UBE2D1,9.328542319984452
UBE2D2,38.09477091098803
UBE2D3,1132.7624063681153
UBE2D4,13.354317030340507
UBE2E1,67.0919399914135
UBE2E2,4.56607277657491
UBE2E3,11.755146281670067
UBE2F,0.926029384062071
UBE2G1,14.229506556047092
UBE2G2,16.976073651870326
UBE2H,438.4919928948587
UBE2I,851.616436012833
UBE2J1,13.649961999385429
UBE2J2,35.15808597958851
UBE2K,959.3765996541085
UBE2L3,2552.9221362302064
UBE2L6,45.009101283403865
UBE2M,265.7994675260081
UBE2N,30.967232577401912
UBE2NL,0.3354345050980549
UBE2O,61.47293983203419
UBE2Q1,8.417492503595177
UBE2Q2,2.1029843924079823
UBE2QL1,77.2117770148557
UBE2R2,18.27053250334971
UBE2S,18.217920947765766
UBE2T,2.2068132351047187
UBE2U,0.023784263818109993
UBE2W,10.560251664540985
UBE2Z,73.05409497864284
UBE3A,24.64872575061041
UBE3B,18.03329423400905
UBE3C,6.89746479523893
UBE4A,4.135788662546944
UBE4B,10.328074736571642
UBLCP1,74.48201293800832
UBR1,1.5343361293408322
UBR2,9.986215673561807
UBR3,0.09763203089806599
UBR4,12.329779343048202
UBR5,1.92629011082787
UBR7,31.914670652860448
UCK1,48.77023680821227
UCK2,4.381292618871092
UCKL1,175.35865159192676
UCP1,0.09475539723031189
UCP2,1.2319535039488037
UCP3,4.691530193206916
UEVLD,6.160164131350932
UGCG,15.232541213397013
UGDH,39.29454652316075
UGGT2,1.6231843629505072
UGP2,1849.5093254688177
UGT1A1,0.5818457107151666
UGT1A10,0.14272264379251745
UGT1A3,1.0114790584917612
UGT1A4,0.0951329295757727
UGT1A5,0.4044927492424471
UGT1A6,0.17846484523713252
UGT1A7,0.817507176308654
UGT1A8,0.1293154038699776
UGT1A9,0.11549856641655931
UGT2A1,0.3354345050980549
UGT2A3,0.010279648700617459
UGT2B10,1.2536713325042186
UGT2B11,0.23720441855058141
UGT2B15,0.6704297803167216
UGT2B17,0.6033232516115735
UGT2B28,0.6936387983112186
UGT2B4,0.7544150219594951
UGT2B7,0.1550237091590488
UGT3A1,0.12021469926971337
UGT3A2,0.011998537652525421
UGT8,3.87598082148647
UHMK1,15.723627121079948
UHRF1,0.12213244550606774
UHRF2,37.7265053947843
ULK1,130.34110265029005
ULK3,283.26139714766776
ULK4,0.4775006482907824
UMPS,95.64756429731266
UPB1,0.1556940457789512
UPP1,18.62405778556462
UPP2,1.359230380916737
UPRT,3.014248749738811
UQCR10,59.01266688029947
UQCR11,47.49257940108138
UQCRB,176.68525665234566
UQCRC1,1468.314697670288
UQCRC2,3285.2544332953935
UQCRFS1,379.6959545824226
UQCRH,101.51063691453486
UQCRQ,70.15049983768554
UROC1,0.049631076330688674
UROD,57.56368214107356
UROS,14.152358078825852
USP1,31.887532872763202
USP10,9.924221878808627
USP11,288.0140505453737
USP12,27.95609605596103
USP13,4.4904748136844965
USP14,131.97412127189133
USP15,8.966379015969716
USP16,57.64986053668046
USP17L2,0.01818186062520545
USP17L22,0.04998256910149056
USP17L30,0.050968258904732194
USP17L5,0.050968258904732194
USP17L9P,0.3354345050980549
USP18,1.1305103106825125
USP19,2.4415732534131775
USP2,45.50885358300609
USP20,57.52966825735421
USP21,61.12364797792158
USP22,243.62620659625907
USP24,9.283000617512439
USP25,0.13539453644345095
USP26,0.08118014005684498
USP28,41.387481634377274
USP29,0.08228852752006045
USP3,5.389163630067457
USP30,1.2279825086251004
USP31,7.563988697734701
USP32,0.5105906434302971
USP33,89.7835231398472
USP34,31.33208920732847
USP35,11.010420179459535
USP36,34.93743296936622
USP37,1.918988510712803
USP38,5.739675937900941
USP4,4.209862296671561
USP40,0.7037066905812154
USP41,0.01834435481333142
USP42,10.931407441145552
USP43,0.32729692234221786
USP44,5.488283891393598
USP45,20.62156476891383
USP46,22.153940379651253
USP47,17.986650201829605
USP48,1.7248147690815951
USP49,10.515414035268243
USP51,2.1980648946737826
USP6,0.39398363830660715
USP7,65.88235410672799
USP8,1.0271002897738457
USP9X,9.94935230527939
USP9Y,0.004935740806712242
UST,13.635064826593457
UXS1,14.601755447769513
VARS,115.63811336238946
VARS2,411.04649242330845
VKORC1,28.900518529112272
VNN1,0.03809620152793927
VNN2,0.39710202466207445
VNN3,0.05150572226485156
VRK1,18.54598420081693
VRK2,0.5002475387676935
VRK3,16.713724918238203
WARS,526.6705483345459
WARS2,5.396374783997417
WDYHV1,8.541974923642407
WEE1,2.9391928158967744
WEE2,0.08950853536740255
WNK1,6.658430426511649
WNK2,40.11362565467218
WNK3,1.2840081284868659
WNK4,0.036951506801979755
WWOX,7.1258337618010215
WWP1,12.57597579216623
WWP2,0.1729318235264212
XDH,0.1014561948981761
XPO6,0.5776915518429796
XPO7,55.76189244887744
XYLB,1.2871275601341778
XYLT1,5.164429603577407
XYLT2,19.43200846638036
YARS,1922.4748197567455
YARS2,20.177002452265775
YES1,6.4340209395573345
ZADH2,28.23486789424973
ZAP70,0.8062729644823011
ZC3HAV1,0.6768789072209052
ZNRD1,5.684098736398506
ZNRF1,4.983591043600177
ZNRF2,1.6033877242435048
ZSWIM2,0.031885786580477034
