A4GALT,28.73242670265225
A4GNT,0.27353672932265627
AACS,14.464362820181348
AADAC,0.011979607693633963
AADAT,11.311978089773232
AAK1,5.6291609295221985
AANAT,0.003651763691152891
AARS,434.55556666535915
AARS2,9.21169176538872
AASDH,4.606578768666304
AASDHPPT,8.357535934913138
AASS,20.410436667098395
AATK,30.604549442990546
ABAT,4.300509122806913
ABCA1,8.62013993153455
ABCA3,11.353784959774877
ABCA4,0.14978298391411035
ABCA8,27.602146250299644
ABCB1,3.3419239405366516
ABCB11,0.04664320692677182
ABCB4,1.553097871375623
ABCB6,33.33544425944046
ABCC1,1.0701542647192992
ABCC11,0.006962451372290772
ABCC2,0.16177561377988822
ABCC3,0.2711649448800007
ABCC4,5.452383711353626
ABCC5,24.563060049838533
ABCC8,1.3135487763452003
ABCC9,8.699647788239067
ABCD1,21.63062639637951
ABCD2,0.3642838437288138
ABCD3,44.8080925877859
ABCG2,0.9137853873295158
ABCG5,0.020854037999842197
ABCG8,0.026673876708283938
ABHD12,16.855302307109657
ABHD5,3.6511963744082485
ABHD6,11.647236713456778
ABL1,125.84920281689936
ABL2,4.47904023985897
ABO,0.64360743336373
ACAA1,37.045959632305596
ACAA2,52.91524223871965
ACACA,17.69920720384709
ACACB,107.22903001541236
ACAD10,14.751473381326036
ACAD11,2.0225554864751234
ACAD8,36.18819231340178
ACAD9,351.848414660147
ACADL,0.34665810004956
ACADM,23.85949420041645
ACADS,34.474848361242415
ACADSB,171.73646388596057
ACADVL,1047.233400418952
ACAT1,18.770918789463835
ACAT2,6.7474490699692655
ACE,6.197858112744038
ACE2,0.04578319262797241
ACER1,0.023523702243112322
ACER2,0.27216311967939
ACER3,3.34523978783956
ACHE,7.3055558482621406
ACLY,22.445016146175725
ACMSD,0.015768970875892126
ACO1,19.661959666254212
ACO2,43.726458258678186
ACOT1,5.785263907277799
ACOT11,1.0792444364410632
ACOT12,0.09846384054416166
ACOT13,5.8672075082315285
ACOT2,21.895157220410386
ACOT4,0.5335701718353301
ACOT6,0.009586111032012986
ACOT7,19.314561783822914
ACOT8,15.865952047368994
ACOX1,3.495342215251519
ACOX2,49.6764473525058
ACOX3,8.995005467052234
ACP1,3992.845941348247
ACP2,6.298494926114874
ACP4,0.0036202735317779565
ACP5,12.111176327410831
ACP6,11.56707354207191
ACP7,0.44999467512671487
ACPP,0.027611386795606013
ACSBG1,3.727778920586481
ACSBG2,0.050900862400523494
ACSF2,6.922392582654936
ACSF3,5.411581381295286
ACSL1,13.973589915703533
ACSL3,4.987000244147694
ACSL4,2.63250079582374
ACSL5,2.501922482066892
ACSL6,0.11614740227544128
ACSM1,0.18819954456464974
ACSM2A,0.025619050470778264
ACSM2B,0.008028475516025839
ACSM3,0.1636649156204168
ACSM4,0.003754135819519562
ACSM5,5.202655126080227
ACSS1,16.959214381073263
ACSS2,26.108520665892726
ACSS3,7.013998389458602
ACVR1,17.004308890277898
ACVR1B,7.692519241210499
ACVR1C,0.02801860585319077
ACVR2A,6.85383666482543
ACVR2B,2.9401718995074533
ACVRL1,12.766303959169159
ACY1,89.02012196831424
ACY3,0.3393496388188054
ACYP1,7.770357148030185
ACYP2,1.3079658877767204
ADA,5.410125217110557
ADCY1,0.11282175931401534
ADCY10,0.06199248710763866
ADCY2,4.736202006911099
ADCY3,11.706094632220012
ADCY4,19.000921137709536
ADCY5,30.162067164237076
ADCY6,29.800936981916568
ADCY7,2.0907116973360806
ADCY8,0.10844658669179806
ADCY9,8.691690858740662
ADH1A,0.5821049402739102
ADH1B,341.45551510850134
ADH1C,3.175055862919462
ADH4,0.007570568671932581
ADH5,895.0654129304548
ADH6,0.030208961664692113
ADH7,0.12617460015366214
ADHFE1,25.03744807289851
ADI1,61.03378827296404
ADK,8.6121966693857
ADO,12.507938053188996
ADPGK,88.04405029802425
ADPRH,16.06188729910318
ADSL,434.57883062228177
ADSS,108.53217939432103
ADSSL1,2.9765875512945197
AFMID,5.789687768692246
AGA,33.148573297045616
AGK,13.695848215034422
AGL,0.8930487982029166
AGMAT,0.12102635680597065
AGPAT1,14.706365660653764
AGPAT2,45.032705408812234
AGPAT3,14.989005850567466
AGPAT4,0.8168565390774972
AGPAT5,2.5282501703062
AGPS,29.46222860120066
AGT,2.6163028151565295
AGXT,1.1981950333722313
AGXT2,0.07273189725255508
AHCY,3777.079149296245
AHCYL1,39.584749615276394
AHCYL2,19.29445091850216
AICDA,0.014711427983165465
AK1,509.29242009450104
AK2,537.8216824648886
AK3,67.33974591305439
AK4,378.56675722255744
AK5,9.916352893889629
AK7,0.1417139413791999
AKR1A1,123.20374312535512
AKR1B1,60.589387957735596
AKR1B10,0.011340561728512694
AKR1B15,0.011812872973106674
AKR1C1,2.819828062174683
AKR1C2,1.9520497545610402
AKR1C3,4.3172539099022575
AKR1C4,5.522781755496033
AKR1C8P,0.3354345050980549
AKR1D1,3.5763124860476507
AKR7A2,435.42425511680096
AKR7A3,1.070098387683607
AKT1,4.283662853117246
AKT2,2.554145773043624
AKT3,27.099265267321627
ALAD,426.85544763139984
ALAS1,21.093988979512908
ALAS2,0.07216980561404847
ALB,0.8433292230736741
ALDH18A1,93.4953141961913
ALDH1A1,575.3608012584966
ALDH1A2,2.4332426234349276
ALDH1A3,7.521795119116821
ALDH1B1,18.211930084000933
ALDH1L1,1.357815979931389
ALDH1L2,3.729137037645193
ALDH2,2075.5748500712384
ALDH3A1,0.16090791692877804
ALDH3A2,159.05046796525755
ALDH3B1,5.488862734405746
ALDH3B2,2.5826738314391022
ALDH4A1,7.576038571109092
ALDH5A1,5.945660468626078
ALDH6A1,10.531463583784657
ALDH7A1,37.4633004138031
ALDH9A1,390.41257973047703
ALDOA,4088.8920750242632
ALDOB,0.5506095590596675
ALDOC,13.947507370137721
ALG1,2.87276679167257
ALG10,0.3669219233581765
ALG11,0.71768752654835
ALG12,6.422658134151274
ALG13,12.8406033327917
ALG14,0.49560493198045
ALG1L,1.1453025491002782
ALG1L2,0.11572184748254989
ALG2,56.12529009889212
ALG3,1.9718860522562298
ALG5,23.64248314760556
ALG6,3.7155600369115094
ALG8,6.115809485851337
ALG9,5.916032671268859
ALK,1.436928436017653
ALLC,0.031149073439201876
ALOX12,0.7271772599431067
ALOX12B,0.1630395711428963
ALOX15,4.978795687342281
ALOX15B,0.006508621424364851
ALOX5,2.5516334475895244
ALPG,2.1334538652401167
ALPI,0.0029132699248284547
ALPL,0.3412679878190253
ALPP,0.12394730653401177
AMACR,183.72289941278643
AMD1,36.11928922597659
AMDHD1,0.3145162335501827
AMDHD2,25.854601942495446
AMFR,0.34154640512884227
AMHR2,0.06348622862741445
AMN,0.2843200931079557
AMPD1,0.11167496795558433
AMPD2,8.777507464191899
AMPD3,2.2245395983014307
AMT,90.28090214844329
AMY1A,2.6438139326066277
AMY1B,0.030623051879456954
AMY1C,2.6438139326066277
AMY2A,0.066884973628311
AMY2B,28.921627643403713
ANAPC11,46.85813499750793
ANGPTL4,0.7412044311490648
ANKRD1,0.5217967174766629
ANPEP,0.679471063520009
ANXA3,164.9631470251744
AOAH,0.7376929401847285
AOC1,0.0391147055319681
AOC2,1.5860170244071001
AOC3,501.6532880387167
AOX1,2.4614847711010133
APOA1,0.39974572049136375
APOA2,180.33762034675766
APOA5,0.11645175048604357
APOB,0.01732565827772354
APOC1,0.4087061424926483
APOC2,27.211319250515267
APOC3,46.87519708233557
APOE,88.29984085535001
APRT,506.48871308266763
AQP1,414.45379080730703
AQP10,0.008101686709214077
AQP2,2.053743019254548
AQP3,1.892064974004844
AQP4,0.4784399115621768
AQP5,0.15594510232184722
AQP7,0.5955646325815437
AQP8,0.03422670909535081
AQP9,0.6662584988824668
ARAF,1.3870766993398704
ARCN1,207.78843708416372
ARG1,0.016126136548445493
ARG2,0.8789431671866932
ARSA,31.355045977407798
ARSB,2.3782367056373905
ART1,12.508037072622695
ART3,6.861447677027565
ART4,0.22493474400122382
ART5,0.22505519061364565
AS3MT,7.49083166929657
ASAH1,108.03059293978535
ASAH2,0.01864416119071486
ASH1L,0.03316818114951983
ASL,245.82407807456588
ASMT,1.712501759217152
ASNS,484.1583889653443
ASPA,12.646711067640377
ASPG,0.401534826467159
ASPH,179.9996772747823
ASRGL1,1.0001160201505306
ASS1,275.013030017332
ATE1,8.825955553093673
ATIC,336.783152999516
ATM,1.5515361287756309
ATP10A,1.3521973944605559
ATP11A,4.464286501411791
ATP11C,6.588455633854291
ATP1A1,24.246451727104397
ATP1A2,363.0910937600323
ATP1A3,7.174847640631451
ATP1A4,0.25607001976950416
ATP1B1,94.70267630294694
ATP1B2,38.912311589615314
ATP1B3,30.832427549793035
ATP1B4,0.0018134573012013914
ATP2B1,14.289622877657868
ATP2B2,0.20105434277992076
ATP2B3,0.4082572402307563
ATP2B4,445.8307729529158
ATP4A,0.017315720413464405
ATP4B,0.03234567541566255
ATP5F1A,124.53265572432873
ATP5F1B,167.30632217246165
ATP5F1C,21.50971022167614
ATP5F1D,155.46511749348954
ATP5F1E,125.55773209538297
ATP5MC1,4.311892001287344
ATP5MC2,2.868050998110428
ATP5MC3,5.997867959791037
ATP5ME,117.38991896387836
ATP5MF,1.481717785000078
ATP5MG,179.57272888452187
ATP5MGL,23.718922705117464
ATP5PB,5.524565248774745
ATP5PD,6.7181129554220975
ATP5PF,4.959033242795014
ATP5PO,42.13932100131758
ATP5S,0.3354345050980549
ATP6V0A1,2.205101597274498
ATP6V0A2,0.4349103146845446
ATP6V0A4,0.5590999308309642
ATP6V0B,50.83666614291164
ATP6V0C,226.27741485895837
ATP6V0D1,316.7922318106431
ATP6V0D2,0.1314675993445951
ATP6V0E1,173.5143576811758
ATP6V1A,100.89221973970379
ATP6V1B1,1.1594746226404054
ATP6V1B2,418.7942004869683
ATP6V1C1,22.455493457452977
ATP6V1C2,0.8722122705925478
ATP6V1D,34.080520087485276
ATP6V1E1,221.80074804288773
ATP6V1E2,1.41877190029875
ATP6V1F,35.24629393503933
ATP6V1G1,52.355396995426624
ATP6V1G2,12.78340583517183
ATP6V1G3,0.2330917175245828
ATP6V1H,17.314511940840116
ATP7A,2.7253912103634184
ATP7B,2.552898555192823
ATP8A1,7.398085194897605
ATP8B1,3.23380259540186
ATP8B2,21.885699339654003
ATR,0.037593055324612865
AUH,5.205938756894235
AURKA,0.012490918459805083
AURKB,0.08673811985721358
AURKC,2.04206888483434
AWAT1,0.006148529148925697
AWAT2,0.6905945531355334
AXL,0.26915823553627566
AZIN2,0.7963414524148358
B3GALNT1,5.2590870097787645
B3GALNT2,2.4338695632070055
B3GALT1,1.8592237436610908
B3GALT2,0.5340421301746255
B3GALT4,9.284134191794044
B3GALT5,0.18870444920493273
B3GALT6,9.696627722957123
B3GAT1,0.2597769799645131
B3GAT2,0.5701363487419114
B3GAT3,40.986939847933385
B3GLCT,0.7866139610071975
B3GNT2,3.97371184447637
B3GNT3,0.04438652805475481
B3GNT4,0.10479700395827744
B3GNT5,0.5439712262809407
B3GNT6,0.01511244796491418
B3GNT7,1.4097098813088653
B3GNT8,3.9895234204691024
B3GNT9,13.721842087517999
B3GNTL1,1.448867076545206
B4GALNT1,6.123259985163155
B4GALNT2,0.08753139082536945
B4GALNT3,1.1046059577328968
B4GALNT4,14.32222410662675
B4GALT1,17.52903234147319
B4GALT2,45.444409394991744
B4GALT3,17.85621352267616
B4GALT4,4.157980759176065
B4GALT5,31.250300552218135
B4GALT6,7.067538899469369
B4GALT7,15.324506402596246
B4GAT1,2.277812689362301
BAAT,0.014018145021426513
BARD1,2.734359180400366
BBOX1,0.030429678475899436
BCAP31,1467.580172029023
BCAT1,0.7815548603878518
BCAT2,24.37957229472114
BCHE,78.91782197942076
BCKDHA,6.153237192995579
BCKDHB,12.314677626335143
BCKDK,36.46237322342959
BCO1,0.06461878427195712
BCR,0.54427955197272
BDH1,2.791498200556499
BDH2,51.11364506593745
BHMT,2.1505887987288026
BHMT2,34.5881509924649
BIRC6,5.112118809520167
BLK,0.06541959940621507
BLVRA,1123.3021269383696
BLVRB,923.0191512471536
BMP1,42.32045045923139
BMP2K,0.192687211265652
BMPR1A,14.191297957687025
BMPR1B,1.680857225973383
BMPR2,14.593514503503679
BMX,1.1556558570856426
BPGM,11.920845513150937
BPNT1,10.71319739192885
BRAF,9.075147011006953
BRAP,0.3184469232813788
BRPF1,11.512913468660193
BRSK1,20.401102303026075
BRSK2,2.079748402626838
BSCL2,42.37395650501991
BSG,103.90912207983764
BTD,6.482856555599904
BUB1,0.04276253042232282
BUB1B,0.008391303255626913
C1GALT1,4.104679442921384
CA1,0.019270804699729516
CA12,0.38681975187789935
CA13,16.22833162388677
CA14,21.22556057566906
CA2,3.1171685528312034
CA3,1.4460228667914736
CA4,4.572691183245117
CA5A,0.007702714097493635
CA5B,0.7877958550734125
CA6,10.425839500790367
CA7,0.0332696675410887
CA8,2.413196540917133
CA9,2.5788590718003293
CAD,48.53483176263226
CALM1,697.046309364768
CAMK1,21.284944602589334
CAMK1D,5.044106891129462
CAMK1G,0.5222667095701641
CAMK2A,4.235738526394167
CAMK2B,0.7810480224863867
CAMK2D,480.9249092578141
CAMK2G,63.68223800560304
CAMK4,0.9294679303007545
CAMKK1,27.483665768806834
CAMKK2,26.981192561536183
CANT1,10.079702993119197
CARM1,18.83157385191881
CARNS1,3.3179787397227334
CARS,14.025782343509599
CARS2,22.61417757105317
CASK,12.320438652141856
CAT,113.16985564959475
CBLC,0.07055063115254977
CBLL1,11.111708595298232
CBLL2,0.027434690025870352
CBR1,37.65220765597866
CBR3,160.23632546139206
CBR4,52.46298428654621
CBS,3.496249832174151
CBSL,0.3354345050980549
CBX1,167.2045082027798
CCNB1IP1,24.456798905768856
CD36,19.416238957038722
CD38,0.4177034883351156
CDA,10.680819734281462
CDC14A,3.0810906645544107
CDC14B,7.3363747331794125
CDC25A,0.0925152291687853
CDC25B,46.94539732254578
CDC25C,0.008097376727892857
CDC34,13.927427480186239
CDC42BPA,3.591625667803839
CDC42BPB,4.021742041151079
CDC42BPG,0.22473402647333884
CDC7,0.4217642066668605
CDIPT,264.35877378733255
CDK1,0.2051111061096
CDK10,31.361542445773836
CDK11A,24.679079501392728
CDK11B,27.65154124976597
CDK12,7.398085194897605
CDK13,19.434736443453655
CDK14,8.256181117644244
CDK15,0.15861087924146158
CDK16,36.556046789571745
CDK17,14.637360025415258
CDK18,16.115654680686376
CDK19,7.128821126596002
CDK2,9.003013629487237
CDK20,15.634741890938214
CDK3,9.091191265900397
CDK4,10.08983327691851
CDK5,19.505736935717966
CDK6,12.548077789639416
CDK7,81.99046141261289
CDK8,23.533120033596656
CDK9,122.48007488056983
CDKL1,1.843736399204216
CDKL2,0.7052367619655453
CDKL3,1.298482817119399
CDKL4,0.009163615152937312
CDKL5,0.603281610607974
CDKN3,0.3116119820985927
CDO1,1.9538546933792103
CDS1,0.1690908010475055
CDS2,17.547179311808577
CDY1,0.256335927830294
CDY1B,0.256335927830294
CDY2A,0.04923577690024244
CDY2B,0.04923577690024244
CEL,1.3871025762767832
CEPT1,1.737980085554781
CERCAM,37.47432358366256
CERK,18.02934726812392
CERS1,2.9161577273673713
CERS2,47.67740820938445
CERS3,0.032765067817708715
CERS4,20.59729145745208
CERS5,20.97195272421337
CERS6,4.361266779678642
CES1,88.60691863418245
CES2,25.425956254872112
CES3,0.1895594793281706
CES5A,0.005366295514413263
CFTR,0.036784134001755564
CH25H,0.6416528879050667
CHAT,0.11771026338678636
CHD9,6.175460930183293
CHDH,0.4299075929661123
CHEK1,0.8791959435691523
CHEK2,1.3995281297344322
CHFR,10.45728622210902
CHI3L1,0.1863762374887884
CHIA,0.34819723870797287
CHIT1,0.004260324146484535
CHKA,9.608162868599726
CHKB,85.0084130654345
CHMP4A,88.63149347304113
CHPF,27.158337775744812
CHPF2,9.11526758701394
CHPT1,14.488385883396742
CHST1,0.967307767752504
CHST10,7.1134912897910505
CHST11,3.6106545575985844
CHST12,18.129725208224105
CHST13,0.010990432346651919
CHST14,1.3278133802107857
CHST2,3.521762708837349
CHST3,11.891436809931857
CHST4,0.016317561784956698
CHST5,0.4655261488346235
CHST6,0.41095203712989997
CHST7,2.6055035853997173
CHST8,0.1529142524044623
CHST9,1.757814179410837
CHSY1,4.784538729203047
CHSY3,0.6119853423896587
CHUK,0.8088775065732982
CHURC1-FNTB,3.2507362769424972
CIDEA,0.024713158968910243
CINP,0.5795002260514187
CIT,8.819164787440284
CKB,4845.336607021696
CKM,12.001212432876558
CKMT1A,0.07356776077856368
CKMT1B,0.13162059009508745
CKMT2,2.891532995124228
CLC,1.416608020365395
CLCF1,4.000529702524586
CLK1,11.84820091921695
CLK2,58.53619050365783
CLK3,1.5044586335596632
CLK4,1.7302066510882599
CLOCK,5.270676843474014
CLPS,9.828993754263943
CLTRN,0.5786685643266595
CLYBL,1.877123801334287
CMA1,0.6450740720922676
CMAHP,3.6897893188196993
CMAS,42.01036534747685
CMPK1,539.3010650809829
CMPK2,1.6306903273391535
CMTR1,40.56191352229434
CNDP1,0.025538874089536447
CNDP2,14.733906690103279
CNOT4,9.834865818015139
CNP,64.21386063006626
COASY,565.3542050978882
COL4A3BP,3.3497934244494187
COLGALT1,76.00628076564888
COLGALT2,6.785408861571711
COMT,78.48051986228067
COMTD1,133.61326406836113
COP1,0.4785008438550989
COPA,194.341519954297
COPB1,129.36162808559445
COPB2,45.57826085646846
COPE,321.23611564768044
COPG1,112.17974945922396
COPG2,106.50917600209995
COQ2,1.7483804100085087
COQ3,13.695848215034422
COQ5,3.158237628045928
COQ6,12.826179257675518
COQ7,0.33064214791895474
COX1,7.766401376158287
COX17,29.051214624589395
COX2,5.3369352212394165
COX3,0.33446363282071023
COX4I1,841.8729902525362
COX4I2,7.036934989776696
COX5A,204.49456301307006
COX5B,762.8906130110388
COX6A1,27.699609762601135
COX6A2,0.3397494536040594
COX6B1,97.56234865807406
COX6B2,0.21084758955622987
COX6C,155.04041638268637
COX7A1,118.80156497882
COX7A2,64.20395392228104
COX7A2L,22.521058429508592
COX7B,76.44827613395326
COX7B2,0.3354345050980549
COX7C,270.9888600518814
COX8A,650.5260668776675
COX8C,0.22766782348571973
CP,0.053040233012570645
CPA1,0.020684394796517427
CPA2,0.3260077156250784
CPA5,0.0027927310983345477
CPA6,1.302385681046258
CPOX,91.10343447376202
CPS1,1.2490534390498114
CPT1A,0.5066794203636006
CPT1B,8.867056835784027
CPT1C,3.33260142841043
CPT2,40.121980372002426
CRAT,16.568842606683006
CREBBP,0.3333691447772022
CRLS1,14.339697909846238
CROT,10.890253544235525
CS,4259.69760543894
CSAD,55.05417357734092
CSF1R,20.457120469463828
CSGALNACT1,4.9458420212031085
CSGALNACT2,21.45146712972209
CSK,15.776949907390238
CSNK1A1,32.22452305059622
CSNK1A1L,1.680314482853118
CSNK1D,101.46481389385738
CSNK1E,5.328261471499949
CSNK1G1,3.8217051086654026
CSNK1G2,32.90619910103909
CSNK1G3,10.079702993119197
CSNK2A1,345.2050148862139
CSNK2A2,375.482661262806
CSNK2B,554.6131350739446
CTBP1,71.9861711709647
CTDP1,1.4009370671896921
CTDSP1,128.083484142274
CTDSP2,234.94806068099857
CTDSPL,40.49823119925235
CTDSPL2,2.3666314481758985
CTGF,0.3354345050980549
CTH,1.1709450335845222
CTPS1,13.220941187593448
CTPS2,10.276378737650173
CTSA,239.06325626873223
CTSB,210.27787278619766
CTSC,9.372818776281433
CTSD,351.60596399612683
CTSE,0.006666185964223717
CTSF,200.49900413267133
CTSG,1.3018279948555789
CTSH,23.45644865136988
CTSK,92.67886390583253
CTSL,8.771431933862702
CTSO,87.91934188194485
CTSS,4.2211384291070875
CTSV,0.04453472344676238
CTSW,0.9096118348996236
CTSZ,19.171316214327025
CUBN,0.7201825611721583
CWC27,15.972878072025692
CYB5D1,19.47174130201284
CYB5R1,25.144176120330524
CYB5R2,1.7974207549730579
CYB5R3,3871.2001431066174
CYBB,3.952419214016048
CYBRD1,141.7743362064221
CYC1,865.3812381267039
CYLD,4.321924675690136
CYP11A1,0.1739371069445876
CYP11B1,0.8426372984421979
CYP11B2,0.08105018928386314
CYP17A1,0.17279000155555435
CYP19A1,0.007903874136067433
CYP1A1,0.015206955147944061
CYP1A2,4.881250664873969
CYP1B1,1.3007127566273626
CYP21A2,1.1961441447888483
CYP24A1,0.004119365641914261
CYP26A1,0.09617622446888627
CYP26B1,1.077629369766259
CYP27A1,61.506144182857795
CYP27B1,0.03567168632381765
CYP2A13,0.04638837469548625
CYP2A6,0.10067139180575166
CYP2A7,0.05996477628878289
CYP2B6,0.005454217189753692
CYP2C18,0.2259625918283721
CYP2C19,0.1750227487879086
CYP2C8,0.10326795788788846
CYP2C9,0.13627582512980346
CYP2D6,0.6475198571173482
CYP2E1,8.059621715005697
CYP2F1,0.013929970839435852
CYP2J2,0.35989498810376097
CYP2S1,0.5912320278389495
CYP2U1,10.227143177699348
CYP39A1,2.16591400799248
CYP3A4,0.055282082951554117
CYP3A43,0.08579699882915265
CYP3A5,6.250177100492139
CYP3A7,0.5368755184323517
CYP46A1,0.42628471230654635
CYP4A11,0.009916845846729604
CYP4B1,0.704739581380242
CYP4F11,0.41410015146671686
CYP4F12,25.23156219916938
CYP4F2,0.00719359132523704
CYP4F22,0.05534383460506628
CYP4F3,0.002806862488433683
CYP4F8,0.3354345050980549
CYP4V2,40.43456761422108
CYP4X1,1.3085231768280998
CYP4Z1,0.022527945125845453
CYP51A1,14.406496720830104
CYP7A1,0.03268110849997824
CYP7B1,2.323376649284418
CYP8B1,0.05236391243792684
CYTB,10.283962318241796
DAD1,525.7686194330327
DAGLA,3.7162386667302494
DAGLB,13.31567108445965
DAO,1.8577966562707513
DAPK1,45.998057889825795
DAPK2,1.7897229997517043
DAPK3,12.176015360878708
DARS,3726.5446040977863
DARS2,2.767074715313791
DBH,0.445824598972673
DBI,48.10447685712431
DBT,6.497922561711391
DCK,5.94318777183967
DCLK1,49.231169305810525
DCLK2,13.419156828153264
DCT,1.072786889074081
DCTD,13.870127642093049
DCTPP1,14.611049757681764
DCXR,31.15933954356784
DDAH1,56.231284881226124
DDAH2,210.6744571798816
DDC,0.006052478122503485
DDO,2.68701971758896
DDOST,495.48290019634885
DDR1,18.06583626604593
DDR2,63.63592692740991
DECR1,32.987879737096016
DECR2,21.583452190993047
DEGS1,13.221134617988744
DEGS2,0.392604314061967
DERA,56.38902639098946
DGAT1,76.07792308914189
DGAT2,2.608678961395012
DGKA,9.851153159725738
DGKB,1.65865538629975
DGKD,15.112449491675154
DGKE,5.459675872023525
DGKG,2.9583692375838524
DGKH,4.265663351429105
DGKI,0.10751785267503795
DGKQ,10.92871957473866
DGKZ,34.36161538634277
DGUOK,20.5131509201118
DHCR24,0.960965562119625
DHCR7,3.866780195611548
DHDH,0.09537911163289331
DHFR,307.23361086272826
DHODH,3.6376730245896463
DHRS2,0.06148820392263159
DHRS3,54.15635665811697
DHRS4,243.40788614009873
DHRS9,0.05707808550055658
DIO1,0.006562856299254224
DIO2,0.05776212298045616
DIO3,0.8044258735596521
DLAT,393.0905364615451
DLD,1107.1860593662523
DLST,472.98813175498753
DMGDH,1.9586693891167413
DMPK,505.9059834493506
DNAJC6,4.29632483030371
DNMT1,6.98240259841673
DNMT3A,9.737247941740312
DNMT3B,1.251820816748511
DNMT3L,0.03798289307998578
DOLPP1,7.965589645374623
DOT1L,10.128805171051537
DPAGT1,22.046587179427952
DPEP1,0.024077415021798197
DPEP2,1.7330708492222253
DPEP3,0.05215006866394945
DPH5,41.002053472722494
DPM1,936.1746234422943
DPM2,29.720796600814428
DPM3,35.59180854933901
DPYD,13.661204079607042
DPYS,0.015834909050741322
DPYSL2,4973.662119639025
DPYSL3,383.3064161745346
DSTYK,9.147387870215718
DTYMK,13.617155640353191
DUOX1,1.9556599443430203
DUOX2,0.3559535618055822
DUPD1,0.11783200419515537
DUSP1,113.11616090236426
DUSP10,9.364750025498113
DUSP11,6.535616174189489
DUSP12,8.762068124130252
DUSP13,0.017076971331754013
DUSP14,0.8190389238698548
DUSP15,0.5994207971233669
DUSP16,6.505458018324436
DUSP18,1.6831974706781863
DUSP19,1.980966132591295
DUSP2,0.48492145421163535
DUSP21,0.08186674790155296
DUSP22,29.500619210865256
DUSP23,23.715401895142442
DUSP27,0.02054322403473299
DUSP28,2.9382234321772045
DUSP3,386.15692250040445
DUSP4,0.3367594931105036
DUSP5,4.956583280111508
DUSP6,12.629643589468163
DUSP7,7.428976644934535
DUSP8,12.689398621921573
DUSP9,0.09112032005524913
DUT,297.5002631711835
DYRK1A,20.112134626970946
DYRK1B,25.173298507296114
DYRK2,9.810444270506819
DYRK3,0.6858956283349837
DYRK4,10.259961967400804
DZIP3,11.011825885898173
EARS2,0.6064147777806318
EBP,214.16043229901283
ECH1,192.5121414551833
ECHDC2,147.16002809696852
ECHS1,155.44445840212035
ECI1,44.76223083573169
ECI2,51.31324407783277
EGFR,1.470899029952315
EHHADH,1.7826228751819169
EHMT1,0.6746769761335583
EHMT2,2.577122550592581
EIF2AK1,35.82866500998647
EIF2AK2,46.715097192010575
EIF2AK3,4.7937900182423805
EIF2AK4,0.2228993723595296
EIF4EBP3,49.03772516936138
ELOVL1,7.6534462821560325
ELOVL2,0.855685369028214
ELOVL3,0.03578548849285516
ELOVL4,3.184283542982065
ELOVL5,1.6785005603453216
ELOVL6,0.7932290639030986
ELOVL7,1.247393562967463
ELP3,2.195249621333988
ENGASE,29.001360646563217
ENO1,444.6672287025228
ENO2,140.9697405066336
ENO3,79.42118038718901
ENOPH1,169.94338580413782
ENPP1,1.1051467594964477
ENPP2,31.87826339294996
ENPP3,0.38593124858004435
ENPP6,0.13082210786349222
ENPP7,0.2621620114119895
ENTPD1,16.986268397097184
ENTPD2,12.963233467662516
ENTPD3,4.898632413423501
ENTPD4,19.823942009176843
ENTPD5,3.3279474494190673
ENTPD6,37.13991172652861
ENTPD8,0.026611728185944317
EP300,3.4497621422720965
EPHA1,1.4500050532450426
EPHA10,0.3002577228948062
EPHA2,0.6648725379021576
EPHA3,14.453374664403405
EPHA4,7.754777839573656
EPHA5,0.1979923769349425
EPHA6,1.542729295099954
EPHA7,40.43456761422108
EPHA8,0.11945315526060056
EPHB1,3.7114887452786336
EPHB2,0.06702491958061746
EPHB3,3.0948565779509396
EPHB4,0.9749918555581446
EPHB6,5.681486073691021
EPHX1,131.64706046125036
EPHX2,28.18605615693045
EPM2A,18.413167574305007
EPRS,29.59065473538029
EPX,0.0477880136288218
ERBB2,0.39665112022501026
ERBB3,45.151810726963205
ERBB4,0.0736654794420941
ERN1,2.0487445396508113
ERN2,0.4863124758705419
ESD,850.3411294214167
ETFA,1742.7961269010636
ETFB,739.9547233265976
ETFDH,31.835561790547466
ETNK1,11.722921371725032
ETNK2,1.7442561269747592
ETNPPL,0.04917367171240727
EXT1,4.476932005234657
EXT2,26.284581990170054
EXTL1,1.148570130096692
EXTL2,18.25696495474898
EXTL3,13.982286123810972
EYA1,0.052639094744467985
EYA2,3.2159592670157204
EYA3,1.590667063459553
EYA4,0.16019178366469713
EZH1,65.41908033728316
EZH2,0.01801517444292006
F13A1,3.965466996084984
F13B,0.952082265681838
F2,0.28000575605338823
FAAH,8.723526748179236
FAAH2,0.38904268087599475
FABP1,0.36121059875079875
FABP12,0.07361943011456162
FABP2,0.02273690656578102
FABP3,22.473526360536
FABP4,38.44937281057403
FABP5,815.867066343773
FABP6,0.3620881712598092
FABP7,0.020189813850204404
FABP9,1.0553661478381027
FADS1,7.297854923866127
FADS2,3.0731118148682
FADS3,1.841285013622785
FADS6,0.007419769719697779
FAH,4.3172539099022575
FAM20B,38.207795878268485
FANCL,14.156422382734824
FAR1,40.60266616301772
FAR2,2.1475262036472755
FARS2,1.646043772166822
FARSA,677.3468260782221
FARSB,1.7069151821780633
FAS,7.8171301370113255
FASN,15.554856008256474
FASTK,94.81465833181146
FAXDC2,165.33003971858994
FBP1,4.21835852855226
FBP2,1.4721666119210948
FDFT1,39.48187504851404
FDPS,17.374925271822292
FDXR,5.8717811363538495
FECH,10.366758615800656
FER,6.063703621570501
FES,15.342202735029575
FGA,0.1549710244371214
FGFR1,103.42174111016003
FGFR2,42.98481702761626
FGFR3,0.5558359307942546
FGFR4,2.04206888483434
FGGY,0.916917895676429
FGR,1.621388478358447
FH,915.5723002807367
FHIT,1.4471604251565489
FHL2,10.974026604777249
FIG4,12.323170595208797
FITM1,0.41500043761185534
FITM2,5.681486073691021
FKBP10,46.30299054255958
FKBP11,4.515612440574999
FKBP14,5.052113339034002
FKBP1A,384.9750160561532
FKBP1B,5.069268905297301
FKBP2,1236.9351326827596
FKBP3,618.8761348498658
FKBP4,302.3384558049179
FKBP5,5.605963272189727
FKBP6,0.0345624960497994
FKBP7,24.51081506819665
FKBP8,95.0127553573532
FKBP9,101.19355134002717
FKBP9P1,0.3354345050980549
FLAD1,6.561027973575626
FLT1,3.9902111467786354
FLT3,0.17892420556987546
FLT4,7.243991090106932
FLVCR1,2.6551215754773114
FMO1,1.1742261695768708
FMO2,6.815805350579964
FMO3,0.18254658240777408
FMO4,3.071264909754732
FMO5,0.8525931811987968
FMO6P,0.0030526923524089953
FN3K,26.981192561536183
FN3KRP,31.766680219154814
FNTA,46.80381081657872
FNTB,17.756121430797375
FOLR1,0.19158332801341862
FOLR2,14.112850521783537
FOLR3,0.3354345050980549
FOSL1,0.09329776044665267
FPGS,1.1507224618596947
FPGT,5.873861022529273
FRK,0.08165956970936095
FRMPD2,0.014371669987526408
FTCD,4.604459423434582
FTMT,0.3764543508002139
FUCA1,29.800936981916568
FUCA2,13.843268559231257
FUK,8.604254778302804
FUT1,0.4655261488346235
FUT10,1.6411667897055415
FUT11,5.753578112142848
FUT2,0.34343951732004785
FUT3,0.053098330445518524
FUT4,2.009961735174337
FUT5,0.009653399124846695
FUT6,0.02845419699963591
FUT7,0.07097095420280178
FUT8,0.4168892029516615
FUT9,0.103615098672029
FYN,76.86391447075381
G0S2,10.194344088621614
G6PC,0.009214364657407586
G6PC2,0.018216384410824384
G6PC3,42.618048564384544
G6PD,156.62695124982324
GAA,46.520281008589336
GAD1,0.0313710562379618
GAD2,0.005650995182154743
GAK,4.317925583144764
GAL3ST1,4.336804868168368
GAL3ST2,0.10944419710498636
GAL3ST3,0.06237120436438806
GAL3ST4,19.54579050722152
GALC,9.891893561078753
GALE,2.9356258519227887
GALK1,152.44917024517565
GALK2,14.51944657874485
GALM,16.330263858597128
GALNS,8.835123408310745
GALNT1,21.093988979512908
GALNT10,0.46348819259591667
GALNT11,20.662765812923134
GALNT12,22.464022203099184
GALNT13,0.49607041709412864
GALNT14,0.03845022179239647
GALNT15,2.1047360217368336
GALNT2,20.606642554923607
GALNT3,0.26643302736607544
GALNT4,2.327106367161523
GALNT5,0.24170944723697182
GALNT6,0.4752052793454189
GALNT7,0.30878013276294464
GALNT8,0.3029296928891926
GALNT9,0.5156940459509324
GALNTL5,0.43999999999999995
GALT,75.50513877074901
GAMT,19.191506348022052
GANC,6.197858112744038
GAPDH,1691.7288281688716
GAPDHS,0.16449750624561393
GARS,174.45437857934823
GART,71.04689480576857
GATM,27.513276943725668
GBA,11.767204244405585
GBA2,120.36111553471088
GBA3,0.3354345050980549
GBE1,6.1070172810575745
GBGT1,4.6249540673075895
GC,0.008621960295850389
GCAT,119.96093866921113
GCDH,8.995005467052234
GCH1,1.1056876107987956
GCK,0.20763941877489264
GCLC,8.370733976377835
GCLM,7.474173637054736
GCNT1,0.3908227380542506
GCNT2,4.779558651951242
GCNT2P,0.3354345050980549
GCNT3,0.013371450325472461
GCNT4,0.7196834246163865
GCNT7,0.004233588385165799
GCSH,4.279595291303467
GDA,0.019438222554080068
GDE1,20.733424107268664
GDPD2,0.01598896458087399
GFPT1,119.57328944091392
GFPT2,13.040446002067634
GGCT,15.732484021483154
GGH,1.2968108326968144
GGPS1,583.1301165350695
GGT1,2.843046755430356
GGT2,0.02386619266386479
GGT3P,0.00779675325589236
GGT5,13.07479020108915
GGT6,0.031260027957016885
GGT7,38.89124644511504
GGTLC1,0.5642767148917974
GGTLC2,1.7831684152107201
GIF,0.3354345050980549
GK,2.8598285672214447
GK2,0.9456388863331135
GK3P,0.3354345050980549
GLA,9.672270862533955
GLB1,14.619818862433744
GLB1L,4.065305812764103
GLCE,0.25869073156706435
GLDC,0.007948946280385642
GLIPR1,8.130280904879482
GLO1,988.57592141403
GLRX,35.9384698576725
GLRX2,6.97496827846939
GLS,111.23360928601268
GLS2,0.8433292230736741
GLT6D1,0.06930364432416915
GLT8D1,2.373905753524984
GLT8D2,51.5573958876084
GLTP,28.29280172472291
GLUD1,1015.5288534459946
GLUD2,0.2587874828493983
GLUL,6.748390518535431
GLYAT,0.011280917980726933
GLYCTK,1.2346816033274903
GM2A,29.19089092717986
GMDS,20.189126044120556
GMPPA,23.31804798056933
GMPPB,15.224641489836712
GMPR,10.878912450956385
GMPR2,71.71545022785645
GMPS,72.30836591883337
GNE,8.527028346149738
GNMT,0.46736691458653845
GNPAT,65.88373951004422
GNPDA1,21.753369424692874
GNPDA2,8.193185746266112
GNPNAT1,21.14427835611219
GNPTAB,10.845731386317725
GNS,24.700667160171164
GOT1,2480.855996793134
GOT2,1602.5816890949714
GPAA1,89.65247145447711
GPAM,0.21586375814318526
GPAT2,0.7092165663454149
GPAT3,0.6582069289240687
GPAT4,1.352005973421296
GPCPD1,22.568609283251867
GPD1,0.4136501456912923
GPD2,63.76258283562557
GPHN,8.463323473548613
GPI,2496.281715606932
GPIHBP1,6.520533832738247
GPLD1,2.1132811460906598
GPT,1.6179028554786126
GPT2,8.224672142867508
GPX1,58.68858690214986
GPX2,0.4476505498588242
GPX3,290.033071615826
GPX4,145.53895414693972
GPX5,0.793289329058847
GPX6,2.01032323162201
GPX7,12.527329485736841
GPX8,12.272229234423008
GRHL1,0.22180738084095455
GRHPR,34.14563728905168
GRK1,0.0036852089208183397
GRK2,4.014622265826703
GRK3,1.2623639556998993
GRK7,0.012421683302905186
GSR,112.90944593871474
GSS,196.78968755293678
GSTA1,0.021955174975187095
GSTA2,5.619549002346362
GSTA3,3.8201241689736465
GSTA4,41.43410700112624
GSTA5,0.58469847618054
GSTK1,92.60452427115894
GSTM1,54.25722293870248
GSTM2,166.8502986574135
GSTM3,237.6760025796153
GSTM4,21.39494854650236
GSTM5,239.75359001475175
GSTO1,985.9051786131706
GSTO2,0.26917065869330187
GSTP1,6300.886211882348
GSTT1,0.014317238680077485
GSTT2,5.527580101326158
GSTZ1,5.760699236087266
GTF2F1,11.738397554142088
GTF3C4,1.0152982764741032
GUCA1A,0.0803580412103317
GUCY1A1,2.9663227089166733
GUCY1A2,0.8187186259987754
GUCY1B1,1.0453859436592674
GUCY1B2,0.006603905206842238
GUCY2C,0.07670669687493609
GUCY2D,0.007407052234065737
GUCY2F,0.013813058493468968
GUK1,124.44027864188887
GUSB,6.707553240305882
GYG1,142.4454863346219
GYG2,1.1851756733956336
GYS1,65.62058927369873
GYS2,0.1364304264878507
H6PD,37.07699011434247
HAAO,14.532172183719293
HACD1,0.6699772991826155
HACD2,3.095013644366691
HACD3,4.330319334841662
HACD4,0.5979568033382378
HACE1,7.059885592078961
HACL1,10.112432816697684
HADH,1158.1238201260926
HADHA,1037.4266254743607
HADHB,75.33822949156539
HAGH,41.99088758975907
HAGHL,5.204823473827881
HAL,0.015194832682590862
HAO1,0.19763453007540133
HAO2,0.010359591089351455
HARS,152.7780594824371
HARS2,49.77856329464488
HAS1,0.06032501615204052
HAS2,1.7507379612974867
HAS3,0.4821416516498765
HAT1,41.49460925690839
HCCS,13.152126375774571
HCK,1.3432167446150682
HCST,7.3055558482621406
HDAC3,1.4367028499192467
HDC,0.7754768736539717
HDLBP,89.81861316390464
HECTD1,6.5793131595759915
HECTD2,4.744725336601565
HECTD3,4.551422388707056
HECW1,0.033522506986300674
HECW2,0.2910041753772175
HELZ2,3.708775015127089
HEPH,78.42514141563582
HERC1,0.8193555454275468
HERC2,0.4172749221341047
HERC3,8.93098826362056
HERC4,11.22813866182206
HEXA,42.51313139683768
HEXB,2.5087735818520303
HEXDC,0.3354345050980549
HGD,0.2302028615037732
HIBADH,74.4690399240132
HIBCH,12.459206795931902
HIF1AN,10.820858047983418
HIGD2A,31.692598158818697
HIPK1,18.01110794962632
HIPK2,4.500132793618482
HIPK3,36.223189938831574
HIRIP3,0.5855694006960948
HK1,295.98931333841915
HK2,1.3188465514053358
HK3,0.7567926564927597
HKDC1,0.19885511716570659
HLCS,3.453359519840385
HLTF,0.17907501019188332
HMBS,47.86680394413835
HMGCL,140.98347181359742
HMGCLL1,0.9132634977774715
HMGCR,6.975801915603271
HMGCS1,14.043187907661233
HMGCS2,0.19685620299880155
HMOX1,16.10549082828052
HMOX2,77.74735769640493
HNMT,15.865952047368994
HPD,0.3850431279930081
HPGD,42.23486712102613
HPGDS,1.1994383685494063
HPRT1,197.70217376599584
HS2ST1,6.550595428543155
HS3ST1,0.5175703590816195
HS3ST2,0.19368926068296932
HS3ST3A1,1.365126650261547
HS3ST3B1,0.9132634977774715
HS3ST4,0.011792061945327802
HS3ST5,0.5782699313120849
HS3ST6,0.051570463495488786
HS6ST1,8.556632268595871
HS6ST2,0.13256542092810703
HS6ST3,0.01205849515374335
HSD11B1,1.7466126369015544
HSD11B1L,9.453577688408338
HSD11B2,3.8257987518529997
HSD17B1,2.1193887699298952
HSD17B10,95.59922481780103
HSD17B11,157.841320607442
HSD17B12,240.782054041467
HSD17B14,11.195072818892319
HSD17B2,0.047727936337965994
HSD17B3,2.4677690738822773
HSD17B4,35.53848137626054
HSD17B6,28.662779753744214
HSD17B7,2.9233980550355585
HSD17B7P2,7.374932435987897
HSD17B8,3.3233543899077933
HSD3B1,0.8561440324619417
HSD3B2,0.01856862156004312
HSD3B7,19.972589373808344
HSPG2,1.0803540652023702
HTATIP2,33.61405647031404
HUNK,0.6018332619400101
HUWE1,4.980754033864806
HYAL3,0.8531084002912606
HYALP1,0.3354345050980549
HYI,58.26343642536374
HYKK,1.3230513949626985
IARS,600.6323430315963
IARS2,43.97419813980774
ICK,14.848160111252064
ICMT,34.75307887138998
IDH1,18.056712722132275
IDH2,194.93029054145472
IDH3A,318.67862386480857
IDH3B,386.3397920709971
IDH3G,123.83014071156455
IDI1,14.462125982548299
IDI2,2.1272734354694633
IDO1,0.6982822179109844
IDO2,0.008417465503184838
IDS,67.54990007746292
IDUA,15.183073645599746
IGF1R,20.270505240391437
IKBKB,24.86298581924484
IKBKE,0.7492423845442778
IL4I1,0.06835968855949519
ILK,221.02859479252265
ILKAP,42.05879379171245
IMPA1,195.9641103448981
IMPA2,17.189720080573302
IMPDH1,35.48423384875808
IMPDH2,160.78499618685177
INMT,5.638899735716262
INPP1,522.0191064302428
INPP4A,13.514150192107126
INPP4B,2.441395196947163
INPP5A,75.70790719834103
INPP5B,12.98896144089232
INPP5D,3.119138695548295
INPP5E,50.744921864752385
INPP5F,0.7852059265338136
INPP5J,3.946241496908259
INPPL1,27.639509351658432
INSL3,0.04085806277692496
INSR,20.056294705947234
INSRR,0.042968589977636286
IP6K1,34.289594371662076
IP6K2,41.679368197325516
IP6K3,3.912639052598905
IPMK,1.5157173471455345
IRAK1,22.654248078587433
IRAK2,1.6604061518101028
IRAK3,3.119795461558391
IRAK4,6.558251903946478
IREB2,7.700296425698125
ISYNA1,43.611650799381245
ITK,0.13657668151451233
ITPA,216.51340414593173
ITPK1,48.323762414200786
ITPKA,0.24705092029135123
ITPKB,64.67691003094579
ITPKC,12.382652031246199
IVD,612.4888582011981
JAK1,56.85802668628554
JAK2,6.679222164062269
JAK3,0.9704737831319816
JMJD7-PLA2G4B,0.19276672646590834
KALRN,0.42673725834281967
KANSL3,45.3143218711009
KARS,508.00629141580896
KAT2A,227.88933643693662
KAT2B,25.445411004806537
KAT5,39.01766931805534
KAT6A,9.769766975169308
KAT6B,11.395620663731389
KAT7,26.529478063035118
KAT8,51.1579878157425
KCNJ11,0.16882442961792676
KCNJ8,28.35472451937513
KDR,3.883195612065484
KDSR,20.840677566911808
KHK,6.197858112744038
KIT,33.540211733446625
KL,1.5848597831160132
KMO,0.00887995583806812
KMT2A,13.851949532807156
KMT2B,0.3354345050980549
KMT2C,8.445706107364725
KMT2D,10.721471820773994
KMT2E,40.53007001967367
KMT5A,0.08744585611927874
KMT5B,0.052531638327043204
KMT5C,0.3350355754164824
KPNA6,59.804169026401595
KYAT1,0.41426786262502635
KYAT3,10.315561941178165
KYNU,0.26966897181735977
L1CAM,182.89671984587784
L2HGDH,0.8623922830545321
LALBA,0.09996023381633702
LAP3,382.56989893980807
LARS,415.9261196933711
LARS2,4.1378911323970655
LATS1,0.8770137214675335
LATS2,14.025782343509599
LBR,224.1359023057545
LCAT,72.6061248321198
LCK,0.5720481912411294
LCLAT1,1.7708010947780395
LCT,0.005264722847708718
LDHA,2027.401818641018
LDHAL6A,0.04188152822415172
LDHAL6B,0.07644418469025943
LDHB,365.6526831668451
LDHC,13.74100658898184
LDHD,4.910069380262496
LDLR,0.7697229186382727
LGALS13,0.16621830202908744
LGMN,33.41732308007913
LGSN,0.002680164958604322
LHPP,177.30941302391332
LIAS,1.4973309549893101
LIMK1,6.34005757241415
LIMK2,22.730422363137986
LIPA,17.519960174562318
LIPC,0.05312897267967664
LIPE,2.0779222365331114
LIPF,0.1529516022880424
LIPG,0.45863542976022037
LIPT1,4.6759107755984095
LIPT2,0.45863542976022037
LMTK2,5.375199312221979
LMTK3,0.3537237019104785
LOC102724197,0.3354345050980549
LOC286297,0.3354345050980549
LOC344967,0.3354345050980549
LOX,1.830056318166927
LOXL2,23.38939964498827
LPCAT1,2.3533652734876216
LPCAT2,4.590335123520644
LPCAT3,7.66919652013364
LPCAT4,3.251145164553935
LPIN1,18.486447266982204
LPIN2,6.197858112744038
LPIN3,16.053160654979113
LPL,8.731489122713743
LPO,0.1697122996292287
LRAT,3.9146947982184117
LRP1,10.196324476018784
LRP2,0.0007367489247724239
LRRK1,0.18561265193520574
LRRK2,7.684743528166099
LRSAM1,39.80954431714605
LRTOMT,2.8747070618835804
LSS,132.62212052671953
LTA4H,587.7886925039966
LTC4S,1.1193264282750504
LTK,3.6708218902282037
LYN,2.019038994451912
LYPLA1,71.40124399968428
LYPLA2,69.44574958145462
LYZL1,1.4145390562382973
MACROD1,7.26552454515091
MACROD2,0.5596427191478538
MAGEA2B,0.1626710879648594
MAK,0.06771776869398066
MAN1A1,1.7994426206723566
MAN1A2,3.941849840622038
MAN1B1,2.5442529279473254
MAN1C1,7.793737074955811
MAN2A1,2.02364893614032
MAN2A2,30.987659910581005
MAN2B1,38.85965273249522
MAN2C1,100.98612227877187
MANBA,15.2007393071048
MANSC1,18.58729565981914
MAOA,625.4687466568994
MAOB,133.6346869226085
MAP2K1,256.6037575275177
MAP2K2,327.43820406449964
MAP2K3,10.834711023233703
MAP2K4,30.1849315985641
MAP2K5,15.156582366227326
MAP2K6,2.174822925666925
MAP2K7,5.397118686280713
MAP3K1,4.9057799327130205
MAP3K10,16.339217422561028
MAP3K11,44.870384061929265
MAP3K12,25.36760872564363
MAP3K13,2.493565996057276
MAP3K14,35.49706266805466
MAP3K15,0.017524639140123848
MAP3K2,8.978993145714567
MAP3K20,0.20179825659102824
MAP3K21,0.03839897316107535
MAP3K3,39.693216568802384
MAP3K4,16.240778803031176
MAP3K5,2.566822476438788
MAP3K6,23.150232886590246
MAP3K7,0.5902543642336212
MAP3K8,2.5415168160090573
MAP3K9,0.10821760036319064
MAP4K1,1.0107427719503035
MAP4K2,11.664047593898154
MAP4K3,22.226663376761547
MAP4K5,53.33893215183982
MAPK1,266.6545019967492
MAPK10,2.943438514958215
MAPK11,7.521795119116821
MAPK12,4.157287710392295
MAPK13,1.7879474734561598
MAPK14,49.93230470162912
MAPK15,1.8074963658750676
MAPK3,120.54726871002192
MAPK4,3.34523978783956
MAPK6,8.803211569953188
MAPK7,19.16684647387288
MAPK8,9.268026699751207
MAPK9,8.079324603422913
MAPKAPK2,2.119362256049525
MAPKAPK3,9.324425801462494
MAPKAPK5,22.625695068767357
MARCH1,0.932086532252276
MARCH10,0.15613255584597588
MARCH11,0.04045000985083218
MARCH2,149.18928683460243
MARCH3,1.536974600517076
MARCH4,0.17846275520865387
MARCH5,9.033441283947742
MARCH6,31.604508340127328
MARCH7,47.61176868758846
MARCH8,13.938815215850875
MARCH9,11.731336437480376
MARK1,5.575133034051902
MARK2,24.753002420116033
MARK3,43.09215394017553
MARK4,18.93646766034777
MARS,142.83819511979303
MARS2,0.7962798240255021
MAST1,1.9430297489822776
MAST2,42.60953324323958
MAST3,7.428976644934535
MAST4,4.682996349871097
MASTL,0.09714286464228185
MAT1A,0.10584193850271265
MAT2A,329.8418086092611
MAT2B,171.5399247745727
MATK,0.26775970956315387
MBOAT1,25.348165127211576
MBOAT2,11.739752633227544
MCAT,17.172633770773736
MCCC1,11.908313069629257
MCCC2,17.942171681152196
MCEE,12.297694977658054
MDH1,4828.24383439336
MDH1B,2.1984705550669434
MDH2,4041.4251956578323
MDM2,0.013401558710752933
MDP1,98.77103238663128
ME1,255.61252695367065
ME2,53.82889058482944
ME3,26.088971979852676
MECR,7.013998389458602
MED1,0.518484350526312
MELK,0.005775348194820588
MERTK,12.527329485736841
MET,0.9359903335049203
METTL1,9.486131407511985
METTL3,54.66103875722733
MGAM,0.026692523716970944
MGAT1,39.72493599830575
MGAT2,0.6335706634376989
MGAT3,1.5013858157819067
MGAT4A,3.171761478287045
MGAT4B,42.170700909333846
MGAT4C,0.6745368105591448
MGAT4D,0.02696149145334556
MGAT5,12.544371012632915
MGAT5B,0.16662038470130805
MGLL,34.57784787866353
MGMT,9.563051978616581
MGRN1,31.685574859639356
MGST1,35.00417173795842
MGST2,27.93713861294654
MGST3,31.493105408722517
MIA3,10.342094873437235
MIB1,10.030645546190987
MIB2,45.151810726963205
MID1,22.987862972643637
MIF,26.546624888406733
MINK1,0.4376504271360951
MINPP1,6.945272887383466
MIOX,0.03764002098229772
MIP,0.005332397618857955
MKNK1,61.60944020555053
MKNK2,171.14859017913994
MKRN1,52.759088923795154
MKRN2,29.160949737517154
MKRN3,0.3837116659033459
MLKL,14.160238591995594
MLYCD,10.663575955837885
MMAA,1.0213904779590686
MOCS1,9.753504921725538
MOCS2,29.24080568460653
MOGAT1,0.05476426140032141
MOGAT2,0.11395186096970429
MOGAT3,0.06871322668449993
MOGS,133.10859977194903
MOK,4.072898697713793
MOS,0.009119527860580774
MOXD1,18.358243593402616
MPC1,63.312712099516375
MPC2,25.913157321460346
MPI,12.37415140218975
MPO,0.171529830161035
MPST,2723.22614699326
MRPL58,13.330417578133794
MSMO1,10.10424849921918
MSRA,5.611763978009744
MST1R,4.415173352115016
MT1A,1.5709852434213287
MT2A,127.95185243701944
MT3,3.4734520145741365
MT4,0.3354345050980549
MTAP,358.3008756011292
MTFMT,6.6716494185633906
MTHFD1,98.5510024514283
MTHFD1L,2.825629392948916
MTHFD2,3.1804440009737465
MTHFD2L,2.144464425852213
MTHFD2P1,0.010862797128675683
MTHFR,6.846227234273025
MTHFS,10.556211152697752
MTMR1,2.979731556418582
MTMR14,16.752069146952813
MTMR2,1.0169271154767512
MTMR3,0.6410211606404735
MTMR6,5.161282680175452
MTMR7,0.4222158509425681
MTMR8,0.25985946994750453
MTPAP,5.034766974443038
MTR,1.221749473012475
MTRR,9.259974917675343
MTTP,2.4514361320696305
MUL1,35.042055233688835
MUSK,0.1648004623545362
MUT,0.3354345050980549
MVD,82.4657797379052
MVK,11.706094632220012
MYBBP1A,58.494942146599755
MYCBP2,0.16704982538231192
MYLIP,20.70019718096733
MYLK,20.807174456636208
MYLK2,0.47474352461392355
MYLK3,0.05340490151790479
MYLK4,0.44491214782656785
MYO3A,0.015333135861818482
MYO3B,0.01301022353999353
MYO5B,0.1045882502515357
NAA10,56.13518012195365
NAAA,4.940830927010803
NADK,16.491568276403516
NADSYN1,15.999630560559064
NAGA,21.564587908910376
NAGK,29.77087960577313
NAGLU,19.305323362566075
NAGPA,11.883000360508536
NAGS,0.16226643703638946
NAMPT,84.65557878243845
NANP,1.7696197271831364
NANS,99.00662145793979
NAPRT,25.164291606310147
NAPSA,0.9515068468213824
NARS,2016.0814187181227
NARS2,4.448138110855088
NAT1,2.3595834284893176
NAT2,0.6402306539573002
NCOA1,26.333527176651312
NCOA2,0.4510352745101269
NCOA3,2.9395330372198143
NCOA6,16.83306921495846
NCOR1,0.1208959991924683
NCOR2,2.6714050628970454
ND1,0.7496282848946749
ND2,6.647572110665278
ND3,3.518721426725826
ND4,15.91921099634504
ND4L,0.3354345050980549
ND5,3.9860139175064595
ND6,2.1511623729121254
NDST1,28.73242670265225
NDST2,17.076506671457096
NDST3,0.03228983296697505
NDST4,0.15422251243352372
NDUFA1,742.1429393441056
NDUFA10,65.04708107985874
NDUFA11,146.57986579808244
NDUFA12,11.863575741415154
NDUFA13,952.2547872022606
NDUFA2,11.643335787197929
NDUFA3,8.045691511187071
NDUFA4,29.49889574776229
NDUFA5,26.910734637185353
NDUFA6,57.077886584820895
NDUFA7,4.157532971679715
NDUFA8,132.04396081207966
NDUFA9,31.667511963651673
NDUFAB1,126.77991722835232
NDUFB1,92.86476181770702
NDUFB10,255.3893247307852
NDUFB2,37.547550869222015
NDUFB3,104.34543668209123
NDUFB4,102.62550116989382
NDUFB5,106.75748255607733
NDUFB6,22.7853498374745
NDUFB7,380.4141590406047
NDUFB8,116.92933577141758
NDUFB9,18.643617114273308
NDUFC1,51.85733271787109
NDUFC2,28.195229762484498
NDUFS1,39.273231545094696
NDUFS2,40.41480566898663
NDUFS3,194.96553561128562
NDUFS4,101.3010032979482
NDUFS5,1079.7425329126963
NDUFS6,18.38327503089187
NDUFS7,22.90780489546897
NDUFS8,90.17560020294923
NDUFV1,79.31567845141788
NDUFV2,98.16127546225881
NDUFV3,13.401898796178536
NEDD4,3.406599498271627
NEDD4L,6.34691134529373
NEK1,6.85383666482543
NEK11,2.481605082238639
NEK2,0.013501753335461435
NEK3,10.663575955837885
NEK4,7.290155520207427
NEK5,0.05979197801696649
NEK6,0.5902309451629524
NEK7,51.22167994469859
NEK8,0.7191843528479809
NEK9,3.8410873423114604
NEU1,40.86997498098523
NEU2,0.07868648115252536
NEU3,0.8971127063560765
NEU4,0.13668639202761335
NEURL1,0.14715923590013888
NEURL1B,39.84128112002786
NGLY1,11.34542127693121
NHLRC1,0.5335701718353301
NIT2,475.7747966252681
NKTR,84.07059245946532
NLK,5.976799423550047
NLN,19.2698064570241
NME1,1248.359045312531
NME2,281.45765578880633
NME3,171.56563642433343
NME4,376.1348383119044
NME6,0.5633328355396812
NME7,1.6451902372282274
NMNAT1,3.353226518972437
NMNAT2,3.183624256790485
NMNAT3,5.644770145728413
NMRK1,8.683735292449242
NMT1,81.21975985371486
NMT2,3.401600545273812
NNMT,3.6248345519848355
NNT,18.129725208224105
NOL9,7.793737074955811
NOS1,4.64051307953481
NOS2,0.7785147567912288
NOS2P1,0.3354345050980549
NOS2P2,0.3354345050980549
NOS3,2.7465388058449394
NOX1,0.24284929745231862
NOX3,0.03607029015945904
NOX4,0.32076878324248553
NOX5,0.08073064856374568
NPAS2,2.5693556203596306
NPC1,6.048831580798556
NPC1L1,1.6557382124079016
NPR1,5.790425140457385
NPR2,38.80700722851267
NQO1,65.95434788219693
NQO2,119.50590244035027
NR1D1,214.7645397868948
NRF1,2.0977637914025
NSD1,10.89551009315795
NSD2,0.8117852405670956
NSD3,0.8238692165195934
NSDHL,398.3255126066969
NSF,64.38774771637368
NT5C,217.31780834062388
NT5C1A,0.058725969276404735
NT5C1B,0.04007179206486272
NT5C1B-RDH14,0.037698419756150243
NT5C2,51.724404456082034
NT5C3A,15.776949907390238
NT5DC3,79.13852857859911
NT5E,17.992872087687495
NT5M,6.528074188174169
NTAN1,3.693741016688573
NTRK1,1.251820816748511
NTRK2,1.6633248622203087
NTRK3,0.5525089882969059
NUAK2,0.4159010894685061
NUDT10,2.3844348601884637
NUDT11,5.404301294064138
NUDT12,7.05223383729727
NUDT2,30.162067164237076
NUDT3,24.17709026055508
NUDT4,8.493212710307063
NUDT5,85.94705349364368
NUDT9,18.17277463913843
OARD1,7.793737074955811
OAT,449.1292470200773
OBSL1,2.870684881357385
OCRL,20.18663301030894
ODC1,5.620342608480168
OGA,13.207835039605774
OGDH,547.0316270740977
OGT,182.50802822819583
OLAH,0.04293914155089701
OPLAH,11.337058747976483
OTC,0.0701953388127955
OTUD5,81.4502965293502
OXCT1,280.04334107181677
OXCT2,0.041413070359059105
OXSM,4.623540096852041
OXSR1,19.148397000055947
P4HA1,17.374925271822292
P4HA2,28.63212334794479
P4HA3,0.26854801005014295
P4HB,187.26877915775077
PADI1,0.1979086992249419
PADI2,0.3163981363949644
PADI3,0.0023000672292925704
PADI4,0.005887612584263626
PADI6,0.3354345050980549
PAFAH1B2,599.3420456222095
PAFAH1B3,202.30518660344148
PAFAH2,6.701950040370609
PAH,0.03240153591540654
PAICS,97.46389925489078
PAK1,35.18688738598827
PAK2,121.7532647265124
PAK3,0.36185966645864526
PAK4,0.3641050859483359
PAK5,0.1843105272396382
PAK6,0.14796203691855978
PAM,0.9606295081005107
PAN2,67.03640655725202
PANK1,1.11488964772374
PANK2,7.159499310297123
PANK3,10.622257740423214
PANK4,13.4105272925336
PAOX,2.6744494662580487
PAPOLA,6.393763666503236
PAPOLB,0.0061371742698926495
PAPOLG,4.525468301097091
PAPSS1,66.94908296304486
PAPSS2,5.413037618824556
PARP1,72.87030424343838
PARP10,6.169363352713284
PARP11,3.0307143050954553
PARP12,2.322054798924661
PARP14,29.810957368695483
PARP15,0.9148293338039092
PARP16,13.324289165082941
PARP2,28.539698761469978
PARP3,61.098752343411704
PARP4,4.193509778309513
PARP6,79.63985624007361
PARP8,4.188496280132574
PARP9,8.970988988300068
PARS2,2.727952924744339
PASK,1.0213904779590686
PBK,0.027650280038750596
PC,19.609723068241962
PCBD1,135.89403572644775
PCBD2,3.821717380529575
PCCA,9.332488039942026
PCCB,1.9001023496871465
PCK1,0.4993310997677876
PCK2,2.7484628302308254
PCMT1,609.1528684014868
PCYOX1,110.47562105559214
PCYT1A,14.548659939565972
PCYT1B,1.328647149912329
PCYT2,7.506310405854306
PDE10A,0.6651803428859803
PDE11A,0.013369083371426563
PDE1A,14.051892204512143
PDE1B,25.387055113955643
PDE1C,1.5709852434213287
PDE2A,33.81701925820012
PDE3A,22.978318468277962
PDE3B,12.518810348837643
PDE4A,13.091968637627568
PDE4B,1.3264083175171486
PDE4C,1.3983976775436149
PDE4D,9.558757534531937
PDE5A,72.6889961376273
PDE6A,0.006275665196019971
PDE6B,0.8592955664369685
PDE6C,0.1805410345370577
PDE6H,1.0083333333333333
PDE7A,3.0130867846640528
PDE7B,4.362665380549529
PDE8A,24.59205531689533
PDE8B,5.05057488444819
PDE9A,121.5332683845256
PDF,1.631853758250029
PDGFRA,79.1343029679033
PDGFRB,67.01308338402887
PDHA1,284.31781798858503
PDHA2,8.963593332760542
PDHB,104.68797137671775
PDHX,16.278172965233217
PDIA2,5.904929396046569
PDIA3,1400.9989616775401
PDIA4,471.95851520683544
PDIA5,32.16880149862959
PDIA6,201.1265695720454
PDK1,0.14513499968708096
PDK2,52.0685943067982
PDK3,4.2517675414544565
PDK4,110.42125551852494
PDP1,5.6080988641208505
PDP2,0.923711867558031
PDPK1,1.3110613328499054
PDPR,16.285509826533385
PDXK,8.319266586221762
PDXP,6.124815145701721
PDZD4,48.40055642660713
PEAK1,7.848341276328542
PECR,86.9779074455083
PEMT,11.706094632220012
PEPD,31.114405897380266
PEX11A,5.4844828489116235
PFAS,65.27975528244006
PFKFB1,0.028563290841602335
PFKFB2,1.9388230915437097
PFKFB3,11.070070287394616
PFKFB4,1.4670947207692404
PFKL,96.43492934708512
PFKM,47.218287678913484
PFKP,537.33360180602
PGAM1,28.861854873780448
PGAM2,92.14558842160893
PGAM5,26.041079497988502
PGAP1,2.202161919757978
PGD,543.3198657637232
PGGHG,0.02991860446325157
PGK1,47.62270743232509
PGK2,23.296392096478
PGLS,992.0690820616182
PGLYRP1,0.05546737660116929
PGLYRP2,13.13342928945454
PGLYRP3,0.01572942767765221
PGLYRP4,0.2601296063498426
PGM1,236.0108301914613
PGM2,213.03951424580973
PGM2L1,3.983334882493892
PGM3,43.24518526946822
PGP,57.079960910979615
PGS1,15.280282308247624
PHEX,0.18753966708773082
PHGDH,420.7171616980903
PHKA1,0.44947530165263583
PHKA2,7.328667735850316
PHKB,14.654905123906008
PHKG1,7.398085194897605
PHKG2,10.564462757386709
PHLPP1,3.4895416946655424
PHLPP2,3.1106030940359743
PHOSPHO1,0.0775610216964941
PHPT1,62.89760369790043
PHYH,27.612023927610412
PHYKPL,21.82896812662528
PI4K2A,1.1349039029629833
PI4KA,2.835745294416592
PI4KB,2.405343353044046
PIGA,1.8205510081520984
PIGB,5.00246155144013
PIGC,8.867056835784027
PIGF,1.5588638005328697
PIGG,14.725124814067298
PIGH,9.44549596547434
PIGK,10.47376159573136
PIGL,4.97521178400242
PIGM,3.3672118668158073
PIGN,4.4853660580434624
PIGO,8.843104743105238
PIGP,3.5951360396266594
PIGQ,21.82896812662528
PIGS,17.09196417377276
PIGT,10.909253740523797
PIGU,1.4747667672454552
PIGV,7.259373133061909
PIGW,1.4893670764023776
PIGX,1.4590306063438323
PIGY,0.3354345050980549
PIGZ,10.564462757386709
PIK3C2A,1.5952533116024379
PIK3C2B,9.027046114947849
PIK3C2G,0.027611386795606013
PIK3C3,0.10052390419819024
PIK3CA,8.279827633189319
PIK3CB,0.36983291316647987
PIK3CD,6.701950040370609
PIK3CG,0.24260495935837917
PIK3R1,4.892787924789609
PIK3R2,36.81648676697856
PIK3R3,4.714196697131195
PIK3R4,27.417605693951238
PIK3R5,0.991629799096262
PIKFYVE,6.34005757241415
PIM1,19.582834822637274
PIM2,2.7779960448936425
PIM3,25.766815407502307
PIN1,792.2962850805615
PIN4,11.647236713456778
PINK1,51.279967466984395
PIP4K2A,11.571643997743777
PIP4K2B,15.165104570153623
PIP4K2C,22.663767246037317
PIP5K1A,0.6116618456395425
PIP5K1B,0.12027084216667892
PIP5K1C,91.39189527141151
PIP5KL1,0.7371915535746211
PIPOX,9.043074429646008
PISD,2.0612362167085725
PJA1,19.102287873983737
PJA2,111.18998605554508
PKLR,0.026692523716970944
PKM,237.6054152919639
PKMYT1,0.02701616299365864
PKN1,141.90851875506218
PKN2,6.559099734306912
PKN3,4.864351517087503
PLA2G10,0.0761490600617579
PLA2G12A,1.2781979284554332
PLA2G12B,1.1304561412675453
PLA2G15,7.871764891511384
PLA2G16,33.018519743017734
PLA2G1B,0.016654800909973542
PLA2G2A,20.606642554923607
PLA2G2C,3.3578870908519507
PLA2G2D,0.14267189251013687
PLA2G2E,0.10480083352838437
PLA2G2F,0.0027944967917102772
PLA2G3,0.019881840717782588
PLA2G4A,48.92705113701771
PLA2G4B,44.01731005814203
PLA2G4C,8.232547271970223
PLA2G4D,0.027693545090981313
PLA2G4E,0.008146921125803865
PLA2G4F,0.0020058267899437016
PLA2G5,21.980312536568963
PLA2G6,16.53642764184994
PLA2G7,0.9399122888957062
PLB1,0.7598167254471299
PLCB1,7.20556273705411
PLCB2,8.875043560241776
PLCB3,2.2743565262103442
PLCB4,13.773857481714396
PLCD1,11.470997381095463
PLCD3,12.121064780637584
PLCD4,157.35768574786795
PLCE1,6.838619386469994
PLCG1,3.8309778639092484
PLCG2,2.0148019874273064
PLCH1,0.2607671830530309
PLCH2,0.4742818539317229
PLCL1,5.66018540800472
PLCL2,2.594712727222798
PLCXD2,0.04926429735781829
PLCZ1,0.07175189323406331
PLD1,4.145509191514832
PLD2,25.076248438932822
PLD3,26.595398145893814
PLD4,0.8371638034811453
PLD6,13.851949532807156
PLG,0.008936992888691816
PLIN1,0.6873798250204481
PLIN2,5.4895927789399055
PLIN3,22.597148801879456
PLIN4,247.99221268039707
PLK1,0.4285823558485582
PLK2,35.73534354352597
PLK3,2.576957856250783
PLK4,0.39617200533072383
PLOD1,31.83242981925891
PLOD2,36.16477164039035
PLOD3,31.560321816389724
PLPBP,1.3790311261442316
PLPP1,5.389883230682263
PLPP2,2.123055391477898
PLPP3,4.2032094621878
PLPP4,0.019762828557283812
PLPP5,0.0656688155578048
PLPP6,0.050042688733332445
PLPP7,1.1305815492037874
PLPPR2,0.3307009692228308
PLPPR3,0.9307949846236876
PLPPR4,0.11900942508124815
PLPPR5,0.012456429933028047
PLTP,49.87498537051649
PLXNB3,170.8706649579548
PMM1,13.860423596944592
PMM2,16.793752546616286
PMPCA,28.416252706814383
PMVK,383.93661669285825
PNCK,190.52498158852688
PNKP,32.62754228842692
PNLIP,0.07278688757498893
PNLIPRP1,0.04876262171622993
PNLIPRP2,0.09333181150457284
PNLIPRP3,0.012911388600187281
PNMT,0.6343332793048929
PNP,255.752878031592
PNPLA2,112.2165088296594
PNPLA3,0.026262145610576226
PNPLA4,3.484176921765611
PNPLA6,1.242221091660508
PNPLA7,17.23916051313808
PNPLA8,11.75658841267026
PNPO,4.834392771717313
PNPT1,4.450123892723836
POLA1,3.6997401839906194
POLA2,2.1315699084195705
POLB,7.122691709812442
POLD1,1.1992064147878558
POLD2,5.121394262254577
POLD3,0.6829197859172452
POLD4,36.077744590880094
POLE,0.10351348921537475
POLE2,0.5572629064000899
POLE3,36.29578733402377
POLE4,10.532032086732807
POLG,27.227286109005565
POLG2,9.558757534531937
POLH,3.5009469625193144
POLI,12.629643589468163
POLK,6.03693887319538
POLL,17.148761632466833
POLM,15.2007393071048
POLN,0.772947004479666
POLQ,0.022189156162853982
POLR1A,0.7610676072353361
POLR1B,0.37222640040114346
POLR1C,11.169938006152973
POLR1D,53.52953567237551
POLR1E,18.16352148426065
POLR2A,4.015759264402015
POLR2B,14.282520138450208
POLR2C,81.84811375239735
POLR2D,13.297260070869449
POLR2E,147.70189329544826
POLR2F,10.630518980982304
POLR2G,20.771110553584624
POLR2H,252.39091414672149
POLR2I,46.19557086052863
POLR2J,23.938007269644977
POLR2K,37.47432358366256
POLR2L,184.58683538477254
POLR3A,0.3098015402173085
POLR3B,0.7682421245036587
POLR3C,0.6465646772583897
POLR3D,5.873861022529273
POLR3E,20.046990878740505
POLR3F,9.704749223349776
POLR3G,1.1072165582512752
POLR3GL,88.33667965014756
POLR3K,8.922992136402037
POLRMT,9.608432978541714
POMGNT1,26.981192561536183
POMT1,29.831000033554165
POMT2,11.588434414194506
PON3,1.5254773113358815
POR,89.41480447727646
PPA1,910.943098837852
PPA2,112.97931515750649
PPARA,4.615764706455908
PPAT,5.599334656589624
PPCDC,3.922234260596999
PPCS,65.96324710863544
PPEF1,0.011472234110922392
PPEF2,0.00849784842988622
PPIA,248.29019480680608
PPIAL4A,0.012904334364692625
PPIAL4C,0.3354345050980549
PPIAL4E,0.3354345050980549
PPIAL4G,0.032653131024992454
PPIB,1815.3027180821755
PPIC,67.14344006953894
PPID,760.8749922303215
PPIE,12.141195233857808
PPIF,144.03839448054163
PPIG,13.983224053824765
PPIH,621.3636320714223
PPIL1,48.2454951715731
PPIL2,1.202765720918079
PPIL3,69.11322268581871
PPIL4,5.964832001588969
PPIL6,0.44400004680934835
PPIP5K1,4.378055525733211
PPIP5K2,4.723422394757348
PPM1A,2.7059949562199526
PPM1B,15.404169973969179
PPM1D,6.5733505218123796
PPM1E,0.05300642360483255
PPM1F,31.39323649987776
PPM1G,18.916128739225304
PPM1K,8.7474179489562
PPM1M,48.27989037270492
PPOX,23.28410959318516
PPP1CA,154.67418102180451
PPP1CB,416.25413401816166
PPP1CC,75.68404680729589
PPP1R1A,52.28001645872616
PPP1R1B,15.289125212964361
PPP1R2,98.86964811277726
PPP1R3A,0.00336799553555205
PPP1R3B,9.94898290872568
PPP1R3C,24.100010107672087
PPP2CA,111.15765830708702
PPP2CB,77.45349991112546
PPP2R1A,421.9642796559113
PPP2R1B,9.474733783266679
PPP2R2A,82.7229023292897
PPP2R2B,5.049856141919124
PPP2R2C,1.0347293689039354
PPP2R3A,10.638781423387053
PPP2R3B,10.920415431104487
PPP3CA,435.6901318277271
PPP3CB,47.41495178339767
PPP3CC,13.332908289174098
PPP3R1,209.91199330031228
PPP3R2,0.011757392174605317
PPP4C,61.00187515131292
PPP5C,40.3773386445685
PPP6C,174.992257560146
PPT1,8.960695849200839
PPT2,55.661755762509756
PPWD1,40.41129529465515
PRAG1,0.3354345050980549
PRDX1,10508.665140993384
PRDX2,6505.910384765711
PRDX3,98.31082135570644
PRDX6,836.0172915067468
PREP,67.75572315094504
PRKAA1,26.25075749908191
PRKAA2,5.9515893500761425
PRKAB2,44.66493473105072
PRKACA,761.1578287868747
PRKACB,92.86742358362464
PRKACG,0.012894929840086083
PRKAG2,10.358536146650678
PRKAR1A,20.69818636915598
PRKAR1B,20.14006547838758
PRKAR2A,27.77609021934056
PRKAR2B,176.4148175472084
PRKCA,27.958158287886206
PRKCB,5.420319906207083
PRKCD,1.700354277211746
PRKCE,4.1482800448876
PRKCG,0.027178255720659655
PRKCH,2.237287495689827
PRKCI,4.581960451361607
PRKCQ,0.8095250165300008
PRKCSH,326.44061608028585
PRKCZ,0.5701363487419114
PRKD1,0.7677386675916699
PRKD2,17.175871953702103
PRKD3,23.753810530786453
PRKDC,1.058785724850419
PRKG1,10.416119048156434
PRKG2,0.5439712262809407
PRKN,0.21524163632635238
PRKX,2.373197899563358
PRKY,0.000794672691819585
PRODH,0.7166899668017971
PRODH2,0.047452249121563574
PRPF19,343.68186424425147
PRPF4,146.1323187337952
PRPF4B,54.48178665837241
PRPS1,548.0928380099772
PRPS1L1,1.6993128857058533
PRPS2,25.27041865907924
PRRT2,132.44144183387127
PSAP,54.90726252960003
PSAT1,59.178731010444835
PSKH1,28.831977172598716
PSKH2,0.11813839957802594
PSPH,317.61485261236817
PSPHP1,0.3354345050980549
PTDSS1,11.689272418778147
PTDSS2,25.552461867433724
PTEN,12.990871453010605
PTGDS,86.2659321201828
PTGES,11.16261181882805
PTGES2,89.67101338601472
PTGES3,3376.264224453427
PTGIS,211.3910764258816
PTGR1,178.3922950873584
PTGS1,144.1431220160534
PTGS2,8.39034489987113
PTK2,2.3437158302404346
PTK2B,9.348616427799863
PTK6,0.5021291472431325
PTK7,0.5440589370293257
PTP4A2,2.2300308446677595
PTP4A3,44.62170474337882
PTPDC1,5.082938088038392
PTPMT1,15.479934835547228
PTPN1,37.02665093605128
PTPN11,20.86431756370536
PTPN12,14.47913163775048
PTPN13,9.680388541881374
PTPN14,6.056266746716834
PTPN18,36.82691155855707
PTPN2,7.38230850015794
PTPN21,14.751473381326036
PTPN22,0.19517378943957076
PTPN23,18.43245489114954
PTPN3,0.4376251812521149
PTPN4,2.18986188305565
PTPN5,0.523206931250361
PTPN6,3.3312715959147465
PTPN7,0.3735326407607964
PTPN9,0.6411052154950696
PTPRA,0.7054068064346438
PTPRB,4.441822159029013
PTPRC,1.6120966072181517
PTPRD,1.0475650615734482
PTPRE,4.246172939322633
PTPRF,51.8239903292425
PTPRG,5.09301452305216
PTPRH,1.2049325052551028
PTPRJ,4.6178850245240355
PTPRK,12.136579234142324
PTPRM,24.244535893685853
PTPRN,4.098457834657847
PTPRN2,9.059108063629768
PTPRO,0.19716950801604755
PTPRQ,0.0416178992968151
PTPRR,0.5520340162258758
PTPRS,42.53455049692942
PTPRT,0.014389196452681795
PTPRU,2.6634082291278105
PTPRZ1,12.723568033065135
PTRH1,0.23063736554228623
PTRH2,215.88377575841767
PTS,11.739752633227544
PUS1,5.6200977808933095
PXDN,4.875140739245954
PXDNL,0.0501116372078602
PXYLP1,0.3900283303635837
PYCR1,1.3085231768280998
PYCR2,331.5685619824689
PYCR3,18.52640291410028
PYGB,1945.0809974871336
PYGL,13.843268559231257
PYGM,76.89075034089446
PYURF,1.440337588786683
QARS,429.32926237229515
QDPR,665.9092457205779
QPCT,15.2007393071048
QPRT,21.951920557643586
QTRT1,73.76792816017628
QTRT2,3.0803803903498332
RAD1,1.1657634608022438
RAD18,2.4677690738822773
RAD9A,15.041887060109747
RAF1,0.6971107331600358
RAG1,0.19877665723283852
RALBP1,37.79881865907677
RARS,270.5193568753137
RARS2,13.706859036081232
RBBP6,0.9314547659349901
RBKS,0.6524166142198077
RBP1,460.4389784776012
RBP2,0.027665618122493137
RBP4,0.033410089669057785
RCHY1,9.50209516310614
RCL1,3.9971521151986034
RDH10,13.583314911313966
RDH11,296.1721706342347
RDH12,0.0964401263121599
RDH13,3.526709095447545
RDH14,29.76396418975672
RDH16,0.4285483403566053
RDH5,57.435280149146095
RDH8,0.3354345050980549
REG3A,0.01035282175561235
RENBP,15.972878072025692
RET,6.588455633854291
REV3L,10.490241821627514
RFC5,30.30713616799492
RFK,10.678663384176609
RFWD3,3.991586665956347
RGL1,18.770918789463835
RHAG,0.18273964179678984
RHBG,0.3354345050980549
RHCG,0.01514393810347898
RING1,138.56111765076142
RIOK1,0.9928648553898779
RIOK2,0.26298875274135325
RIOK3,27.829499911120553
RIPK1,10.149736003395665
RIPK2,2.9215998890858406
RIPK3,11.199842546845748
RIPK4,1.8968508256243135
RIPOR1,1.8350848174091228
RNF103,43.52200148357855
RNF115,13.713176438367181
RNF123,13.540079216127612
RNF125,1.2087811941250812
RNF126,46.411393588685144
RNF128,0.054019031765579935
RNF13,44.26535684585943
RNF130,15.839241567707665
RNF133,0.006091273163869571
RNF138,8.161721982087437
RNF139,20.29847710467831
RNF14,25.25098903015713
RNF144A,16.779061042553536
RNF144B,2.419457606284236
RNF146,62.25289829281395
RNF149,16.572331544508298
RNF152,1.594122135363858
RNF167,188.68322808514773
RNF180,4.521243868392495
RNF182,0.2878897287382845
RNF185,42.70597593075482
RNF187,66.8148977858467
RNF19A,32.02038412147113
RNF19B,12.75775462860329
RNF2,6.746030779597696
RNF20,3.110902738486238
RNF216,31.250300552218135
RNF217,10.945331405112672
RNF25,39.89418630740293
RNF31,30.232381306780255
RNF40,2.0784429812337715
RNF41,23.102454831017933
RNF5,84.9596472098558
RNF8,4.855788341557
RNGTT,3.6133640612749365
RNMT,68.0903017065635
ROCK1,7.1277173926636035
ROCK2,10.584948260532068
ROR1,3.9393794892950247
ROR2,0.5806288144620741
RORA,3.97371184447637
ROS1,0.001880454483516838
RPAP2,2.199085702009781
RPE,91.9174648717707
RPE65,0.032261918517877144
RPIA,33.59053065969574
RPL14,1920.0333295099726
RPN1,326.99918511438005
RPN2,280.64562969486974
RPP14,43.017547570090336
RPS6KA1,3.438715758442473
RPS6KA2,9.555672171229313
RPS6KA3,2.5703999986631607
RPS6KA4,1.3434927299255721
RPS6KA5,9.510185925304674
RPS6KA6,1.7808486699793964
RPS6KB1,2.633352841076924
RPS6KB2,38.344304346359436
RPS6KC1,0.6194664002340962
RPUSD4,1.3001178509452422
RRM1,16.05051162752833
RRM2,0.06964127597317152
RRM2B,7.35179327405242
RTCA,19.286849002577117
RWDD2A,3.3020404625522013
RXRA,16.851079154281784
RYK,42.995548463627465
SACM1L,19.333041107623163
SAE1,497.0933605017938
SAP130,1.1472381898242154
SARDH,0.9413497973225711
SARS,221.7631576937167
SARS2,17.692481368489684
SAT1,156.26387646549236
SAT2,243.976032552184
SBK1,0.1316569063357438
SC5D,12.382652031246199
SCARB1,6.212797991925895
SCARF2,11.228451118494304
SCD,53.652553345802424
SCD5,27.118953428115763
SCLY,4.110211243684302
SCP2,167.52131226419732
SDC1,0.07851680803604319
SDHA,295.1401496876336
SDHB,160.84550566758432
SDHC,17.98902112981027
SDHD,5.194844682133639
SDR16C5,0.028699767875020127
SDR42E1,1.3899247434938353
SDR42E2,0.06509785792907523
SDR9C7,0.39126798983498595
SDS,0.055621876545652496
SDSL,0.4540523415159417
SEC11A,242.90394815018936
SEC11C,2.7888908543205604
SELENOI,0.1784505883933933
SEPHS1,760.3868369622153
SEPHS2,22.76852744096514
SERPINA1,0.39617200533072383
SERPINA3,2.4721698692450658
SETD1A,0.5189923740431605
SETD1B,57.412622217110524
SETD2,0.09160327613054035
SETD5,42.566682932620985
SETD7,5.81204521667156
SETDB1,0.42843087229017557
SETDB2,6.823408443519414
SETMAR,9.753504921725538
SFXN3,1995.8519137912322
SGK1,1.7767101445929019
SGK2,0.9636165333554885
SGK3,3.6606683027262985
SGMS1,10.120618374184323
SGMS2,5.578794106746829
SGPL1,37.03055183935145
SGPP1,9.388960178212134
SGPP2,0.7542743252734926
SGSH,29.051214624589395
SH3RF1,4.059095425884626
SH3RF2,0.4789023368541792
SH3RF3,4.1656057223940195
SHMT1,101.63968406880252
SHMT2,171.6722395191347
SHPK,4.413771615368905
SHPRH,1.1709450335845222
SI,0.013565806649986242
SIAE,8.891021044954327
SIAH1,4.182944898566937
SIAH2,25.02774973898944
SIK2,9.720996040511517
SIK3,5.789232239407074
SIN3A,5.55517212653868
SIN3B,0.2928709719584646
SIRT1,15.937221130833061
SIRT2,68.00565385014089
SIRT3,9.777899902786022
SIRT5,6.588455633854291
SIRT6,12.44218699645638
SIRT7,16.680130566704246
SLC10A1,0.01531613863599548
SLC10A2,0.00438294331506885
SLC10A6,0.24590739750478552
SLC11A1,0.22465374885483452
SLC11A2,9.745375797219783
SLC12A1,0.01230039668442687
SLC12A2,4.119833369864635
SLC12A3,0.3836436624241189
SLC12A4,0.9824034738286487
SLC12A5,0.06306663733936128
SLC12A6,0.10134744037860392
SLC12A7,3.3356200877457463
SLC13A1,1.3898493503991496
SLC13A2,0.9791894450655247
SLC13A3,0.9551893675444103
SLC13A4,0.2227286994883905
SLC13A5,0.020289574188357154
SLC14A1,0.5797075035495971
SLC14A2,0.012862024116513358
SLC15A1,0.3142170338228099
SLC15A2,1.052386065516821
SLC15A3,40.01062394100405
SLC15A4,13.00611872498384
SLC16A1,36.08901068758023
SLC16A10,0.03847906800476714
SLC16A2,16.3660836238824
SLC16A3,3.1224227843631938
SLC16A7,0.2364710249884626
SLC16A8,0.7835828270357093
SLC17A1,0.06505057075080632
SLC17A2,0.014797084619435076
SLC17A3,0.008500022923977491
SLC17A4,0.024686607875964203
SLC17A5,9.413182021531437
SLC17A6,0.03561924497624714
SLC17A7,1.9785533984867925
SLC17A8,0.023326127399307364
SLC18A1,0.014073089404498456
SLC18A2,3.8968850569977698
SLC18A3,2.04206888483434
SLC19A1,3.213977816482664
SLC19A2,6.490388740407429
SLC19A3,0.11920571808415155
SLC1A1,3.4205888208666204
SLC1A2,0.19638642044921517
SLC1A3,0.6681323727437911
SLC1A4,1.481661224367438
SLC1A5,11.412363003964193
SLC1A6,0.017539579826410263
SLC1A7,1.9376215029746684
SLC20A1,12.706481177638132
SLC20A2,19.268377954274026
SLC22A1,0.13774777564537266
SLC22A10,0.10034501076203277
SLC22A11,0.016339676478931038
SLC22A12,0.01553981150373006
SLC22A13,0.4146385452685862
SLC22A16,0.1415176491516722
SLC22A18,2.933028701813277
SLC22A2,0.04578319262797241
SLC22A3,5.008201891704859
SLC22A4,1.2551431820087118
SLC22A5,9.364750025498113
SLC22A6,0.3332262579895881
SLC22A7,0.019417915053826975
SLC22A8,0.6796964855365107
SLC22A9,0.11807453767167743
SLC23A1,0.1560950617693538
SLC23A2,20.093518091469985
SLC24A1,1.7207238777388
SLC24A2,0.13624764896740302
SLC24A3,19.47174130201284
SLC24A4,0.12828756151835408
SLC25A1,664.887259747826
SLC25A10,2.875353873103881
SLC25A11,1481.382452543197
SLC25A12,1113.2587261545864
SLC25A13,116.45144324844209
SLC25A14,6.123259985163155
SLC25A15,0.8146301785507919
SLC25A16,4.039785600389513
SLC25A17,5.237593087199937
SLC25A18,0.3447436707322495
SLC25A19,2.969427860217506
SLC25A2,0.056550559093732675
SLC25A20,14.795407237406096
SLC25A21,0.5002634570237082
SLC25A22,5.035485314522119
SLC25A26,6.56580040052377
SLC25A27,57.70730572389027
SLC25A28,109.65352540073741
SLC25A29,15.919398256180507
SLC25A3,2570.6608852691465
SLC25A37,12.706481177638132
SLC25A4,890.7467290457023
SLC25A5,2766.063221761474
SLC25A6,958.5257765350913
SLC26A1,1.0197919916336224
SLC26A11,17.18491050823097
SLC26A2,2.270659873392921
SLC26A3,0.07278688757498893
SLC26A4,0.2142638227083993
SLC26A6,19.286849002577117
SLC26A7,0.5601189093434962
SLC26A8,0.08247602875918052
SLC26A9,0.04431319325572662
SLC27A1,6.684436391286888
SLC27A2,0.033129356261676415
SLC27A3,28.881776558319658
SLC27A4,2.6364855232633504
SLC27A5,2.875353873103881
SLC27A6,1.1132647221339154
SLC28A1,0.024766277172399563
SLC28A2,0.03459397235952113
SLC28A3,0.01195874195846672
SLC29A1,292.48950127000234
SLC29A2,1.3837173938637333
SLC29A3,4.285170446667458
SLC29A4,1.5513688729748067
SLC2A1,5.2736812264448965
SLC2A10,7.545033378492533
SLC2A11,10.325658491055512
SLC2A12,2.542148885015662
SLC2A13,3.5560580924849483
SLC2A14,0.022946228088695803
SLC2A2,0.7271472329221568
SLC2A3,7.934291616697281
SLC2A4,161.60960062444525
SLC2A5,1.1453025491002782
SLC2A6,1.6802722600446667
SLC2A7,0.02769435809366143
SLC2A8,41.125251636604084
SLC2A9,0.6236264213371722
SLC30A1,7.136488360315554
SLC30A6,6.611125458119654
SLC30A7,15.109873193309397
SLC31A1,2.8243400154924956
SLC32A1,0.007025349201418232
SLC33A1,556.2343288077184
SLC34A1,0.052920680058348275
SLC34A2,0.0604505654049521
SLC34A3,0.058354105956818406
SLC35A1,36.25437104073211
SLC35A2,6.235220421557471
SLC35A3,6.482856555599904
SLC35B2,1.0383445933554096
SLC35B4,5.639633474437647
SLC35C1,4.884343231103379
SLC35D1,6.332558369973889
SLC35D2,18.80768390180924
SLC36A1,3.860627772770771
SLC36A2,0.010152376492000985
SLC36A4,3.401889022017644
SLC37A1,2.017222930302961
SLC37A4,6.823408443519414
SLC38A1,45.36851652285607
SLC38A2,106.46551592750367
SLC38A3,0.21980698597679138
SLC38A4,0.6460521781950112
SLC38A5,0.8919143153504786
SLC39A7,23.920376475559166
SLC3A1,0.031038192848795616
SLC3A2,35.57148911286807
SLC40A1,28.017576505868842
SLC41A1,15.91048821898276
SLC41A2,1.3129901983861907
SLC43A1,18.285059446136593
SLC43A2,5.431975375447537
SLC46A1,3.240415920406017
SLC47A1,1.871153549651345
SLC47A2,0.06082750586323369
SLC4A1,13.592771879362395
SLC4A10,0.09946391835951489
SLC4A2,43.1995409198162
SLC4A3,3.6667598235686834
SLC4A4,2.7992192138299794
SLC4A5,0.9805122417476896
SLC4A7,2.2799248323269
SLC4A8,0.155195710207691
SLC4A9,0.05593111740115972
SLC51A,0.7668816441301841
SLC51B,2.1126705652287736
SLC52A1,0.057637639168844464
SLC52A2,16.46466361221918
SLC52A3,0.11519031570277455
SLC5A1,0.03228983296697505
SLC5A10,0.006960356603257142
SLC5A11,0.1597021426230743
SLC5A12,0.06376350866280432
SLC5A2,0.17992477875504884
SLC5A3,0.1255683507315296
SLC5A5,0.007719796226531822
SLC5A6,11.81554916111769
SLC5A7,14.918551869385047
SLC5A8,0.3418527760399266
SLC5A9,0.7371915535746211
SLC6A1,1.6791024425422996
SLC6A10P,0.03240153591540654
SLC6A11,0.0022898558749673632
SLC6A12,0.0563336092891446
SLC6A13,0.03206664407402097
SLC6A14,0.3354345050980549
SLC6A18,0.020564936803086797
SLC6A19,0.002904374425408972
SLC6A2,0.07470931789367903
SLC6A20,0.05251675816921858
SLC6A3,0.11152113387915114
SLC6A4,0.037213691539750966
SLC6A5,0.007771085042261918
SLC6A6,0.3249280266926331
SLC6A7,0.02987845207063238
SLC6A8,96.34755328827958
SLC6A9,12.289205298801491
SLC7A1,7.560532999875308
SLC7A10,0.6676401979066762
SLC7A11,0.00788886075901337
SLC7A2,6.701950040370609
SLC7A3,0.05954144349853118
SLC7A5,1.6511184560592336
SLC7A6,6.520533832738247
SLC7A7,1.087326549077457
SLC7A8,1.6750092828849732
SLC7A9,0.6299490789911546
SLC8A1,7.498570290005139
SLC8A2,16.151385940379445
SLC8A3,0.06294008770440215
SLC8B1,7.638120202456908
SLC9A1,29.66071784156772
SLC9A2,0.042821385657800325
SLC9A3,1.2027342866531983
SLC9A4,0.314551529377227
SLC9A5,0.41545071785725884
SLC9A7,0.3054360212211805
SLC9A8,8.628084563958788
SLCO1A2,0.0014871705518243314
SLCO1B1,0.5745214485775751
SLCO1B3,0.005074522316989931
SLCO1C1,0.02360265618405405
SLCO2A1,6.4301771840033215
SLCO2B1,9.051090582095801
SLCO3A1,2.3327030421648365
SLCO4A1,1.8574355056697607
SLK,33.386333601905115
SMARCD3,47.05451793414
SMG1,1.347089235264943
SMPD1,29.061187342976506
SMPD2,6.125131957593272
SMPD3,4.131660126741936
SMPD4,11.463153533214127
SMS,224.3919725445921
SMURF1,15.16541183049987
SMURF2,11.103378593493053
SMYD3,3.2389243826729763
SNRK,17.374925271822292
SOAT1,3.2132955394005975
SOAT2,0.12045462030120398
SOD1,2077.350560223398
SOD2,21.876242223862608
SOD3,219.70564530415365
SORD,1.4148059297449718
SPCS1,120.62141008831956
SPCS2,229.62799951065665
SPCS3,617.307550111011
SPEG,247.84324674016716
SPHK1,3.2715323477946736
SPHK2,1.452621498603793
SPR,422.8335111055032
SPRYD3,59.60676332908325
SPTLC1,19.61708300268033
SPTLC2,1.9410893423290247
SPTLC3,0.7301788545694351
SQLE,0.12073745361083432
SRC,17.78509660675043
SRD5A1,3.5500014485333082
SRD5A2,0.3354345050980549
SRD5A3,1.3741344657642087
SREBF1,54.11153848076192
SRM,436.61040534245154
SRMS,0.15573239593730395
SRPK1,3.2802472046831306
SRPK2,13.88668360730776
SRPK3,11.470997381095463
SSH1,16.133518459018664
SSH2,3.647814656562994
SSH3,26.89270143418633
SSR4,193.61434689392496
SSU72,147.0249294345846
ST3GAL1,3.532515345504548
ST3GAL2,9.753504921725538
ST3GAL3,18.715796388705648
ST3GAL4,15.599227598363843
ST3GAL5,4.766757199522613
ST3GAL6,5.37592650311572
ST6GAL1,3.670144820662879
ST6GALNAC1,1.6738401522864401
ST6GALNAC2,39.89418630740293
ST6GALNAC3,1.1024432463702822
ST6GALNAC4,13.557370397990603
ST6GALNAC5,6.4301771840033215
ST6GALNAC6,84.923076255952
ST8SIA1,1.8443316175541422
ST8SIA4,0.33762563898958087
ST8SIA5,0.042586055716707476
STAMBP,7.982934606655514
STAMBPL1,3.213317383772756
STARD3,58.41114862082761
STK10,0.36011801605561544
STK11,48.12639700908306
STK16,1.6108482324961018
STK17A,6.130712181688472
STK17B,0.8453862422707605
STK19,9.629218045174916
STK24,37.442948655297606
STK25,3.7201945071971165
STK26,0.629690691282171
STK3,9.900377353683393
STK31,0.044653346269912214
STK32A,6.945272887383466
STK32B,0.8028973079422133
STK32C,6.250177100492139
STK33,7.20556273705411
STK35,22.321550263390414
STK36,24.109640125371183
STK38,28.010443045417766
STK38L,27.424461333994323
STK39,32.02243890224129
STK4,1.2767100011490469
STRA6,0.03992650107677542
STS,7.236302359825707
STT3A,6.5680638997918
STT3B,42.78101510880319
STUB1,90.48246330829039
STYK1,0.18509803338708672
STYXL1,19.443986422745116
SUCLA2,156.7350075641516
SUCLG1,437.94551274153514
SUCLG2,1116.4814882363212
SULT1A1,9.251924445845951
SULT1A2,0.3260110887958733
SULT1A3,0.4335361972581103
SULT1B1,0.017494764920261988
SULT1C2,1.4031706299134283
SULT1C4,7.910833245985064
SULT1E1,1.3273511575593253
SULT2A1,3.553854432798619
SULT2B1,0.1141286295376347
SULT4A1,3.914009527221468
SUOX,27.05005657973445
SUV39H1,4.954434679447183
SUV39H2,1.340412591289459
SYK,6.998715115592615
SYNJ1,0.09028329767453377
SYNJ2,0.04672429497294613
SYVN1,1.1583850296306328
TAF1,13.195127757165988
TALDO1,80.59240548065014
TAOK1,3.6400364575616133
TAOK2,22.131852250421566
TAOK3,14.584748354817908
TARS,186.8979382956121
TARS2,1.3508508457930708
TARSL2,14.583201289432271
TAT,0.004713702866355556
TBCB,139.33559858895154
TBK1,1.0026040744241764
TBL1X,13.38697800151613
TBL1XR1,12.988430690200575
TBXAS1,0.6725649967375689
TCIRG1,110.4981771265241
TDO2,0.2774982611426347
TECR,94.95155888007373
TECRL,0.002606769249448315
TENT2,0.15316461371698084
TENT4A,0.45357387630786017
TESK1,43.9418693916104
TESK2,3.780813900215728
TFRC,19.068127747756357
TGDS,9.802306281304311
TGFBR1,15.377606861329527
TGFBR2,203.79679267580386
TGM1,0.733683635797354
TGM2,26.04011226103349
TGM3,0.07281939278713707
TGM4,0.008067218888492869
TGM5,0.002739857823244268
TGM6,0.018105422639918517
TGM7,0.01438308791538765
TGS1,8.548699997199517
TH,0.01565431270179913
THNSL1,1.4340886312469456
THTPA,5.87209208458865
TIAM2,1.0781676750189955
TICRR,0.46690659570235826
TIPARP,7.159499310297123
TK1,1.7968284004939932
TK2,12.33166465980873
TKFC,17.655218887752373
TKT,84.7158965498083
TKTL1,0.010724084700819052
TKTL2,0.3040568295727089
TLK1,21.12216999705313
TLK2,0.40421573256847576
TM7SF2,8.755384399114972
TMEM91,24.32168236246776
TMLHE,3.4660822336038044
TMX3,18.770918789463835
TNFRSF21,40.20129508185822
TNIK,8.516984693906572
TNK1,2.319026727830626
TNK2,58.07038005513503
TNKS,8.098862569493448
TNKS2,21.64006355008774
TNNI3K,2.624566684861827
TNS2,1.434061794943761
TOPORS,13.4105272925336
TP53RK,5.784526658584541
TPH1,0.29024603029435764
TPH2,0.005033091536479073
TPI1,5790.516643548614
TPI1P2,0.3354345050980549
TPK1,1.4990951388268494
TPMT,9.66415445820529
TPO,1.6394198409594274
TPP1,110.93363165387086
TPSAB1,11.984311594126611
TPSB2,5.343221164609123
TPSD1,0.06544818232131401
TPST1,12.689398621921573
TPST2,3.239754474124428
TPTE,0.3354345050980549
TPTE2,0.0313710562379618
TRAF7,55.076654339002154
TRDMT1,0.7306793452123861
TREH,0.055869243565605214
TREX1,3.751991960844624
TREX2,0.39974572049136375
TRHDE,0.548711355488636
TRIB3,0.6958015840869489
TRIM11,2.4188313631291884
TRIM32,2.049797717227257
TRIM33,6.072921727293034
TRIM63,0.10490141001633599
TRIO,1.6906979634268222
TRIP12,11.270602150239748
TRIT1,19.480994574750095
TRMT1,11.271965398627282
TRMT11,13.540079216127612
TRMT1L,7.66919652013364
TRMU,9.179529278443392
TRPM6,0.06675702280261679
TRPM7,8.580437339371482
TSSK1B,0.20447763106973466
TSSK2,0.0231714118888251
TSSK3,10.556211152697752
TSSK4,0.8898365439638507
TSSK6,0.9599279436677044
TST,14.261097232414853
TSTA3,128.36263361423585
TTC3,43.55427220409053
TTK,0.004587376755928913
TTL,1.0832737011598734
TTLL10,0.005564493166011042
TTN,0.21053032394642526
TUSC3,2.478911773391035
TUT1,0.48837084694245353
TUT4,0.6950417161591614
TUT7,0.1907089895411479
TXN,832.9553211360462
TXN2,36.35823550028615
TXNRD1,107.27970796708112
TXNRD2,9.981632967014717
TXNRD3,1.2858579216137676
TYMP,13.557370397990603
TYMS,9.521031930391132
TYR,0.1046323172264974
TYRO3,4.575513358780217
TYRP1,0.01106577629105284
UAP1,20.71064989095079
UAP1L1,13.2295477620998
UBA1,463.26418616126074
UBA2,106.40302792324934
UBA3,74.72735773090689
UBA6,63.8397251256473
UBA7,106.2112384527568
UBE2A,54.89793333514692
UBE2B,65.18698193022759
UBE2C,0.39103313095332787
UBE2D1,12.980384388989794
UBE2D2,34.84471265261002
UBE2D3,920.3682977831412
UBE2D4,14.453374664403405
UBE2E1,58.85470447008786
UBE2E2,5.593271672247288
UBE2E3,11.467038023451996
UBE2F,1.592587890968746
UBE2G1,28.381480736975682
UBE2G2,14.874981976001292
UBE2H,544.8216247945559
UBE2I,599.3084900454246
UBE2J1,9.806838819139507
UBE2J2,22.540076518222335
UBE2K,546.9296124493768
UBE2L3,2023.3174761569412
UBE2L6,33.99665051395588
UBE2M,210.1351964188783
UBE2N,18.81687728317916
UBE2NL,0.01827958671772233
UBE2O,17.35681179327604
UBE2Q1,5.280001821969802
UBE2Q2,5.063135302536803
UBE2QL1,7.290155520207427
UBE2R2,23.759155382499397
UBE2S,16.18713200193663
UBE2T,1.514526521748082
UBE2U,0.023784263818109993
UBE2W,4.715615815450257
UBE2Z,80.25514412015013
UBE3A,29.522339684888436
UBE3B,16.824065597389637
UBE3C,4.811802783162215
UBE4A,0.6548543620531356
UBE4B,6.729945245861255
UBLCP1,77.46794899423436
UBR1,1.0261682074978487
UBR2,6.0595992582711915
UBR3,0.04603362430149488
UBR4,9.925234983403913
UBR5,1.0698185441431327
UBR7,19.814658456211607
UCK1,27.117801749221922
UCK2,1.3139422819575344
UCKL1,66.60517408067521
UCP1,0.058364989262093596
UCP2,7.770357148030185
UCP3,1.4426111968941313
UEVLD,7.236302359825707
UGCG,11.195072818892319
UGDH,61.18315220037247
UGGT2,5.206991990672249
UGP2,1698.6013125957934
UGT1A1,0.5818457107151666
UGT1A10,0.14272264379251745
UGT1A3,1.0114790584917612
UGT1A4,0.0951329295757727
UGT1A5,0.4044927492424471
UGT1A6,0.17846484523713252
UGT1A7,0.817507176308654
UGT1A8,0.1293154038699776
UGT1A9,0.11549856641655931
UGT2A1,0.3354345050980549
UGT2A3,0.031232282405866924
UGT2B10,0.010004207784738733
UGT2B11,0.29404044855333394
UGT2B15,0.6704297803167216
UGT2B17,0.035330687852937845
UGT2B28,0.6936387983112186
UGT2B4,0.7544150219594951
UGT2B7,0.008248480524010325
UGT3A1,0.001618458865737644
UGT3A2,0.03655541929791189
UGT8,0.15437216055063993
UHMK1,10.680111642676295
UHRF1,0.015486275369438661
UHRF2,11.095049761250587
ULK1,55.0204556564207
ULK3,69.58766811507122
ULK4,0.5591666047803401
UMPS,125.88570266441909
UPB1,0.13056823625394923
UPP1,1.9247523917204534
UPP2,0.013894071571004734
UPRT,2.4846557026376983
UQCR10,58.11794367875204
UQCR11,129.005614288123
UQCRB,210.96585578763992
UQCRC1,1563.4439595935512
UQCRC2,2898.365073737699
UQCRFS1,383.8804901264863
UQCRH,73.80077126016253
UQCRQ,115.14936597177237
UROC1,0.005119971632253235
UROD,77.82856408776989
UROS,13.574665708684453
USP1,17.022352966679307
USP10,6.56259080204227
USP11,84.4966331273252
USP12,55.84201938616162
USP13,3.966153944337344
USP14,92.70610598508654
USP15,6.243265210228136
USP16,36.46237322342959
USP17L2,0.7544524097088302
USP17L22,0.04998256910149056
USP17L30,0.050968258904732194
USP17L5,0.050968258904732194
USP17L9P,0.3354345050980549
USP18,1.3387306260507874
USP19,2.4241228216462454
USP2,0.9615084435709489
USP20,28.80210526550626
USP21,38.88071467360054
USP22,78.67741785171107
USP24,2.936612595995126
USP25,0.2162445045494271
USP26,0.08118014005684498
USP28,11.203415649807322
USP29,0.08228852752006045
USP3,0.9753973700330966
USP30,0.27098625799275056
USP31,2.396932006216068
USP32,0.3109426867853381
USP33,23.81144528310266
USP34,14.130276249087173
USP35,8.012579861110526
USP36,15.395314649689258
USP37,0.7749707760571602
USP38,3.3832084433795133
USP4,4.215263025634962
USP40,1.0499022776144435
USP41,0.00540822476845329
USP42,5.014661246830804
USP43,0.11303349267991981
USP44,0.943624715685621
USP45,2.8798823140186873
USP46,2.949917859992119
USP47,9.11048760197595
USP48,0.5390752445056125
USP49,2.585832439440227
USP51,1.4865081400660958
USP6,0.3473547476740073
USP7,47.976084675106144
USP8,0.9047230271934606
USP9X,6.917694023347074
USP9Y,0.004427167848769405
UST,8.604254778302804
UXS1,10.970258000027854
VARS,81.5872850459768
VARS2,126.38339708668708
VKORC1,72.02652202455646
VNN1,0.14329889724716235
VNN2,0.39037758120021787
VNN3,0.012477736724379036
VRK1,22.12221829758172
VRK2,2.5741704286185336
VRK3,10.038818675234504
WARS,330.4130105628052
WARS2,8.806310694290051
WDYHV1,5.127590611673367
WEE1,21.075205548142595
WEE2,0.027394661031286908
WNK1,3.752213621896852
WNK2,38.239289742726456
WNK3,0.230891087911963
WNK4,0.16377840412337602
WWOX,3.1935162309812877
WWP1,28.444095693271695
WWP2,0.12089844751467868
XDH,0.0362683200260901
XPO6,0.346845915947373
XPO7,28.255485021472488
XYLB,0.35639109651883627
XYLT1,12.459206795931902
XYLT2,17.202990286706257
YARS,695.7198769098109
YARS2,22.212775332280632
YES1,13.964894720459112
ZADH2,30.644834808094462
ZAP70,0.8315196237444891
ZC3HAV1,2.435261844133972
ZNRD1,8.33214036161656
ZNRF1,17.728841881486563
ZNRF2,1.4822598542327918
ZSWIM2,0.015679988656711358
