A4GALT,1.615511227335681
A4GNT,0.004145066316201334
AACS,82.33000528244152
AADAC,0.1928827681946058
AADAT,0.6541288906332772
AAK1,28.355126661513385
AANAT,0.0581741125941061
AARS,601.9269022714384
AARS2,4.933484534488558
AASDH,2.1007814744785174
AASDHPPT,6.016374307038275
AASS,0.00917569329799838
AATK,0.1788715048254441
ABAT,2.6772500604085465
ABCA1,0.28692002309145387
ABCA3,0.7211072635170764
ABCA4,1.6754306577174276
ABCA8,0.2692219320456461
ABCB1,0.004826112758754104
ABCB11,0.00039571402907703383
ABCB4,0.00039571402907703383
ABCB6,4.491310423801509
ABCC1,0.5552171553862454
ABCC11,0.46034042871636466
ABCC2,0.08855081201127385
ABCC3,24.198931349382445
ABCC4,0.4219762767509384
ABCC5,21.27401875068805
ABCC8,0.05536502372092665
ABCC9,0.02222770643740474
ABCD1,3.15319487410562
ABCD2,0.508865677064286
ABCD3,135.20258346046143
ABCG2,0.11365059010389064
ABCG5,0.00039571402907703383
ABCG8,0.026673876708283938
ABHD12,22.865246987121175
ABHD5,3.9897857163402777
ABHD6,0.6271820754937331
ABL1,7.618106495396584
ABL2,3.422385678614737
ABO,0.2104608654318641
ACAA1,23.197700215165288
ACAA2,11.934048477736464
ACACA,0.3354345050980549
ACACB,0.6212306070953882
ACAD10,3.737591784192357
ACAD11,0.7444381751423285
ACAD8,35.70459564747726
ACAD9,357.69307408667584
ACADL,0.00039571402907703383
ACADM,22.69389696830994
ACADS,3.05307201208442
ACADSB,64.695705130793
ACADVL,708.1593499194322
ACAT1,28.20549124056445
ACAT2,18.044068814216057
ACE,2.732026301759188
ACE2,47.77748559554084
ACER1,0.003263814788546972
ACER2,0.8116932557507024
ACER3,2.622738402155215
ACHE,1.8698005240388493
ACLY,46.29249361456683
ACMSD,0.0016706427025295332
ACO1,10.997854104181453
ACO2,39.66003558871616
ACOT1,2.7743401514018835
ACOT11,2.9709442541913327
ACOT12,0.09846384054416166
ACOT13,8.530064590529987
ACOT2,9.494153384141848
ACOT4,1.5894602335922106
ACOT6,0.005073389273337211
ACOT7,75.48238001820276
ACOT8,24.504089014470285
ACOX1,3.0301362481366585
ACOX2,0.06331042056949947
ACOX3,2.510379875207563
ACP1,6558.3186778465815
ACP2,3.916869055281369
ACP4,0.0024359998524450454
ACP5,0.18330894145321364
ACP6,13.773131351138924
ACP7,2.7870643246213676
ACPP,0.7149547766634938
ACSBG1,0.2266998426302137
ACSBG2,0.046608491476891896
ACSF2,68.10931097758608
ACSF3,13.060733621765115
ACSL1,36.926391725835394
ACSL3,12.354558756130283
ACSL4,1.0909078512569692
ACSL5,4.390402750531282
ACSL6,0.016236413194762683
ACSM1,0.007053192038768602
ACSM2A,0.0585122933778039
ACSM2B,0.06320048198640206
ACSM3,0.3764848774308031
ACSM4,0.0009818142983487712
ACSM5,0.0009818142983487712
ACSS1,0.6874245220921705
ACSS2,21.95699877836904
ACSS3,0.004145066316201334
ACVR1,1.8698005240388493
ACVR1B,2.6269221481637475
ACVR1C,0.0016706427025295332
ACVR2A,0.7489470669720832
ACVR2B,0.10188208583404272
ACVRL1,0.006044009840855166
ACY1,220.93982395056094
ACY3,1.2909792371685764
ACYP1,19.86951848422361
ACYP2,3.204647076645332
ADA,4.180290616948965
ADCY1,0.6783050853573827
ADCY10,0.013779315258576532
ADCY2,0.004145066316201334
ADCY3,23.85230339238147
ADCY4,0.004145066316201334
ADCY5,0.02141905553958115
ADCY6,14.700098975509043
ADCY7,10.919991176454747
ADCY8,0.10844658669179806
ADCY9,2.112694833407189
ADH1A,15.260920881477592
ADH1B,6.10177814305556
ADH1C,0.008097918676352449
ADH4,0.00039571402907703383
ADH5,299.3707288563676
ADH6,1.8200515029040716
ADH7,0.11332845673771044
ADHFE1,0.4631107618305663
ADI1,57.039459889989494
ADK,29.401848711552663
ADO,2.517377416301489
ADPGK,42.90355444994267
ADPRH,14.201551685546947
ADSL,245.89571584261603
ADSS,93.42874705167497
ADSSL1,5.68991534211633
AFMID,15.396485021737657
AGA,72.58787234409692
AGK,3.733042810012073
AGL,0.44493973311082996
AGMAT,0.7927440350605104
AGPAT1,6.932030107410211
AGPAT2,53.71470037538355
AGPAT3,10.273385550605349
AGPAT4,0.019148303260753056
AGPAT5,3.906820399504339
AGPS,28.572873779741837
AGT,0.005073389273337211
AGXT,0.01878525703133703
AGXT2,0.07273189725255508
AHCY,9872.39430480469
AHCYL1,35.87044529543724
AHCYL2,2.7177365753594693
AICDA,0.02460038993500046
AK1,750.4291334582601
AK2,1912.8737451676257
AK3,9.533902825344722
AK4,106.81377551314677
AK5,0.048223015109505725
AK7,0.121662101555335
AKR1A1,241.01168295066077
AKR1B1,467.31081212538066
AKR1B10,3.669495587721323
AKR1B15,0.3068774887420396
AKR1C1,2.069090893884369
AKR1C2,17.281252647253226
AKR1C3,15.01568993438593
AKR1C4,5.522781755496033
AKR1C8P,0.3354345050980549
AKR1D1,0.0009818142983487712
AKR7A2,191.88097833955536
AKR7A3,0.05314326367184062
AKT1,4.705742916547865
AKT2,3.377885067448993
AKT3,3.9897857163402777
ALAD,222.65846802373667
ALAS1,41.228851068812155
ALAS2,0.02870294262413536
ALB,0.0756803178068486
ALDH18A1,95.2834479712113
ALDH1A1,3.8380001168246562
ALDH1A2,0.42469014296737645
ALDH1A3,424.01007839308903
ALDH1B1,4.972395399073911
ALDH1L1,0.1380624579392584
ALDH1L2,0.4826126404766838
ALDH2,0.8122202485373484
ALDH3A1,34.926361226950924
ALDH3A2,179.63215136881132
ALDH3B1,27.545981749658797
ALDH3B2,1.7244932023117958
ALDH4A1,7.548153526895237
ALDH5A1,4.55795890506954
ALDH6A1,2.285183995575969
ALDH7A1,367.36887066328813
ALDH9A1,692.0811416735489
ALDOA,15925.963073319032
ALDOB,0.0024359998524450454
ALDOC,2.1007814744785174
ALG1,17.15705733094144
ALG10,1.1870119360713587
ALG11,0.7739016634348544
ALG12,3.8151246663168847
ALG13,10.890167586491494
ALG14,1.0943216028591392
ALG1L,2.3338875220838213
ALG1L2,0.02691965963093057
ALG2,84.48156723024198
ALG3,6.587224820211895
ALG5,39.09397915109509
ALG6,2.1485304666696385
ALG8,29.907512922274286
ALG9,8.646451679943041
ALK,0.01258769152377479
ALLC,0.0024359998524450454
ALOX12,0.09611450295567689
ALOX12B,0.03568984344387353
ALOX15,0.061586893946057694
ALOX15B,0.18108699878623347
ALOX5,6.305702255047484
ALPG,18.721212664620392
ALPI,0.09522613776587274
ALPL,0.10382218150007941
ALPP,243.90040470406626
AMACR,205.93978137258634
AMD1,28.898239184592885
AMDHD1,0.38973643548915365
AMDHD2,15.86281354968971
AMFR,0.6602376493684461
AMHR2,0.00039571402907703383
AMN,2.551857943918811
AMPD1,0.11167496795558433
AMPD2,15.36145134824468
AMPD3,1.509966901624568
AMT,2.168500743103294
AMY1A,2.6438139326066277
AMY1B,2.6438139326066277
AMY1C,2.6438139326066277
AMY2A,0.0889939016823485
AMY2B,0.5479987082028124
ANAPC11,187.74159399704902
ANGPTL4,3.1969643408170083
ANKRD1,0.3607280511818508
ANPEP,134.84679701389362
ANXA3,629.3814739783459
AOAH,0.3354345050980549
AOC1,0.03873834113161041
AOC2,0.7614001125788865
AOC3,0.4882194561573455
AOX1,1.2427702032435122
APOA1,0.02141905553958115
APOA2,0.07930841534161376
APOA5,0.00039571402907703383
APOB,0.003263814788546972
APOC1,3.04440201512624
APOC2,27.211319250515267
APOC3,0.010284410149274968
APOE,1.7169232923700233
APRT,1048.38580629302
AQP1,2.622738402155215
AQP10,0.0037868645526527175
AQP2,0.007053192038768602
AQP3,148.74958885458247
AQP4,0.12071685379157386
AQP5,0.049850465869802046
AQP7,0.08297632640028764
AQP8,0.0797973813681842
AQP9,0.6662584988824668
ARAF,0.5573019602812933
ARCN1,339.3375007591684
ARG1,0.003263814788546972
ARG2,4.031422893981597
ARSA,6.908791575527404
ARSB,0.6137388422372493
ART1,12.508037072622695
ART3,0.003263814788546972
ART4,0.11166812142883077
ART5,0.0024359998524450454
AS3MT,1.493589767415194
ASAH1,46.10640119695628
ASAH2,0.02977747298116212
ASH1L,0.011269612207275286
ASL,155.71523771569613
ASMT,0.005073389273337211
ASNS,246.12366704229652
ASPA,4.1554543647675315
ASPG,0.00917569329799838
ASPH,511.8927718930493
ASRGL1,12.373363311809616
ASS1,1302.8742553827085
ATE1,6.640181402084606
ATIC,497.68207410694197
ATM,0.9758155661096154
ATP10A,0.7520557580692604
ATP11A,9.076374388685277
ATP11C,2.236725477199828
ATP1A1,196.56313668211664
ATP1A2,0.08855081201127385
ATP1A3,1.686722927744204
ATP1A4,0.003263814788546972
ATP1B1,170.39338633524565
ATP1B2,0.022766003263139403
ATP1B3,80.2788111093108
ATP1B4,0.020317090524169256
ATP2B1,7.942978815454733
ATP2B2,0.0024359998524450454
ATP2B3,3.8082211325943556
ATP2B4,32.580040117405574
ATP4A,0.00039571402907703383
ATP4B,0.2703572249398832
ATP5F1A,100.33314154036917
ATP5F1B,688.4484623824875
ATP5F1C,246.26901825178393
ATP5F1D,52.34899926504323
ATP5F1E,102.75286103959917
ATP5MC1,389.9899241931586
ATP5MC2,265.8985468458492
ATP5MC3,426.38772278337075
ATP5ME,355.3861750446234
ATP5MF,995.053970854471
ATP5MG,444.60248879744705
ATP5MGL,0.008097918676352449
ATP5PB,587.4462239549416
ATP5PD,531.138086065285
ATP5PF,149.22944678627917
ATP5PO,206.77466184801884
ATP5S,0.3354345050980549
ATP6V0A1,1.464321509329108
ATP6V0A2,0.969028348502614
ATP6V0A4,0.10382218150007941
ATP6V0B,59.373256095098625
ATP6V0C,139.78866002444644
ATP6V0D1,392.9310529186466
ATP6V0D2,0.36858648977154324
ATP6V0E1,180.7453901934359
ATP6V1A,129.29969185560128
ATP6V1B1,21.109222000539617
ATP6V1B2,149.69341084910042
ATP6V1C1,29.36910847476028
ATP6V1C2,0.8982525535572976
ATP6V1D,60.6404004907968
ATP6V1E1,139.12271259061708
ATP6V1E2,1.6080578411032342
ATP6V1F,21.99758877199092
ATP6V1G1,55.64670540764418
ATP6V1G2,0.1678922545059806
ATP6V1G3,0.0720930261258068
ATP6V1H,14.124196859300651
ATP7A,0.3738476703359444
ATP7B,0.022766003263139403
ATP8A1,0.03568984344387353
ATP8B1,2.71092738515238
ATP8B2,0.2456019992724472
ATR,0.07108284632896869
AUH,2.430812726668918
AURKA,0.9150884308799958
AURKB,16.747337612577667
AURKC,0.6034574440998796
AWAT1,0.0633604788899994
AWAT2,0.6905945531355334
AXL,0.09506688365772606
AZIN2,0.675271705779368
B3GALNT1,4.46756396035836
B3GALNT2,15.594111567498906
B3GALT1,0.0009818142983487712
B3GALT2,0.005073389273337211
B3GALT4,0.5916770642778468
B3GALT5,0.8403145554600185
B3GALT6,3.7785915696503154
B3GAT1,0.1613848750870659
B3GAT2,0.02691965963093057
B3GAT3,25.403456689899773
B3GLCT,1.533977554348017
B3GNT2,4.643990451863169
B3GNT3,28.91302172755626
B3GNT4,0.12980081044475225
B3GNT5,5.85636289396153
B3GNT6,0.3354345050980549
B3GNT7,0.17446003112230848
B3GNT8,0.01258769152377479
B3GNT9,5.291203104063808
B3GNTL1,1.2743987881640484
B4GALNT1,0.08482491766838977
B4GALNT2,0.007053192038768602
B4GALNT3,4.227073038927273
B4GALNT4,6.177250067994196
B4GALT1,31.693257152867616
B4GALT2,12.397543844870835
B4GALT3,19.6399129676926
B4GALT4,36.340001039107385
B4GALT5,55.31273749295087
B4GALT6,0.31191615956527624
B4GALT7,20.011649196601784
B4GAT1,4.577044017632438
BAAT,0.005073389273337211
BARD1,1.5931756470116918
BBOX1,0.022766003263139403
BCAP31,1478.3036116477724
BCAT1,0.06331042056949947
BCAT2,20.391834710814805
BCHE,0.004145066316201334
BCKDHA,4.951778628694283
BCKDHB,4.615270891298597
BCKDK,30.295572282834065
BCO1,1.615511227335681
BCR,0.8169342525672111
BDH1,48.33616757837367
BDH2,4.082451599480639
BHMT,0.007053192038768602
BHMT2,0.08855081201127385
BIRC6,5.245964767317921
BLK,0.0016706427025295332
BLVRA,419.9505698307698
BLVRB,1512.6071834207823
BMP1,11.385818106962137
BMP2K,0.22704078309389686
BMPR1A,0.9934788837684174
BMPR1B,0.007053192038768602
BMPR2,2.2125889604632927
BMX,0.06795304540825457
BPGM,3.2238827637651095
BPNT1,29.8702621482083
BRAF,2.622738402155215
BRAP,0.14393904682084
BRPF1,6.778487214083362
BRSK1,0.3738476703359444
BRSK2,0.43285640755715893
BSCL2,13.115856860550142
BSG,76.99983373227249
BTD,3.4357584605983935
BUB1,34.59432250636432
BUB1B,1.1480986157355124
C1GALT1,7.699011169344909
CA1,0.3354345050980549
CA12,0.056485203651078446
CA13,19.638926374610918
CA14,0.040284502082723425
CA2,6.476213170892481
CA3,0.013779315258576532
CA4,0.0009818142983487712
CA5A,0.0009818142983487712
CA5B,0.23576703613978817
CA6,10.425839500790367
CA7,0.0016706427025295332
CA8,0.0009818142983487712
CA9,0.007053192038768602
CAD,54.39867375391919
CALM1,523.5137213350536
CAMK1,0.1465982807566452
CAMK1D,3.9990295562934106
CAMK1G,0.00039571402907703383
CAMK2A,0.02141905553958115
CAMK2B,0.14855644817574876
CAMK2D,86.7983260845205
CAMK2G,11.868046173446388
CAMK4,0.00917569329799838
CAMKK1,0.1176401657077333
CAMKK2,6.6061024084256115
CANT1,45.58301100878465
CARM1,7.289447510410183
CARNS1,0.19226038465402365
CARS,13.70104502684391
CARS2,14.37752909953284
CASK,24.464688425393486
CAT,59.719542413074855
CBLC,5.715061360736503
CBLL1,5.559581949976326
CBLL2,0.027434690025870352
CBR1,49.332234482257924
CBR3,95.64533442219452
CBR4,35.868031758649565
CBS,15.523917600734379
CBSL,15.523917600734379
CBX1,166.38398005139607
CCNB1IP1,21.963923610129427
CD36,0.78959618351883
CD38,0.013779315258576532
CDA,161.63228119273484
CDC14A,0.865951584724817
CDC14B,6.98356263036703
CDC25A,7.731429713490293
CDC25B,94.3884916164703
CDC25C,9.733238603185821
CDC34,3.275012923321753
CDC42BPA,0.9564219571693392
CDC42BPB,1.7032713599215832
CDC42BPG,15.753922079669955
CDC7,8.430602994679186
CDIPT,158.8560266913913
CDK1,42.820072064307055
CDK10,30.744802277292106
CDK11A,5.589595229070233
CDK11B,20.364622393824423
CDK12,15.837176024834168
CDK13,5.730161587170169
CDK14,4.481808255272979
CDK15,0.00039571402907703383
CDK16,76.08623300850974
CDK17,2.2407542618895278
CDK18,5.128759569105868
CDK19,2.936523780988588
CDK2,58.50678255325205
CDK20,1.8505226759635465
CDK3,1.5931756470116918
CDK4,14.071382665764283
CDK5,21.66318509567301
CDK6,6.8269339698053155
CDK7,69.8725986225635
CDK8,5.499670660771471
CDK9,31.701227728480017
CDKL1,0.7026874619196244
CDKL2,0.0009818142983487712
CDKL3,0.19226038465402365
CDKL4,0.016236413194762683
CDKL5,0.09802815724377359
CDKN3,248.8647356756433
CDO1,0.003263814788546972
CDS1,5.5845903547651305
CDS2,21.79095842566988
CDY1,0.256335927830294
CDY1B,0.256335927830294
CDY2A,0.04923577690024244
CDY2B,0.04923577690024244
CEL,0.3043654739289106
CEPT1,8.313471337653795
CERCAM,15.920533919952513
CERK,3.3291243938508446
CERS1,1.1250193104362018
CERS2,26.95560655579413
CERS3,0.003263814788546972
CERS4,14.386107184455394
CERS5,13.70104502684391
CERS6,4.865565554695275
CES1,0.40578038980492187
CES2,20.04552523100103
CES3,0.10188208583404272
CES5A,0.00039571402907703383
CFTR,0.5171492292379292
CH25H,0.0016706427025295332
CHAT,0.014545141103376102
CHD9,18.368624771090232
CHDH,1.159362333647139
CHEK1,9.215646111504068
CHEK2,11.77252183762434
CHFR,7.147598682762616
CHI3L1,0.3738476703359444
CHIA,0.0024359998524450454
CHIT1,0.0009818142983487712
CHKA,19.327914999428057
CHKB,11.14937945490548
CHMP4A,134.9426628855459
CHPF,14.536622525825063
CHPF2,6.151635076520172
CHPT1,2.5310987542305323
CHST1,0.005073389273337211
CHST10,0.379126474022329
CHST11,6.33662384852332
CHST12,4.615270891298597
CHST13,0.004145066316201334
CHST14,0.4091625040286803
CHST2,0.0016706427025295332
CHST3,3.188199005074403
CHST4,0.4548116228118537
CHST5,0.0024359998524450454
CHST6,0.2408429181597567
CHST7,0.7833094091293387
CHST8,0.12571583082808643
CHST9,0.3354345050980549
CHSY1,0.8371228198884297
CHSY3,0.0024359998524450454
CHUK,0.512779104428512
CHURC1-FNTB,2.5062409520073623
CIDEA,0.3261466052049245
CINP,1.1844283449605577
CIT,11.48072203536917
CKB,36.28538504058153
CKM,0.005073389273337211
CKMT1A,11.892121090694568
CKMT1B,8.98663350111089
CKMT2,0.040284502082723425
CLC,1.416608020365395
CLCF1,15.262949586191139
CLK1,2.3323837345939724
CLK2,15.3392217648472
CLK3,1.0135551036872228
CLK4,0.9630926997504686
CLOCK,1.9864513771221337
CLPS,9.828993754263943
CLTRN,6.2388288468138695
CLYBL,0.2266998426302137
CMA1,0.7504889198679588
CMAHP,8.084684814523888
CMAS,37.34996708238634
CMPK1,352.1779094179618
CMPK2,7.942933879026894
CMTR1,18.216111275774836
CNDP1,0.10098650708592134
CNDP2,10.563490035844222
CNOT4,2.244784765628996
CNP,24.55385157625908
COASY,663.9242019122898
COL4A3BP,1.6084347665812475
COLGALT1,84.62907045184441
COLGALT2,0.06331042056949947
COMT,183.0350665055629
COMTD1,346.6344749080304
COP1,16.242104796602018
COPA,295.0183992662471
COPB1,135.4071608916369
COPB2,85.5126174735668
COPE,580.7096844551721
COPG1,218.14100975294028
COPG2,90.77782262383418
COQ2,11.043367397369678
COQ3,4.7496554660162555
COQ5,1.6312273200175167
COQ6,9.733238603185821
COQ7,0.18379517418263788
COX1,6162.816386388469
COX17,183.24988341745453
COX2,63808.539178831896
COX3,32738.352190162754
COX4I1,2048.118766280287
COX4I2,0.3485321525399708
COX5A,489.91979270865403
COX5B,467.0521334939195
COX6A1,25.18974440288449
COX6A2,0.006044009840855166
COX6B1,131.69805901092266
COX6B2,1.0739690252143412
COX6C,608.0863275431202
COX7A1,0.008097918676352449
COX7A2,109.42592947793604
COX7A2L,56.60951835778097
COX7B,79.82714602646988
COX7B2,0.005073389273337211
COX7C,402.3274838937522
COX8A,1658.6546386095472
COX8C,0.7410518340738615
CP,0.6951989067568
CPA1,2.3131739981911728
CPA2,0.02141905553958115
CPA5,0.1196471246026626
CPA6,0.00039571402907703383
CPOX,28.88815893182949
CPS1,0.02141905553958115
CPT1A,0.39089640880432996
CPT1B,7.812617135851124
CPT1C,0.6093682226813119
CPT2,25.323957967157416
CRAT,1.2102098729315325
CREBBP,0.13648334392751565
CRLS1,18.73454894968307
CROT,5.5068029968631995
CS,2312.8457755706995
CSAD,12.883489960847106
CSF1R,0.0581741125941061
CSGALNACT1,2.6269221481637475
CSGALNACT2,3.4670096364903933
CSK,9.841857670129825
CSNK1A1,122.77606080112066
CSNK1A1L,0.0016706427025295332
CSNK1D,68.10931097758608
CSNK1E,3.2645393055649135
CSNK1G1,1.1147643750510203
CSNK1G2,16.70782873306538
CSNK1G3,2.8594275867126298
CSNK2A1,472.1348919797558
CSNK2A2,375.1188057349598
CSNK2B,395.5675508007361
CTBP1,48.447204483223565
CTDP1,0.25027952423709093
CTDSP1,8.408538053843705
CTDSP2,19.102176556237804
CTDSPL,22.470829796180716
CTDSPL2,3.3251436064528774
CTGF,0.3354345050980549
CTH,2.46906374907391
CTPS1,24.909993020525725
CTPS2,3.805983577882632
CTSA,245.32260615006365
CTSB,102.39352221786281
CTSC,29.47608267749205
CTSD,1042.6496745318227
CTSE,0.14223814509937716
CTSF,11.320680245438789
CTSG,11.536222620817302
CTSH,235.84179508831843
CTSK,0.12368502649369327
CTSL,5.1138029867795245
CTSO,0.20359002301377552
CTSS,3.258480964428466
CTSV,45.49245105523317
CTSW,0.005073389273337211
CTSZ,8.608452404536955
CUBN,0.06988156640649791
CWC27,7.780118029150588
CYB5D1,4.124315281990833
CYB5R1,23.32405986478276
CYB5R2,4.273978607517645
CYB5R3,1213.982105476709
CYBB,0.14855644817574876
CYBRD1,10.002447093507481
CYC1,1405.2130161965026
CYLD,4.029507491673241
CYP11A1,1.649152238667278
CYP11B1,0.8426372984421979
CYP11B2,0.08105018928386314
CYP17A1,0.00039571402907703383
CYP19A1,0.00917569329799838
CYP1A1,0.7520557580692604
CYP1A2,4.881250664873969
CYP1B1,6.049428432737634
CYP21A2,0.006044009840855166
CYP24A1,0.01258769152377479
CYP26A1,0.6541288906332772
CYP26B1,1.1250193104362018
CYP27A1,3.856323802291555
CYP27B1,0.5393592836867148
CYP2A13,0.04638837469548625
CYP2A6,0.00917569329799838
CYP2A7,0.05996477628878289
CYP2B6,0.02889595120271605
CYP2C18,0.003263814788546972
CYP2C19,0.1750227487879086
CYP2C8,0.017499821294722547
CYP2C9,0.13627582512980346
CYP2D6,0.18553729162507246
CYP2E1,0.7801704988030855
CYP2F1,0.022766003263139403
CYP2J2,0.3322630586373486
CYP2S1,2.069090893884369
CYP2U1,0.11166812142883077
CYP39A1,0.2795189014372452
CYP3A4,0.0024359998524450454
CYP3A43,0.0009818142983487712
CYP3A5,0.31697421349817684
CYP3A7,0.09042790046068856
CYP46A1,0.048223015109505725
CYP4A11,1.6372931884537043
CYP4B1,1.5376618120946712
CYP4F11,5.055320895442542
CYP4F12,17.431878041759372
CYP4F2,0.0016706427025295332
CYP4F22,0.020091914259023208
CYP4F3,8.646451679943041
CYP4F8,0.6813416862973051
CYP4V2,2.17250005194601
CYP4X1,0.008097918676352449
CYP4Z1,0.0016706427025295332
CYP51A1,48.922407509428105
CYP7A1,0.015615087844251259
CYP7B1,0.9868390453482567
CYP8B1,0.13598574054012658
CYTB,12906.981489409513
DAD1,615.422243590398
DAGLA,1.2603183664414148
DAGLB,7.964702958997062
DAO,1.8577966562707513
DAPK1,36.98907126545882
DAPK2,1.391954834346458
DAPK3,1.9916955089206487
DARS,2661.729507705001
DARS2,20.500770089500854
DBH,0.00039571402907703383
DBI,480.858890460379
DBT,5.539594416402168
DCK,4.093258059347454
DCLK1,0.19208211069788392
DCLK2,0.049850465869802046
DCT,0.011422264960863375
DCTD,22.950941044628998
DCTPP1,103.42242442610322
DCXR,89.68986210747767
DDAH1,57.38636398358031
DDAH2,56.63984530385041
DDC,0.6783050853573827
DDO,0.17007486337169048
DDOST,970.9243499436323
DDR1,168.39213475365972
DDR2,0.022766003263139403
DECR1,46.35862393273851
DECR2,4.93834442483589
DEGS1,5.4922429777294814
DEGS2,0.6391252273885947
DERA,90.15789673729871
DGAT1,40.45864793308699
DGAT2,1.200894469816304
DGKA,37.44425034802087
DGKB,1.1317771868818651
DGKD,1.1870119360713587
DGKE,1.3703989245846635
DGKG,0.6301628490929226
DGKH,1.0335380531166798
DGKI,0.004145066316201334
DGKQ,1.6006126409985215
DGKZ,22.679939968122497
DGUOK,25.133074741786178
DHCR24,7.197123505032813
DHCR7,160.2883761945002
DHDH,3.6785578991299097
DHFR,1031.770466220658
DHODH,3.3114298721821114
DHRS2,40.17071261157364
DHRS3,82.95460261669074
DHRS4,433.36239913528254
DHRS9,1.2603183664414148
DIO1,0.0027272806228580563
DIO2,3.27169919730112
DIO3,0.04341917016634797
DLAT,736.6562571451922
DLD,961.5768592720933
DLST,146.098393292796
DMGDH,0.2648559119670555
DMPK,29.44638376274931
DNAJC6,0.24798979545461802
DNMT1,52.56582232733549
DNMT3A,4.25520164829353
DNMT3B,3.7239488062397537
DNMT3L,0.00917569329799838
DOLPP1,12.150226052446461
DOT1L,4.841363016996702
DPAGT1,54.727220997076316
DPEP1,0.006044009840855166
DPEP2,0.004145066316201334
DPEP3,0.0024359998524450454
DPH5,118.6194113218405
DPM1,1729.8399224796801
DPM2,41.42998883962943
DPM3,23.46381422290644
DPYD,38.20843569417132
DPYS,5.275394804691691
DPYSL2,215.41560406176066
DPYSL3,0.27323654060358016
DSTYK,0.8982525535572976
DTYMK,12.301022610798436
DUOX1,0.6182599291593913
DUOX2,0.049850465869802046
DUPD1,0.11783200419515537
DUSP1,26.07938306323118
DUSP10,3.8151246663168847
DUSP11,8.9082841624048
DUSP12,16.002360341409407
DUSP13,0.03270193645397775
DUSP14,0.3354345050980549
DUSP15,0.15067693365079465
DUSP16,5.030897289648506
DUSP18,0.9373801519580653
DUSP19,0.12368502649369327
DUSP2,0.0774893292665392
DUSP21,0.08186674790155296
DUSP22,4.008278467762815
DUSP23,31.610183797076935
DUSP27,0.00039571402907703383
DUSP28,0.7088148238157232
DUSP3,83.8026108941318
DUSP4,1.050339541586948
DUSP5,4.302180762364463
DUSP6,1.284983398509458
DUSP7,3.122641660015299
DUSP8,0.43285640755715893
DUSP9,3.1781819920582897
DUT,580.9840269615156
DYRK1A,8.238001634570544
DYRK1B,2.0414557163410754
DYRK2,3.2232945433270648
DYRK3,0.2266998426302137
DYRK4,6.486581760560542
DZIP3,5.395198021774209
EARS2,0.8858856849794949
EBP,1066.6468301009954
ECH1,263.72353537662786
ECHDC2,25.074225627916388
ECHS1,140.1110138943969
ECI1,56.36691213786343
ECI2,10.215595405187644
EGFR,2.8859791807557054
EHHADH,5.026015937561507
EHMT1,0.9729298604093207
EHMT2,1.2393916389836657
EIF2AK1,64.67925575239973
EIF2AK2,72.56181107381772
EIF2AK3,4.841363016996702
EIF2AK4,0.19172063737310968
EIF4EBP3,1.4498241000789667
ELOVL1,10.628860080718471
ELOVL2,0.024132132271680956
ELOVL3,0.40846923891596953
ELOVL4,0.013779315258576532
ELOVL5,2.6686766343670776
ELOVL6,20.126883121425006
ELOVL7,2.069090893884369
ELP3,1.0772127633440465
ENGASE,10.557669209747798
ENO1,1824.9397484389456
ENO2,6.564471323982158
ENO3,28.93158722696383
ENOPH1,197.71881003191342
ENPP1,0.0024359998524450454
ENPP2,0.003263814788546972
ENPP3,0.817044949069918
ENPP6,0.12368502649369327
ENPP7,0.2621620114119895
ENTPD1,0.1196471246026626
ENTPD2,0.8022053726154738
ENTPD3,0.017499821294722547
ENTPD4,5.0016260540275255
ENTPD5,2.9107710292114692
ENTPD6,26.752234223036037
ENTPD8,0.08113745390603253
EP300,1.0255081791254606
EPHA1,12.084074180710724
EPHA10,0.231391603751868
EPHA2,5.851106813920902
EPHA3,0.01258769152377479
EPHA4,1.0301854831340769
EPHA5,0.0009818142983487712
EPHA6,0.010284410149274968
EPHA7,0.00039571402907703383
EPHA8,0.008097918676352449
EPHB1,0.08113745390603253
EPHB2,0.18228946783166194
EPHB3,27.524061989558
EPHB4,1.3571448110246955
EPHB6,3.0011400040456624
EPHX1,180.14051088973554
EPHX2,3.6966984124520597
EPM2A,0.44654825420023003
EPRS,44.42544697313672
EPX,0.003263814788546972
ERBB2,0.40156794657987654
ERBB3,14.248462097017644
ERBB4,0.003263814788546972
ERN1,1.2252806240428553
ERN2,0.013779315258576532
ESD,293.9451824141672
ETFA,5436.883410820368
ETFB,9958.484237035178
ETFDH,14.472254760297112
ETNK1,6.5280954174754475
ETNK2,2.9064841409589275
ETNPPL,1.3663166774328985
EXT1,51.38105543389322
EXT2,34.263038076102816
EXTL1,0.017499821294722547
EXTL2,6.494264740123645
EXTL3,2.2932843093880604
EYA1,0.0009818142983487712
EYA2,0.49102861343753584
EYA3,0.9146334537051716
EYA4,0.00039571402907703383
EZH1,5.9425506416509855
EZH2,0.22890616637100952
F13A1,7.9714666557984115
F13B,0.952082265681838
F2,0.008097918676352449
FAAH,7.505181770369111
FAAH2,0.3712148689845297
FABP1,53.54695633547291
FABP12,0.07361943011456162
FABP2,2.0423800119197857
FABP3,0.7614001125788865
FABP4,1.129190566817725
FABP5,1480.5004268538657
FABP6,0.06504515086019948
FABP7,0.0009818142983487712
FABP9,1.0553661478381027
FADS1,21.735678156419215
FADS2,3.834332499247378
FADS3,0.7403636791883462
FADS6,0.006044009840855166
FAH,7.115779350367055
FAM20B,7.845148344031608
FANCL,18.514788905142908
FAR1,17.41469624061539
FAR2,0.08482491766838977
FARS2,0.714887808827178
FARSA,1991.0410329521474
FARSB,1.4292244899586914
FAS,3.342409947885161
FASN,132.52966469480566
FASTK,28.573477874905286
FAXDC2,4.46756396035836
FBP1,116.54168759566136
FBP2,0.02141905553958115
FDFT1,81.94996129283231
FDPS,144.14440057564303
FDXR,10.52258675561168
FECH,2.808301920018369
FER,1.1731678114966793
FES,0.1788715048254441
FGA,0.0024359998524450454
FGFR1,3.683091042432617
FGFR2,12.312961023998682
FGFR3,23.204715922056728
FGFR4,4.363435914196083
FGGY,3.5701618858383886
FGR,0.00917569329799838
FH,1138.968367677273
FHIT,0.12368502649369327
FHL2,22.574308457724133
FIG4,2.9107710292114692
FITM1,0.06679092675580792
FITM2,1.6604023488119477
FKBP10,37.13968832817553
FKBP11,20.133666472763007
FKBP14,5.813302542959855
FKBP1A,846.1204278683047
FKBP1B,0.1401466122369267
FKBP2,1611.9337631818232
FKBP3,822.7639624047855
FKBP4,1153.9942110091708
FKBP5,3.67671387097503
FKBP6,0.0345624960497994
FKBP7,2.5856456992083854
FKBP8,26.87722886706276
FKBP9,123.71034576530862
FKBP9P1,0.1057709159351293
FLAD1,7.441962468205727
FLT1,0.007053192038768602
FLT3,0.00039571402907703383
FLT4,0.23847169002491542
FLVCR1,3.2408764260112144
FMO1,0.004145066316201334
FMO2,0.0009818142983487712
FMO3,0.00039571402907703383
FMO4,1.900743286044929
FMO5,0.03873834113161041
FMO6P,0.3354345050980549
FN3K,3.0141031772484594
FN3KRP,29.97459205470937
FNTA,56.52141209457704
FNTB,2.321688819892852
FOLR1,11.29110146173171
FOLR2,0.003263814788546972
FOLR3,0.03873834113161041
FOSL1,30.497531644490458
FPGS,2.32953938850659
FPGT,1.9162597162306987
FRK,0.6005071887035676
FRMPD2,0.014371669987526408
FTCD,0.09802815724377359
FTMT,0.3764543508002139
FUCA1,5.4001621150632
FUCA2,30.94746627348406
FUK,3.057409202774252
FUT1,0.6601533957697256
FUT10,0.8085276886757841
FUT11,0.5508857368408507
FUT2,0.9835230916802801
FUT3,14.927164304828882
FUT4,0.1722641371280985
FUT5,0.1318548555269306
FUT6,0.1967737569057001
FUT7,0.0024359998524450454
FUT8,0.5584770959958063
FUT9,0.289397220893486
FYN,62.639966208021704
G0S2,0.1613848750870659
G6PC,0.2573661812362027
G6PC2,0.018216384410824384
G6PC3,38.43293085607964
G6PD,424.17392766071924
GAA,24.44724685691894
GAD1,2.0809614664409724
GAD2,0.00039571402907703383
GAK,1.1944769065303908
GAL3ST1,0.011422264960863375
GAL3ST2,0.04801564304876634
GAL3ST3,0.005073389273337211
GAL3ST4,0.011422264960863375
GALC,5.315920208391845
GALE,28.558736707125878
GALK1,75.83933488326213
GALK2,44.5084420793915
GALM,0.01258769152377479
GALNS,15.12969072188635
GALNT1,5.7553496145870495
GALNT10,0.574549251681415
GALNT11,6.632153500802735
GALNT12,7.147598682762616
GALNT13,0.13507794190168348
GALNT14,0.3712148689845297
GALNT15,0.00039571402907703383
GALNT2,50.19824875691568
GALNT3,15.3392217648472
GALNT4,0.2624304168764756
GALNT5,0.5136383529588231
GALNT6,3.728495150413725
GALNT7,1.4988936081545354
GALNT8,0.03984975304637445
GALNT9,0.16354721380632664
GALNTL5,0.43999999999999995
GALT,13.843628088664474
GAMT,5.845279974257199
GANC,4.615270891298597
GAPDH,14361.823353864422
GAPDHS,0.005073389273337211
GARS,340.9354516352353
GART,239.66454384103704
GATM,5.559581949976326
GBA,21.39031371161924
GBA2,25.174318488261164
GBA3,0.3354345050980549
GBE1,5.419109423077155
GBGT1,0.2104608654318641
GC,0.0024359998524450454
GCAT,213.2575508360579
GCDH,30.714804865386927
GCH1,3.0141031772484594
GCK,0.0009818142983487712
GCLC,5.86510148063298
GCLM,72.96851214915446
GCNT1,0.5221788254659914
GCNT2,5.735197095608789
GCNT2P,0.3354345050980549
GCNT3,0.031231582944055338
GCNT4,0.2243625424376347
GCNT7,0.010284410149274968
GCSH,147.63860322785285
GDA,1.2322693977891344
GDE1,23.331196311651354
GDPD2,0.008097918676352449
GFPT1,105.08014132043039
GFPT2,2.1206459408648777
GGCT,192.4559274256242
GGH,60.11080724127116
GGPS1,807.8836698262477
GGT1,0.8022053726154738
GGT2,0.0016706427025295332
GGT3P,0.00039571402907703383
GGT5,0.14223814509937716
GGT6,2.1845084550790332
GGT7,3.8700801386412063
GGTLC1,0.0009818142983487712
GGTLC2,1.7831684152107201
GIF,0.3354345050980549
GK,2.7611814417500717
GK2,0.9456388863331135
GK3P,0.0024359998524450454
GLA,19.303412471065283
GLB1,18.894759818677894
GLB1L,0.7026874619196244
GLCE,0.19285033420196152
GLDC,0.06854759555113983
GLIPR1,0.4686632262121153
GLO1,838.8301735124829
GLRX,45.50010854448086
GLRX2,16.755642046692568
GLS,138.41845310483095
GLS2,1.0268354993078919
GLT6D1,0.06930364432416915
GLT8D1,1.4716260854991792
GLT8D2,0.7489470669720832
GLTP,7.59020151355871
GLUD1,1.5123304910765465
GLUD2,50.69859512995394
GLUL,16.999619213050163
GLYAT,0.004145066316201334
GLYCTK,0.4383210023874057
GM2A,8.830097950132195
GMDS,55.78697092856059
GMPPA,11.689244090630984
GMPPB,336.78641589309825
GMPR,0.05314326367184062
GMPR2,104.2970089330786
GMPS,686.0684917392065
GNE,5.719914791348276
GNMT,0.10382218150007941
GNPAT,8.624253884856437
GNPDA1,35.98923874103478
GNPDA2,1.5561144769722879
GNPNAT1,73.75377076955381
GNPTAB,2.681454260107525
GNS,8.022451278657648
GOT1,1842.8580046507213
GOT2,2515.418635756196
GPAA1,253.84029539753573
GPAM,0.06663608962661137
GPAT2,0.004145066316201334
GPAT3,0.8470736931761395
GPAT4,31.617733782654888
GPCPD1,2.366491318693747
GPD1,0.2624304168764756
GPD2,158.78575344924832
GPHN,4.820403176199397
GPI,3685.542573501903
GPIHBP1,0.3354345050980549
GPLD1,0.26728668772549347
GPT,1.1800850578747089
GPT2,28.330479694288172
GPX1,122.59478388067883
GPX2,1.3668140461137261
GPX3,151.9409337408111
GPX4,93.03490259565068
GPX5,0.793289329058847
GPX6,2.01032323162201
GPX7,0.9802097879449316
GPX8,7.981039038618011
GRHL1,13.732011541663887
GRHPR,99.06408081613999
GRK1,0.0009818142983487712
GRK2,2.299834754078078
GRK3,0.045007128460425955
GRK7,0.00039571402907703383
GSR,95.82389511014685
GSS,326.67807141375386
GSTA1,0.005073389273337211
GSTA2,0.003263814788546972
GSTA3,3.8201241689736465
GSTA4,0.363343064094854
GSTA5,0.58469847618054
GSTK1,152.0505104064904
GSTM1,0.011422264960863375
GSTM2,0.5624696891512805
GSTM3,189.92675669754553
GSTM4,6.658228890146642
GSTM5,0.047744282729398076
GSTO1,708.0860697126972
GSTO2,8.624253884856437
GSTP1,11.0859739428582
GSTT1,0.3354345050980549
GSTT2,17.013518257864526
GSTZ1,14.449212229106326
GTF2F1,11.303824253871502
GTF3C4,0.7712507230343956
GUCA1A,0.004145066316201334
GUCY1A1,0.3220514873560557
GUCY1A2,0.00039571402907703383
GUCY1B1,0.12980081044475225
GUCY1B2,0.15280452201344033
GUCY2C,0.006044009840855166
GUCY2D,0.01258769152377479
GUCY2F,0.13808747592085474
GUK1,341.017472290956
GUSB,3.1603035933475954
GYG1,41.47829643543906
GYG2,1.0402509339203205
GYS1,42.09155008727387
GYS2,0.0009818142983487712
H6PD,6.449406023089298
HAAO,1.7320710030798896
HACD1,6.491767530521933
HACD2,43.95950859548264
HACD3,18.342079026936226
HACD4,0.121662101555335
HACE1,1.1455957437119326
HACL1,9.710407918514871
HADH,901.5598666825653
HADHA,637.5292870424388
HADHB,40.57876479934746
HAGH,52.299232736597666
HAGHL,3.320274336849273
HAL,0.10382218150007941
HAO1,0.19763453007540133
HAO2,2.123937704953015
HARS,193.60357877407742
HARS2,21.34794334926056
HAS1,0.00039571402907703383
HAS2,0.01258769152377479
HAS3,6.715680025724305
HAT1,144.2335848705242
HCCS,21.356530973488674
HCK,0.0024359998524450454
HCST,0.10382218150007941
HDAC3,1.3793009661657867
HDC,0.00039571402907703383
HDLBP,43.90314076980499
HECTD1,8.051945151556977
HECTD2,0.2503830581130543
HECTD3,1.1280142529961097
HECW1,0.017499821294722547
HECW2,0.7520557580692604
HELZ2,25.396288671630554
HEPH,0.005073389273337211
HERC1,0.49447411646251255
HERC2,0.33806698856975326
HERC3,26.46233774430859
HERC4,21.11497979141107
HEXA,46.68132949147369
HEXB,3.5378679141320464
HEXDC,0.3354345050980549
HGD,0.017499821294722547
HIBADH,11.826306010183789
HIBCH,9.619212602132551
HIF1AN,2.244784765628996
HIGD2A,9.519265246282995
HIPK1,8.068298617646775
HIPK2,0.519328290948179
HIPK3,5.589595229070233
HIRIP3,0.4518685693277091
HK1,139.9193661791666
HK2,21.826235970310492
HK3,0.0024359998524450454
HKDC1,0.07031500961477094
HLCS,3.2276878864836034
HLTF,0.23668440110348543
HMBS,228.5319442998833
HMGCL,128.93077956907712
HMGCLL1,0.00039571402907703383
HMGCR,16.371158926783067
HMGCS1,64.83140301945429
HMGCS2,0.0016706427025295332
HMOX1,13.109147591462593
HMOX2,111.48498957382769
HNMT,2.949420305052571
HPD,0.02834001888753022
HPGD,0.0024359998524450454
HPGDS,8.354343280591431
HPRT1,1210.096312119276
HS2ST1,10.123566980628219
HS3ST1,0.17666250142772905
HS3ST2,0.00039571402907703383
HS3ST3A1,0.03568984344387353
HS3ST3B1,0.3322630586373486
HS3ST4,0.012466929075615836
HS3ST5,0.010284410149274968
HS3ST6,0.7801704988030855
HS6ST1,28.86129067519945
HS6ST2,1.9747112580047705
HS6ST3,0.003263814788546972
HSD11B1,0.8158269454826224
HSD11B1L,0.8820669937159665
HSD11B2,1.2885162115156985
HSD17B1,0.28444788848496305
HSD17B10,89.58351989747622
HSD17B11,5.236488601060129
HSD17B12,466.99078917788137
HSD17B14,0.07031500961477094
HSD17B2,1.424437526036872
HSD17B3,0.061586893946057694
HSD17B4,42.795733437987536
HSD17B6,1.4063696371945702
HSD17B7,5.698885299790643
HSD17B7P2,0.0024359998524450454
HSD17B8,2.207412881808406
HSD3B1,0.024132132271680956
HSD3B2,0.9278984217862639
HSD3B7,5.192608958287241
HSPG2,0.25340216178096936
HTATIP2,94.94085392628342
HUNK,0.19226038465402365
HUWE1,7.004206008775242
HYAL3,1.3632313966875473
HYALP1,0.3354345050980549
HYI,10.354421431190366
HYKK,1.8813899364616766
IARS,1400.07980749128
IARS2,71.81923899712108
ICK,0.6813416862973051
ICMT,27.728807195203128
IDH1,149.49134191204743
IDH2,60.00531064793143
IDH3A,787.2232106789834
IDH3B,446.2930548690707
IDH3G,54.614119887395205
IDI1,27.057429552579908
IDI2,2.1272734354694633
IDO1,0.017499821294722547
IDO2,0.0650322570798734
IDS,4.648781151210514
IDUA,1.435304457086164
IGF1R,0.5307525635501139
IKBKB,11.623427302918284
IKBKE,0.3354345050980549
IL4I1,0.10969396699571568
ILK,9.954536572233936
ILKAP,4.799931217391455
IMPA1,131.64799734255726
IMPA2,74.17592612635055
IMPDH1,19.686874897563843
IMPDH2,116.33595936758213
INMT,0.004145066316201334
INPP1,505.04252566448355
INPP4A,2.3828333559788173
INPP4B,14.011453670978815
INPP5A,8.818941851743736
INPP5B,1.622972779824662
INPP5D,0.014995918378110092
INPP5E,6.268092080379213
INPP5F,0.11110388936109776
INPP5J,1.1318682866039058
INPPL1,10.097893192477668
INSL3,0.12368502649369327
INSR,1.270875205419082
INSRR,0.0009818142983487712
IP6K1,9.693293255891373
IP6K2,73.08766489886975
IP6K3,0.013779315258576532
IPMK,0.3425496325872029
IRAK1,167.46088811620015
IRAK2,1.1113510201541161
IRAK3,0.0009818142983487712
IRAK4,2.0178388048620874
IREB2,5.0455480863406335
ISYNA1,41.62288607552292
ITK,0.00039571402907703383
ITPA,500.4918300065045
ITPK1,74.39833022618627
ITPKA,0.3529100167484575
ITPKB,0.9275612214111169
ITPKC,3.9990295562934106
IVD,471.0506288938891
JAK1,14.179757470310363
JAK2,1.01680110916964
JAK3,0.121662101555335
JMJD7-PLA2G4B,0.6965727485594956
KALRN,0.034188145347993686
KANSL3,11.552022395501677
KARS,793.3872431540839
KAT2A,20.126883121425006
KAT2B,1.3991578321388563
KAT5,15.42195159525887
KAT6A,5.355524316399703
KAT6B,0.7582822874695678
KAT7,9.750369958984084
KAT8,41.2771029517194
KCNJ11,0.03270193645397775
KCNJ8,0.00039571402907703383
KDR,0.0009818142983487712
KDSR,3.092159197902285
KHK,0.9472235420075009
KIT,0.0009818142983487712
KL,0.1380624579392584
KMO,0.045007128460425955
KMT2A,12.482263780290243
KMT2B,1.8582281269497758
KMT2C,4.302180762364463
KMT2D,10.3949959324492
KMT2E,5.514634040288021
KMT5A,31.007575469543582
KMT5B,13.862251665873309
KMT5C,11.308846529199538
KPNA6,21.492305470403643
KYAT1,0.9603858789786882
KYAT3,5.335713545784015
KYNU,0.556670565086966
L1CAM,4.982134434052963
L2HGDH,8.618706551792451
LALBA,0.09996023381633702
LAP3,811.394678152307
LARS,525.0760668445447
LARS2,5.104252105926697
LATS1,0.15866724089204856
LATS2,1.1318682866039058
LBR,68.8229137182712
LCAT,5.306030087799686
LCK,0.00917569329799838
LCLAT1,2.440239575079373
LCT,0.0016706427025295332
LDHA,8199.56926489549
LDHAL6A,0.00039571402907703383
LDHAL6B,0.01878525703133703
LDHB,1109.9562631719361
LDHC,0.17007486337169048
LDHD,0.7614001125788865
LDLR,4.082543131819858
LGALS13,0.16621830202908744
LGMN,51.05936239072295
LGSN,0.059118472577440906
LHPP,117.51360695805715
LIAS,0.4372483260596355
LIMK1,5.0895610067688
LIMK2,13.060733621765115
LIPA,49.02201705469077
LIPC,0.025516863676005072
LIPE,2.1166695014873254
LIPF,0.0009818142983487712
LIPG,0.6996285205482944
LIPT1,1.842824828641435
LIPT2,0.8563162952537163
LMTK2,1.4316799703870466
LMTK3,0.3373970459052171
LOC102724197,0.3354345050980549
LOC286297,0.00039571402907703383
LOC344967,0.003263814788546972
LOX,0.09802815724377359
LOXL2,11.982008310511311
LPCAT1,2.806237432176762
LPCAT2,9.784654093585706
LPCAT3,47.303405288761326
LPCAT4,0.8036321168828588
LPIN1,3.3246986667975245
LPIN2,1.0436112359718461
LPIN3,4.982134434052963
LPL,0.003263814788546972
LPO,0.0009818142983487712
LRAT,0.3068774887420396
LRP1,0.41447765049607743
LRP2,0.1334706329777467
LRRK1,0.07679814519264817
LRRK2,0.00039571402907703383
LRSAM1,2.0178388048620874
LRTOMT,4.1943123703652905
LSS,53.51989392273708
LTA4H,173.07568335283216
LTC4S,0.1549391611122239
LTK,0.14644311869564416
LYN,9.727529739771652
LYPLA1,195.61478604563453
LYPLA2,83.07761794031583
LYZL1,1.4145390562382973
MACROD1,8.50183323209023
MACROD2,0.2503830581130543
MAGEA2B,0.02141905553958115
MAK,0.02977747298116212
MAN1A1,0.008369663554195052
MAN1A2,3.293587717124808
MAN1B1,3.012549620713295
MAN1C1,0.18777200873987263
MAN2A1,3.9019607756246084
MAN2A2,9.65338691955988
MAN2B1,46.4826786020595
MAN2C1,30.064086313346113
MANBA,6.085154531773333
MANSC1,13.250833902700018
MAOA,26.554132276815267
MAOB,0.048223015109505725
MAP2K1,769.9664509850151
MAP2K2,246.53766334692332
MAP2K3,10.79656089739424
MAP2K4,13.106781654590423
MAP2K5,2.88507221379529
MAP2K6,0.6931899886631494
MAP2K7,1.8274205865240434
MAP3K1,1.4826194422977856
MAP3K10,3.351273951576473
MAP3K11,39.34165150503813
MAP3K12,0.8788382782216443
MAP3K13,28.647210768165944
MAP3K14,7.564282926837819
MAP3K15,0.0016706427025295332
MAP3K2,5.192608958287241
MAP3K20,7.693611221818007
MAP3K21,2.342028406033912
MAP3K3,5.886747978728613
MAP3K4,1.4534594205488005
MAP3K5,1.235767317133255
MAP3K6,6.867700741442912
MAP3K7,0.37315971618672406
MAP3K8,10.424000746426756
MAP3K9,3.6016978590287936
MAP4K1,0.2503830581130543
MAP4K2,11.055134642470321
MAP4K3,3.355708040813306
MAP4K5,15.737194446363661
MAPK1,409.0671154550819
MAPK10,1.9189051292662256
MAPK11,1.7967983618770271
MAPK12,2.407396313938616
MAPK13,17.727473422770696
MAPK14,43.128152641197886
MAPK15,2.71092738515238
MAPK3,138.000666488959
MAPK4,0.004145066316201334
MAPK6,6.647795821982298
MAPK7,4.817189146796367
MAPK8,6.141396154287631
MAPK9,10.313771917958812
MAPKAPK2,1.3245719879620537
MAPKAPK3,48.0274511979717
MAPKAPK5,16.811745572956752
MARCH1,0.4548116228118537
MARCH10,0.0009818142983487712
MARCH11,0.007982758707868126
MARCH2,6.783727400938505
MARCH3,0.41385953872726317
MARCH4,0.09995071501237855
MARCH5,5.574825669485877
MARCH6,130.98316974598097
MARCH7,28.698850599361485
MARCH8,3.769471341259952
MARCH9,1.6904910124819759
MARK1,0.0016706427025295332
MARK2,35.47577448309028
MARK3,30.467591661710877
MARK4,5.634686885497094
MARS,195.04720012420194
MARS2,4.330426841328239
MAST1,0.6064111250188404
MAST2,7.537405132998077
MAST3,0.7396393679974231
MAST4,0.76452096922321
MASTL,0.3513481148767399
MAT1A,0.02977747298116212
MAT2A,449.0144269120384
MAT2B,256.31652113125625
MATK,0.041844872108767396
MBOAT1,6.899253807110495
MBOAT2,10.680066069463434
MCAT,12.62787030095771
MCCC1,36.76197802424356
MCCC2,34.14936895262006
MCEE,10.832067100455404
MDH1,4551.320540936682
MDH1B,0.09042790046068856
MDH2,3899.234773476982
MDM2,0.011395846438007158
MDP1,107.12958948486161
ME1,642.1462009498791
ME2,7.29212765772732
ME3,5.2714491162967105
MECR,16.649442756860182
MED1,0.7228494401186661
MELK,1.2402783771642596
MERTK,0.11564129647668107
MET,8.398108247553727
METTL1,29.1448449801637
METTL3,42.528225448436174
MGAM,0.01258769152377479
MGAT1,78.62542708877142
MGAT2,2.9475909712967034
MGAT3,1.6006126409985215
MGAT4A,5.679864304947052
MGAT4B,184.78633401317896
MGAT4C,0.3354345050980549
MGAT4D,0.02696149145334556
MGAT5,2.816807653692502
MGAT5B,0.7489470669720832
MGLL,28.102658110458542
MGMT,20.39028129994909
MGRN1,6.074941983892584
MGST1,3055.6473714332515
MGST2,86.4981191545895
MGST3,235.93908955814783
MIA3,23.373243666149268
MIB1,3.669495587721323
MIB2,16.209879160846246
MID1,3.9944070019919913
MIF,3224.226383759537
MINK1,0.2257567826391281
MINPP1,0.0024359998524450454
MIOX,0.003263814788546972
MIP,0.007053192038768602
MKNK1,13.918158003819547
MKNK2,45.83020959671777
MKRN1,26.67968989296171
MKRN2,12.060040212929778
MKRN3,0.0024359998524450454
MLKL,13.318157973449932
MLYCD,3.413477369073302
MMAA,0.289397220893486
MOCS1,1.1870119360713587
MOCS2,34.378516505730374
MOGAT1,0.0009818142983487712
MOGAT2,0.0009818142983487712
MOGAT3,0.00039571402907703383
MOGS,86.22436230883856
MOK,24.085616325217128
MOS,0.09191795284698573
MOXD1,0.004145066316201334
MPC1,12.975095993295842
MPC2,73.29036357801745
MPI,9.9048728174045
MPO,15.056847408591949
MPST,1331.7099883792525
MRPL58,39.0159409651633
MSMO1,22.798639338234118
MSRA,0.9603858789786882
MST1R,37.09097926681913
MT1A,0.3354345050980549
MT2A,403.2793109485127
MT3,0.02834001888753022
MT4,0.3354345050980549
MTAP,898.3768042486823
MTFMT,2.8210628075669457
MTHFD1,601.8770399228792
MTHFD1L,6.06983723635623
MTHFD2,32.180175408338606
MTHFD2L,1.6829568388057246
MTHFD2P1,0.3354345050980549
MTHFR,1.7700777371813798
MTHFS,34.66375669387015
MTMR1,1.3422579714072373
MTMR14,9.847582375688612
MTMR2,1.470786071790405
MTMR3,0.17726104975099208
MTMR6,1.5041635573306384
MTMR7,0.03873834113161041
MTMR8,0.231391603751868
MTPAP,7.269883724346696
MTR,0.3031420267875764
MTRR,53.440893588304135
MTTP,0.02141905553958115
MUL1,10.366010304186903
MUSK,0.00917569329799838
MUT,0.3354345050980549
MVD,199.23973160409412
MVK,9.014654798100617
MYBBP1A,106.38413862695975
MYCBP2,0.3557619230027891
MYLIP,10.250260213347364
MYLK,0.13216914204182537
MYLK2,0.18553729162507246
MYLK3,0.02691965963093057
MYLK4,0.010284410149274968
MYO3A,0.07299247231635841
MYO3B,0.014995918378110092
MYO5B,3.6604385823057384
NAA10,67.05152177552772
NAAA,7.883141899540841
NADK,28.927806063628452
NADSYN1,24.610752382837816
NAGA,10.117530025546463
NAGK,33.12862262346798
NAGLU,9.939284881377576
NAGPA,4.472310863391703
NAGS,0.14855644817574876
NAMPT,458.2724523659991
NANP,1.559811266843764
NANS,2364.8064455901963
NAPRT,33.84040768665083
NAPSA,2.136569376485052
NARS,1394.190595211583
NARS2,4.61048840974496
NAT1,12.77336076302154
NAT2,0.11008993550339928
NCOA1,1.998207978896118
NCOA2,0.34124265412378757
NCOA3,2.908088033852578
NCOA6,8.707565309320008
NCOR1,0.15081047287640564
NCOR2,1.4374553847966354
ND1,16.22200028710978
ND2,15541.09885284698
ND3,6815.879186411681
ND4,19516.177210784772
ND4L,21028.62957863997
ND5,3434.5048640110417
ND6,6670.663645906202
NDST1,19.538818057868358
NDST2,2.399202023639188
NDST3,0.0009818142983487712
NDST4,0.024005586560330774
NDUFA1,127.32497846080834
NDUFA10,51.98307633627709
NDUFA11,449.00501806034777
NDUFA12,21.152631076166504
NDUFA13,985.4896324179726
NDUFA2,23.60148363575286
NDUFA3,44.78541534878619
NDUFA4,24.58844635460508
NDUFA5,23.183900164238313
NDUFA6,29.514870199667165
NDUFA7,6.870163701529613
NDUFA8,118.48534439658924
NDUFA9,71.32274885601593
NDUFAB1,234.0395934370155
NDUFB1,640.8078996212424
NDUFB10,125.62852491570443
NDUFB2,159.4123120865702
NDUFB3,165.68591301412297
NDUFB4,274.64069927770356
NDUFB5,236.82883889113296
NDUFB6,18.736290659954047
NDUFB7,230.6953492048308
NDUFB8,44.65596797585654
NDUFB9,74.33436004942799
NDUFC1,213.85199290284697
NDUFC2,135.10937156760278
NDUFS1,91.77354522988814
NDUFS2,54.752203250712355
NDUFS3,259.24810669880645
NDUFS4,120.81950231782245
NDUFS5,595.4823857090092
NDUFS6,48.16144186210185
NDUFS7,22.615649283466762
NDUFS8,141.91441534566817
NDUFV1,93.39032223572299
NDUFV2,132.55131574896328
NDUFV3,8.941842519624634
NEDD4,1.7437601058812089
NEDD4L,2.209220541228419
NEK1,0.8756123741235565
NEK11,0.289397220893486
NEK2,43.6332316910996
NEK3,0.016236413194762683
NEK4,5.084666206885106
NEK5,0.00039571402907703383
NEK6,0.38696043539795105
NEK7,25.48127300049091
NEK8,2.761629806754931
NEK9,1.08984664751015
NEU1,19.444574614737004
NEU2,0.0009818142983487712
NEU3,1.754851569226282
NEU4,0.35251219145172996
NEURL1,13.017898102471746
NEURL1B,15.02834658266836
NGLY1,7.243258194683984
NHLRC1,0.9636831836139484
NIT2,721.7433157600841
NKTR,14.794609167799408
NLK,3.170685480612082
NLN,97.11309019798169
NME1,15121.904087906554
NME2,5394.405533709989
NME3,17.176652984516494
NME4,38.309357434852714
NME6,0.7101567545925539
NME7,1.8858126138294753
NMNAT1,1.5709141034682792
NMNAT2,11.64129482561267
NMNAT3,0.4492987147008106
NMRK1,10.70341764851303
NMT1,91.19735977750423
NMT2,1.1655187612003723
NNMT,11.868178310402657
NNT,17.997815944270023
NOL9,1.01680110916964
NOS1,0.09333363066032216
NOS2,0.05066256265132688
NOS2P1,0.3354345050980549
NOS2P2,0.3354345050980549
NOS3,0.1613848750870659
NOX1,0.0009818142983487712
NOX3,0.09198887034239282
NOX4,0.0009818142983487712
NOX5,0.09611450295567689
NPAS2,5.564581500362013
NPC1,21.116082458416003
NPC1L1,0.011422264960863375
NPR1,0.363343064094854
NPR2,1.4063696371945702
NQO1,3654.21888316319
NQO2,33.2347085027135
NR1D1,1.7358628568440069
NRF1,1.0708082622612847
NSD1,12.288819757107643
NSD2,0.14976206556190796
NSD3,9.836133754373467
NSDHL,602.3427024826134
NSF,81.19134024260946
NT5C,63.71182482853584
NT5C1A,0.058725969276404735
NT5C1B,0.03568984344387353
NT5C1B-RDH14,0.037698419756150243
NT5C2,172.21937876972393
NT5C3A,39.11914547507496
NT5DC3,1.405109783277315
NT5E,11.528243975655148
NT5M,0.5508857368408507
NTAN1,0.6483425233044062
NTRK1,0.013779315258576532
NTRK2,0.0024359998524450454
NTRK3,0.02834001888753022
NUAK2,1.0402509339203205
NUDT10,1.4239802993778898
NUDT11,0.0016706427025295332
NUDT12,1.121598524170533
NUDT2,11.677049389183235
NUDT3,3.580892207058525
NUDT4,8.480299201830215
NUDT5,471.3569112154332
NUDT9,10.2065361491855
OARD1,19.66014679173174
OAT,1016.8216517705139
OBSL1,1.3241519001664213
OCRL,7.163520968150959
ODC1,5.492203293727639
OGA,15.396485021737657
OGDH,237.83271042933174
OGT,68.14680206114045
OLAH,0.0024359998524450454
OPLAH,8.369957448511254
OTC,2.3305572451444374
OTUD5,20.099755139870535
OXCT1,272.5397696552763
OXCT2,0.2456019992724472
OXSM,3.302591007694464
OXSR1,10.575133970727853
P4HA1,3.337980035368596
P4HA2,72.68099242593253
P4HA3,0.040284502082723425
P4HB,580.7054152586354
PADI1,4.222389243293171
PADI2,19.903337325242266
PADI3,2.5393976025368388
PADI4,0.07031500961477094
PADI6,0.3354345050980549
PAFAH1B2,675.7522069553338
PAFAH1B3,559.3355960116669
PAFAH2,1.3883566456438414
PAH,0.006044009840855166
PAICS,546.2952609393266
PAK1,16.628684486333782
PAK2,197.98535199187847
PAK3,1.1467273514629337
PAK4,1.474183039089882
PAK5,0.1843105272396382
PAK6,3.8838480841755247
PAM,0.13414815121157803
PAN2,13.515595101831604
PANK1,0.6451167784237737
PANK2,22.805626229138777
PANK3,12.85908771339419
PANK4,5.439913795526934
PAOX,1.632266272750075
PAPOLA,6.603044362622638
PAPOLB,0.9302190557291492
PAPOLG,1.4716683392201315
PAPSS1,33.95693830937997
PAPSS2,0.005073389273337211
PARP1,146.54727435455985
PARP10,8.278805961134838
PARP11,0.6182599291593913
PARP12,2.3799774686402158
PARP14,20.031973186247193
PARP15,0.008097918676352449
PARP16,1.138727108099509
PARP2,24.839546809971637
PARP3,26.957003005413654
PARP4,2.2470420764997088
PARP6,25.346125984850342
PARP8,0.9242937034155168
PARP9,20.303426218244876
PARS2,0.8563162952537163
PASK,1.1731678114966793
PBK,6.497606847851135
PC,59.07493387160586
PCBD1,28.49979008856139
PCBD2,15.88035698433175
PCCA,4.875254579850483
PCCB,5.303954394252668
PCK1,0.005073389273337211
PCK2,29.30541099420031
PCMT1,478.46410961042676
PCYOX1,36.786971316299756
PCYT1A,42.32554594516759
PCYT1B,3.722585198742195
PCYT2,16.94836792567505
PDE10A,0.00039571402907703383
PDE11A,0.0009818142983487712
PDE1A,0.016236413194762683
PDE1B,0.0024359998524450454
PDE1C,0.8180331778589184
PDE2A,0.1196471246026626
PDE3A,0.00039571402907703383
PDE3B,0.0024359998524450454
PDE4A,0.24321969743453897
PDE4B,0.06679092675580792
PDE4C,0.5508857368408507
PDE4D,0.004145066316201334
PDE5A,0.14855644817574876
PDE6A,0.005073389273337211
PDE6B,0.8499070097480981
PDE6C,0.006044009840855166
PDE6H,0.005073389273337211
PDE7A,2.8338374028413633
PDE7B,0.19053952382510622
PDE8A,3.619747905011905
PDE8B,0.010284410149274968
PDE9A,1.8351346016599037
PDF,20.242273766516032
PDGFRA,0.017499821294722547
PDGFRB,0.04341917016634797
PDHA1,673.1853282054951
PDHA2,8.963593332760542
PDHB,35.872497571093255
PDHX,13.394909239790314
PDIA2,0.1176401657077333
PDIA3,2931.594196268421
PDIA4,483.8962026016844
PDIA5,19.49498976414161
PDIA6,828.575983160966
PDK1,0.21102040579006937
PDK2,12.451990951195928
PDK3,2.855593631298727
PDK4,0.12368502649369327
PDP1,10.726781319175254
PDP2,2.2166073965624244
PDPK1,1.1125464727487546
PDPR,14.718989515773485
PDXK,51.474266477384965
PDXP,19.677635246071237
PDZD4,0.041844872108767396
PEAK1,1.3168612116031992
PECR,38.25333742524193
PEMT,18.888077909004508
PEPD,41.81480295706975
PEX11A,3.484897538408752
PFAS,156.8796138594863
PFKFB1,0.048223015109505725
PFKFB2,6.507330735962143
PFKFB3,8.885928566090449
PFKFB4,0.5336178194206029
PFKL,39.88326604837801
PFKM,14.186000089070134
PFKP,378.0830096616639
PGAM1,157.5751888898293
PGAM2,0.00917569329799838
PGAM5,55.22259422910955
PGAP1,0.26972271885725363
PGD,2124.1193584391635
PGGHG,1.0402509339203205
PGK1,336.7397911102838
PGK2,23.296392096478
PGLS,927.3770767964998
PGLYRP1,0.022766003263139403
PGLYRP2,0.004145066316201334
PGLYRP3,0.2104608654318641
PGLYRP4,0.2266998426302137
PGM1,288.39557198661123
PGM2,164.88076816975337
PGM2L1,0.03270193645397775
PGM3,106.75707873017886
PGP,41.31253048571985
PGS1,14.423701164138247
PHEX,0.15708079972445999
PHGDH,656.7578478719968
PHKA1,0.2187408908905969
PHKA2,4.822021623818714
PHKB,40.987792704173
PHKG1,0.0581741125941061
PHKG2,41.5185629634939
PHLPP1,1.166260226743154
PHLPP2,2.9064841409589275
PHOSPHO1,0.046608491476891896
PHPT1,59.35572171013965
PHYH,18.86135587829685
PHYKPL,12.252628944653726
PI4K2A,0.5763677063647118
PI4KA,1.2895863932498468
PI4KB,0.3797543909584655
PIGA,3.258480964428466
PIGB,3.009780647025824
PIGC,21.47355282379784
PIGF,4.448588316524176
PIGG,8.746508889652214
PIGH,2.6982866885708154
PIGK,9.624906324757855
PIGL,18.169754068521254
PIGM,2.1286041265309845
PIGN,1.0875273449725085
PIGO,16.818245447309618
PIGP,10.389197271039334
PIGQ,14.0986628026455
PIGS,28.772900412456174
PIGT,10.704067636920243
PIGU,2.592150804309292
PIGV,4.325716117630901
PIGW,0.3354345050980549
PIGX,4.532726436070595
PIGY,0.3354345050980549
PIGZ,0.9406585709025085
PIK3C2A,0.652468122585401
PIK3C2B,3.192580959346393
PIK3C2G,0.007053192038768602
PIK3C3,0.05398384418737399
PIK3CA,4.189637215089354
PIK3CB,0.5071019065168029
PIK3CD,0.6541288906332772
PIK3CG,0.00039571402907703383
PIK3R1,0.3831795331294503
PIK3R2,7.845148344031608
PIK3R3,13.158768529796248
PIK3R4,36.197068540766686
PIK3R5,0.025516863676005072
PIKFYVE,2.618556238708193
PIM1,12.779856296795282
PIM2,1.5968931169863092
PIM3,12.379407395103524
PIN1,989.5939784395852
PIN4,16.66241322747694
PINK1,25.11711098458435
PIP4K2A,1.7207072598484445
PIP4K2B,0.3354345050980549
PIP4K2C,26.433389353475274
PIP5K1A,0.282064669026887
PIP5K1B,0.006559643465741559
PIP5K1C,3.484897538408752
PIP5KL1,2.945119974300034
PIPOX,0.21970525929000612
PISD,1.6017319044501204
PJA1,7.317867991930819
PJA2,6.799453722368749
PKLR,0.0009818142983487712
PKM,2930.7519685100133
PKMYT1,60.61251541737882
PKN1,94.26128535587935
PKN2,7.292322040814496
PKN3,9.36382622668636
PLA2G10,0.41926654460529095
PLA2G12A,2.0491582215074176
PLA2G12B,1.1304561412675453
PLA2G15,7.731429713490293
PLA2G16,21.411581183001424
PLA2G1B,0.03449129925337993
PLA2G2A,7.81967631805218
PLA2G2C,0.3354345050980549
PLA2G2D,0.02500478423298345
PLA2G2E,0.10480083352838437
PLA2G2F,0.06854759555113983
PLA2G3,0.019881840717782588
PLA2G4A,1.593145920615347
PLA2G4B,1.1524741624715318
PLA2G4C,2.337957123504392
PLA2G4D,0.0009818142983487712
PLA2G4E,0.9177668861089214
PLA2G4F,0.7365429488496131
PLA2G5,0.0009818142983487712
PLA2G6,1.0001292659796182
PLA2G7,0.1318548555269306
PLB1,0.121662101555335
PLCB1,0.0009818142983487712
PLCB2,0.1380624579392584
PLCB3,3.3245561209134404
PLCB4,2.2246494537145356
PLCD1,0.7801704988030855
PLCD3,34.53695373743245
PLCD4,0.1318548555269306
PLCE1,0.231391603751868
PLCG1,1.4275203520332589
PLCG2,5.0455480863406335
PLCH1,0.03568984344387353
PLCH2,0.08855081201127385
PLCL1,0.003263814788546972
PLCL2,0.9802097879449316
PLCXD2,0.7520557580692604
PLCZ1,0.07175189323406331
PLD1,2.0021305001339775
PLD2,7.1688302636936765
PLD3,20.028088613129867
PLD4,0.022766003263139403
PLD6,0.5799520648100045
PLG,3.615722070737719
PLIN1,0.11166812142883077
PLIN2,7.323204196440878
PLIN3,32.0033489904734
PLIN4,0.19226038465402365
PLK1,13.64622513952516
PLK2,211.5498174172478
PLK3,2.1965325377800693
PLK4,12.85908771339419
PLOD1,17.863075427231536
PLOD2,24.793557886735595
PLOD3,15.938835775104858
PLPBP,7.823457308546113
PLPP1,3.751246585820191
PLPP2,33.756031156111305
PLPP3,2.256886574936075
PLPP4,0.00917569329799838
PLPP5,6.632153500802735
PLPP6,2.256886574936075
PLPP7,0.00039571402907703383
PLPPR2,12.652113039453383
PLPPR3,0.007053192038768602
PLPPR4,0.11900942508124815
PLPPR5,0.00039571402907703383
PLTP,3.1619373084552254
PLXNB3,1.7738891492884645
PMM1,3.359725103108008
PMM2,87.91750110499703
PMPCA,40.232586061266325
PMVK,114.58644171611641
PNCK,0.011422264960863375
PNKP,32.156421235632095
PNLIP,0.01735944451270558
PNLIPRP1,0.04876262171622993
PNLIPRP2,0.3354345050980549
PNLIPRP3,0.034188145347993686
PNMT,0.014995918378110092
PNP,1659.3886745254963
PNPLA2,49.64291535780102
PNPLA3,1.0807431413837425
PNPLA4,13.3061461175279
PNPLA6,0.990693729277566
PNPLA7,0.13598574054012658
PNPLA8,3.5386918556045304
PNPO,15.81154834138049
PNPT1,4.28350506216155
POLA1,3.2619916348440356
POLA2,10.685721249264233
POLB,24.858066702768213
POLD1,7.067530653774125
POLD2,10.69815260621775
POLD3,0.9908846426327163
POLD4,89.7478795607513
POLE,0.3590458042945706
POLE2,8.975430779585839
POLE3,61.37001017264044
POLE4,10.908378024555397
POLG,3.5252249625039322
POLG2,6.6738857654633605
POLH,6.600895110008964
POLI,0.35811752751322545
POLK,1.6529002590227757
POLL,3.3734582911697983
POLM,2.3257533687328804
POLN,0.020091914259023208
POLQ,4.472310863391703
POLR1A,1.1859298012862853
POLR1B,0.6001877108863045
POLR1C,30.716344256442525
POLR1D,58.73404849827065
POLR1E,18.826641098532107
POLR2A,2.5689541057465757
POLR2B,12.779555352735427
POLR2C,107.87728971627244
POLR2D,34.16719879190902
POLR2E,87.22927465035995
POLR2F,107.73388988837716
POLR2G,49.8762423999757
POLR2H,482.3342787964036
POLR2I,28.479205324019993
POLR2J,22.205634032850682
POLR2K,158.65914489923148
POLR2L,175.1942042908324
POLR3A,0.08664417152699552
POLR3B,0.5159079993969553
POLR3C,0.4128660939239603
POLR3D,3.966698344890384
POLR3E,17.163588625876756
POLR3F,2.744704249452071
POLR3G,0.7974157550610015
POLR3GL,5.3902350117306765
POLR3K,15.696345778290178
POLRMT,4.616069475640328
POMGNT1,10.94933662763772
POMT1,11.06101937961332
POMT2,2.8551587683625783
PON3,0.0923142781709233
POR,162.27651595176326
PPA1,549.834429320601
PPA2,283.91316534642914
PPARA,1.9864513771221337
PPAT,11.060702547924391
PPCDC,6.637366636519603
PPCS,62.63229531371457
PPEF1,0.0037237181912479944
PPEF2,0.0475767992202525
PPIA,4368.016201001966
PPIAL4A,0.3354345050980549
PPIAL4C,0.3354345050980549
PPIAL4E,0.3354345050980549
PPIAL4G,14.599809906673197
PPIB,1733.2507812763454
PPIC,28.6851793446316
PPID,587.6647681932874
PPIE,24.725723868585376
PPIF,67.44740363119365
PPIG,17.426473900143865
PPIH,2036.0647635526075
PPIL1,92.76606512086865
PPIL2,1.078082696572468
PPIL3,95.31574040558404
PPIL4,1.7103143196878285
PPIL6,0.14644311869564416
PPIP5K1,12.494377792612557
PPIP5K2,3.728495150413725
PPM1A,2.199529965892658
PPM1B,15.441058075106298
PPM1D,2.795554772896621
PPM1E,0.0016706427025295332
PPM1F,12.233893244007108
PPM1G,23.117420788252492
PPM1K,1.9123778041644148
PPM1M,1.2252806240428553
PPOX,8.320415746797103
PPP1CA,327.0284700007837
PPP1CB,135.63855498525157
PPP1CC,55.58878520521157
PPP1R1A,0.00039571402907703383
PPP1R1B,3.642340517059023
PPP1R2,96.38195157281008
PPP1R3A,0.06646892507772041
PPP1R3B,0.0774893292665392
PPP1R3C,0.7614001125788865
PPP2CA,130.5080339549025
PPP2CB,21.57693320451953
PPP2R1A,471.0838254236479
PPP2R1B,32.23077121469446
PPP2R2A,71.89760826501981
PPP2R2B,0.00039571402907703383
PPP2R2C,5.74023365305335
PPP2R3A,4.31159124903522
PPP2R3B,8.9082841624048
PPP3CA,385.1858987588801
PPP3CB,2.715144062961411
PPP3CC,1.493589767415194
PPP3R1,84.58261834013439
PPP3R2,0.0009818142983487712
PPP4C,136.4368090597013
PPP5C,38.30912242597465
PPP6C,171.7532048549571
PPT1,8.487618802203428
PPT2,9.568005099499484
PPWD1,13.661722771168384
PRAG1,0.3354345050980549
PRDX1,28943.717494422057
PRDX2,6936.059424730156
PRDX3,71.48921365939373
PRDX6,1700.002715438054
PREP,50.91317775700965
PRKAA1,45.026697883072636
PRKAA2,0.0009818142983487712
PRKAB2,1.0034583994612571
PRKACA,663.9601773420092
PRKACB,17.0511477375718
PRKACG,5.25292276820224
PRKAG2,4.415427121115161
PRKAR1A,29.151610759758206
PRKAR1B,8.518999647514416
PRKAR2A,22.136806087616684
PRKAR2B,26.03137028083886
PRKCA,1.943485247940496
PRKCB,0.003263814788546972
PRKCD,6.135167090685961
PRKCE,0.9014980246372201
PRKCG,0.0774893292665392
PRKCH,2.248816986795362
PRKCI,16.681808835345688
PRKCQ,0.08113745390603253
PRKCSH,564.7524971181895
PRKCZ,8.897104698600371
PRKD1,0.003487932187427179
PRKD2,23.824059684386942
PRKD3,2.7235820793789234
PRKDC,7.320223641934938
PRKG1,0.0024359998524450454
PRKG2,0.005073389273337211
PRKN,0.21524163632635238
PRKX,2.0928481238877
PRKY,0.3354345050980549
PRODH,2.3461013681358582
PRODH2,0.008097918676352449
PRPF19,572.0742647114466
PRPF4,271.04141536504295
PRPF4B,21.966890258692196
PRPS1,595.3306791763576
PRPS1L1,1.6993128857058533
PRPS2,37.41281632802658
PRRT2,0.1613848750870659
PSAP,20.106875188122434
PSAT1,515.0415674773506
PSKH1,12.792038181641187
PSKH2,0.0009818142983487712
PSPH,1415.2317062405107
PSPHP1,0.3354345050980549
PTDSS1,159.42339438497237
PTDSS2,6.757536078510232
PTEN,0.004766447601932661
PTGDS,0.02977747298116212
PTGES,564.0559780340459
PTGES2,166.82252290878958
PTGES3,3616.715926591062
PTGIS,161.20984783624806
PTGR1,401.02651133875924
PTGS1,13.333467651607352
PTGS2,1.417203806453407
PTK2,11.08761124509907
PTK2B,9.183215631152173
PTK6,7.45154906036489
PTK7,4.165959708086827
PTP4A2,2.226157792592945
PTP4A3,12.126160915310953
PTPDC1,1.9590834944835662
PTPMT1,76.95800127335505
PTPN1,26.11952678822731
PTPN11,12.627647960386554
PTPN12,3.143659463819687
PTPN13,6.699999925943192
PTPN14,4.077806340211435
PTPN18,22.631106514534736
PTPN2,27.344043195684158
PTPN21,0.862736980859899
PTPN22,0.0009818142983487712
PTPN23,6.00811950109686
PTPN3,5.074879960259978
PTPN4,8.298419629378415
PTPN5,0.00039571402907703383
PTPN6,17.32706232301338
PTPN7,0.013779315258576532
PTPN9,0.27754293932533397
PTPRA,0.46586234540967475
PTPRB,0.016236413194762683
PTPRC,0.08113745390603253
PTPRD,0.004145066316201334
PTPRE,0.8116932557507024
PTPRF,51.296352914120064
PTPRG,0.3144427739213264
PTPRH,3.4670096364903933
PTPRJ,5.952709983344311
PTPRK,24.55385157625908
PTPRM,5.654755171995385
PTPRN,0.061853468928307634
PTPRN2,0.034188145347993686
PTPRO,0.003263814788546972
PTPRQ,0.00039571402907703383
PTPRR,0.05149062017019031
PTPRS,35.468493047138175
PTPRT,0.028356430289326568
PTPRU,11.486659730624668
PTPRZ1,0.013779315258576532
PTRH1,4.817234237977802
PTRH2,863.2966581439679
PTS,32.31415522297442
PUS1,6.864310436477293
PXDN,1.7815041473434343
PXDNL,0.0009818142983487712
PXYLP1,3.592680869896997
PYCR1,33.54148031296139
PYCR2,424.2097375390217
PYCR3,23.029474420359804
PYGB,374.5971464371013
PYGL,1.2885162115156985
PYGM,0.12571583082808643
PYURF,46.45786137757737
QARS,414.3829175522151
QDPR,476.5052855177927
QPCT,0.40309576067923913
QPRT,0.18330894145321364
QTRT1,32.45842860979174
QTRT2,8.958632915448268
RAD1,4.793275190731797
RAD18,10.435608037725785
RAD9A,17.504025726194406
RAF1,0.3685158515085154
RAG1,0.02977747298116212
RALBP1,25.145710877187234
RARS,426.3466626986613
RARS2,9.899931131155201
RBBP6,0.44647480895414826
RBKS,0.9802097879449316
RBP1,1256.7268715754983
RBP2,0.7088148238157232
RBP4,0.6996285205482944
RCHY1,3.7558008099301623
RCL1,8.694857472434935
RDH10,19.343719608608943
RDH11,270.47346898503685
RDH12,0.02141905553958115
RDH13,23.523476049536974
RDH14,10.641385154031076
RDH16,0.020091914259023208
RDH5,0.3477206711126464
RDH8,0.3354345050980549
REG3A,15.598236131061894
RENBP,0.017499821294722547
RET,0.013779315258576532
REV3L,2.391014367009589
RFC5,62.04979541446252
RFK,8.932283230809245
RFWD3,15.920533919952513
RGL1,0.3068774887420396
RHAG,0.0016706427025295332
RHBG,0.04341917016634797
RHCG,0.05987473471497209
RING1,25.798434663725704
RIOK1,0.6044935114598302
RIOK2,0.16237687429443365
RIOK3,47.05434060465862
RIPK1,1.8628936536040301
RIPK2,4.852407284362531
RIPK3,0.009212964429482842
RIPK4,15.741123025089527
RIPOR1,35.63151803018444
RNF103,4.943205449990585
RNF115,0.3354345050980549
RNF123,8.969830662181344
RNF125,0.00917569329799838
RNF126,14.990384229535819
RNF128,0.0016706427025295332
RNF13,33.66404106078239
RNF130,14.89557812810394
RNF133,0.653076452063379
RNF138,1.5820355865267481
RNF139,13.152636256024655
RNF14,22.95246811803525
RNF144A,0.2266998426302137
RNF144B,1.951280673852805
RNF146,7.677416774142307
RNF149,24.66768441421255
RNF152,0.017499821294722547
RNF167,113.83304540919491
RNF180,0.005073389273337211
RNF182,0.004145066316201334
RNF185,4.387050169627882
RNF187,117.49945474464792
RNF19A,11.255631171621607
RNF19B,6.762772419844574
RNF2,1.8520842058125553
RNF20,2.2001091213348194
RNF216,6.883472985485693
RNF217,1.9629876729734623
RNF25,4.138292324378103
RNF31,34.509503376649654
RNF40,4.072743886545538
RNF41,6.445131033738518
RNF5,22.074791301602733
RNF8,4.477058961918748
RNGTT,2.922469080914139
RNMT,34.43778139543542
ROCK1,4.846429808081504
ROCK2,5.675274898987134
ROR1,1.0705857603357636
ROR2,0.01245103688788325
RORA,0.31191615956527624
ROS1,0.011422264960863375
RPAP2,6.715680025724305
RPE,185.96505254733643
RPE65,0.011728131313476612
RPIA,15.625535735478929
RPL14,757.0110055750362
RPN1,1095.7830893013743
RPN2,774.2927407445559
RPP14,37.96295344622608
RPS6KA1,19.556953756436123
RPS6KA2,0.5800634097025673
RPS6KA3,1.0183002359890752
RPS6KA4,2.1616903681752766
RPS6KA5,0.363343064094854
RPS6KA6,0.00039571402907703383
RPS6KB1,1.9334126343091362
RPS6KB2,58.32337431767951
RPS6KC1,0.19053072906334595
RPUSD4,1.379030485839622
RRM1,48.99563656633506
RRM2,55.66999761996327
RRM2B,6.346939014435682
RTCA,13.614427127741944
RWDD2A,0.6601533957697256
RXRA,18.461606520863953
RYK,21.701144911451827
SACM1L,8.155782644167726
SAE1,508.7768653554784
SAP130,0.9398785789947256
SARDH,0.02016618627443309
SARS,383.7687379727087
SARS2,9.596445707698674
SAT1,82.42348687141777
SAT2,26.948336970711043
SBK1,0.12571583082808643
SC5D,16.876771120241983
SCARB1,19.94393793411165
SCARF2,0.0720930261258068
SCD,149.62233031312326
SCD5,8.652003242993676
SCLY,1.4099788350134184
SCP2,261.60881188970956
SDC1,6.739858694214576
SDHA,392.6007486759264
SDHB,283.8473745685127
SDHC,69.74396678105914
SDHD,6.255369484926989
SDR16C5,0.0016706427025295332
SDR42E1,9.590755984352189
SDR42E2,0.0009818142983487712
SDR9C7,0.004145066316201334
SDS,0.010284410149274968
SDSL,2.6982866885708154
SEC11A,108.51380074212963
SEC11C,1.9190383339087707
SELENOI,4.283374435980703
SEPHS1,1947.9170500897412
SEPHS2,88.3097538391997
SERPINA1,1.7358628568440069
SERPINA3,7.200705615873826
SETD1A,0.23725763851758255
SETD1B,2.962330220006995
SETD2,0.03803176239603637
SETD5,34.60203578495256
SETD7,5.657429450108028
SETDB1,0.18421087847061374
SETDB2,0.36858648977154324
SETMAR,2.2246494537145356
SFXN3,363.8983372860406
SGK1,3.498327779316175
SGK2,0.03720668462232716
SGK3,1.6192409840354387
SGMS1,2.748933324093982
SGMS2,2.6478645703434416
SGPL1,9.219011431102984
SGPP1,6.115816565593658
SGPP2,0.10188208583404272
SGSH,12.33711352423149
SH3RF1,4.860722757364258
SH3RF2,15.894874282492202
SH3RF3,0.40846923891596953
SHMT1,312.3284627106173
SHMT2,875.0573974337043
SHPK,3.431299492168048
SHPRH,1.1455957437119326
SI,0.18373547314711697
SIAE,7.1847637464748955
SIAH1,10.16365048608146
SIAH2,12.755500790294777
SIK2,3.920619197301928
SIK3,2.6315821819405807
SIN3A,3.5005432854506076
SIN3B,0.18579758544019312
SIRT1,1.5561144769722879
SIRT2,15.332862306443799
SIRT3,6.085154531773333
SIRT5,11.51635912579233
SIRT6,7.046953237646508
SIRT7,20.412249603864275
SLC10A1,0.016236413194762683
SLC10A2,0.058748703153154044
SLC10A6,0.11880179429376408
SLC11A1,0.00917569329799838
SLC11A2,12.331074346680365
SLC12A1,0.00039571402907703383
SLC12A2,1.107012197164238
SLC12A3,0.16354721380632664
SLC12A4,0.5134555735105658
SLC12A5,0.4355866721370678
SLC12A6,0.05715826195683657
SLC12A7,1.3320486102645914
SLC13A1,1.3898493503991496
SLC13A2,0.9791894450655247
SLC13A3,1.8620836986299443
SLC13A4,0.01878525703133703
SLC13A5,0.02691965963093057
SLC14A1,0.008097918676352449
SLC14A2,0.00039571402907703383
SLC15A1,0.5741105151397378
SLC15A2,0.4631107618305663
SLC15A3,14.89557812810394
SLC15A4,2.9322279207189386
SLC16A1,103.85396836060488
SLC16A10,0.0774893292665392
SLC16A2,1.457096899208688
SLC16A3,58.67284095529316
SLC16A7,1.417203806453407
SLC16A8,0.4686632262121153
SLC17A1,0.06505057075080632
SLC17A2,0.014797084619435076
SLC17A3,0.0480606884147512
SLC17A4,0.0009818142983487712
SLC17A5,3.62878094780395
SLC17A6,0.03561924497624714
SLC17A7,0.006044009840855166
SLC17A8,0.023326127399307364
SLC18A1,0.058656845323138175
SLC18A2,0.09802815724377359
SLC18A3,0.06214561646399096
SLC19A1,5.055320895442542
SLC19A2,1.9629876729734623
SLC19A3,0.21276311000473108
SLC1A1,0.01258769152377479
SLC1A2,0.0016706427025295332
SLC1A3,45.49245105523317
SLC1A4,0.3743478886349905
SLC1A5,134.197465811743
SLC1A6,26.628936681485953
SLC1A7,0.0024359998524450454
SLC20A1,14.285970522326426
SLC20A2,32.58764441741024
SLC22A1,0.03568984344387353
SLC22A10,0.10034501076203277
SLC22A11,0.0016706427025295332
SLC22A12,1.368484858340572
SLC22A13,0.007053192038768602
SLC22A16,0.00039571402907703383
SLC22A18,8.303917363665592
SLC22A2,0.6215418871526734
SLC22A3,0.00039571402907703383
SLC22A4,1.1147643750510203
SLC22A5,8.702005307652561
SLC22A6,0.3332262579895881
SLC22A7,0.3754031874781076
SLC22A8,0.6796964855365107
SLC22A9,0.11807453767167743
SLC23A1,0.6541288906332772
SLC23A2,8.964231374044752
SLC24A1,1.5709141034682792
SLC24A2,0.00039571402907703383
SLC24A3,0.0016706427025295332
SLC24A4,0.0024359998524450454
SLC25A1,412.93366530622166
SLC25A10,19.31012894211041
SLC25A11,532.0037629831592
SLC25A12,181.85211529663786
SLC25A13,62.225627286661066
SLC25A14,6.941377854591508
SLC25A15,3.3645803892369353
SLC25A16,1.5820355865267481
SLC25A17,6.8524972761229055
SLC25A18,0.024132132271680956
SLC25A19,8.347930301590653
SLC25A2,0.004145066316201334
SLC25A20,6.120930456768958
SLC25A21,0.12368502649369327
SLC25A22,5.355524316399703
SLC25A26,9.511184034745904
SLC25A27,2.0532885685131643
SLC25A28,8.718687839279589
SLC25A29,15.997571684846074
SLC25A3,1515.5994045629116
SLC25A37,17.202788773573424
SLC25A4,214.81035048979115
SLC25A5,3718.253657726481
SLC25A6,139.18740450707605
SLC26A1,0.2408429181597567
SLC26A11,2.8551587683625783
SLC26A2,1.6416622590749312
SLC26A3,0.16226921407916228
SLC26A4,0.006044009840855166
SLC26A6,10.65089362064227
SLC26A7,0.004145066316201334
SLC26A8,0.0009818142983487712
SLC26A9,0.010284410149274968
SLC27A1,1.8397846507581932
SLC27A2,2.5684942032463085
SLC27A3,1.38116690365273
SLC27A4,1.5495809484080676
SLC27A5,17.03959498341788
SLC27A6,0.004145066316201334
SLC28A1,0.12571583082808643
SLC28A2,0.00039571402907703383
SLC28A3,0.07031500961477094
SLC29A1,13.189440065225117
SLC29A2,9.568005099499484
SLC29A3,1.395555230843258
SLC29A4,0.6451167784237737
SLC2A1,28.39364515200983
SLC2A10,2.2407542618895278
SLC2A11,27.524061989558
SLC2A12,0.9406585709025085
SLC2A13,0.025516863676005072
SLC2A14,0.013779315258576532
SLC2A2,0.7271472329221568
SLC2A3,0.014995918378110092
SLC2A4,0.11166812142883077
SLC2A5,0.005073389273337211
SLC2A6,3.2893432285273247
SLC2A7,0.02769435809366143
SLC2A8,5.074879960259978
SLC2A9,0.3529100167484575
SLC30A1,1.7929753206868295
SLC30A6,5.534600202526118
SLC30A7,13.135607211627505
SLC31A1,27.152060945668197
SLC32A1,1.4740945089441455
SLC33A1,1589.1821140594539
SLC34A1,0.01258769152377479
SLC34A2,0.1057709159351293
SLC34A3,0.034188145347993686
SLC35A1,4.711166612328734
SLC35A2,20.807886723868954
SLC35A3,12.542861696016775
SLC35B2,0.9201543830847181
SLC35B4,0.8275649414259489
SLC35C1,6.543679219935478
SLC35D1,0.4714453328970573
SLC35D2,7.03109285206455
SLC36A1,2.407396313938616
SLC36A2,0.07419499914014951
SLC36A4,5.1827737871409525
SLC37A1,8.73537794654561
SLC37A4,21.22592163729534
SLC38A1,23.619530584839442
SLC38A2,109.54511651351307
SLC38A3,0.08482491766838977
SLC38A4,0.016236413194762683
SLC38A5,0.014995918378110092
SLC39A7,44.49403387554975
SLC3A1,0.0009818142983487712
SLC3A2,265.4578021026974
SLC40A1,0.011422264960863375
SLC41A1,8.707565309320008
SLC41A2,2.5726572715918126
SLC43A1,0.379126474022329
SLC43A2,9.545267040306074
SLC46A1,1.6341803771105838
SLC47A1,0.7489470669720832
SLC47A2,0.06679092675580792
SLC4A1,0.0009818142983487712
SLC4A10,0.15590695398661464
SLC4A2,35.43746078769228
SLC4A3,0.26001022804883167
SLC4A4,0.007053192038768602
SLC4A5,0.061586893946057694
SLC4A7,0.43493546856194326
SLC4A8,0.014995918378110092
SLC4A9,0.008097918676352449
SLC51A,4.943205449990585
SLC51B,0.003263814788546972
SLC52A1,0.016236413194762683
SLC52A2,157.48678056246007
SLC52A3,8.958632915448268
SLC5A1,0.7272722280578537
SLC5A10,0.0009818142983487712
SLC5A11,0.04144974318344057
SLC5A12,0.42464673261698827
SLC5A2,0.14644311869564416
SLC5A3,0.11564129647668107
SLC5A5,0.0016706427025295332
SLC5A6,30.445141253551366
SLC5A7,0.07302190367296232
SLC5A8,0.3418527760399266
SLC5A9,0.5547555013692487
SLC6A1,0.0009818142983487712
SLC6A10P,0.3354345050980549
SLC6A11,3.8838480841755247
SLC6A12,0.034188145347993686
SLC6A13,0.014995918378110092
SLC6A14,0.3354345050980549
SLC6A18,0.020564936803086797
SLC6A19,0.00039571402907703383
SLC6A2,1.3703989245846635
SLC6A20,0.3607280511818508
SLC6A3,0.005073389273337211
SLC6A4,0.0009818142983487712
SLC6A5,0.10319845039380167
SLC6A6,0.5571253321764792
SLC6A7,0.008097918676352449
SLC6A8,0.9968027592142218
SLC6A9,3.92982480286782
SLC7A1,15.269302155056902
SLC7A10,0.0016706427025295332
SLC7A11,0.8982525535572976
SLC7A2,0.003263814788546972
SLC7A3,0.04448941571177317
SLC7A5,31.78366559557915
SLC7A6,20.21510895203149
SLC7A7,0.1380624579392584
SLC7A8,0.13391651951695027
SLC7A9,0.01258769152377479
SLC8A1,0.42469014296737645
SLC8A2,0.007053192038768602
SLC8A3,0.00039571402907703383
SLC8B1,3.98516570011035
SLC9A1,8.205090566332993
SLC9A2,0.003263814788546972
SLC9A3,0.1722641371280985
SLC9A4,0.0016706427025295332
SLC9A5,0.4219762767509384
SLC9A7,8.452681643261862
SLC9A8,4.321006610551648
SLCO1A2,0.1835430545458555
SLCO1B1,0.5745214485775751
SLCO1B3,0.2795189014372452
SLCO1C1,0.3354345050980549
SLCO2A1,0.024132132271680956
SLCO2B1,0.003263814788546972
SLCO3A1,15.670772372812108
SLCO4A1,27.458327557670778
SLK,8.685378033350815
SMARCD3,1.2885162115156985
SMG1,1.1630875573758432
SMPD1,2.370574326154992
SMPD2,4.697409879591117
SMPD3,0.970285823476002
SMPD4,18.939100610671396
SMS,173.2246217508622
SMURF1,5.143477401087424
SMURF2,8.953035286664297
SMYD3,3.542537765978142
SNRK,0.9735911491080799
SOAT1,7.496752940256937
SOAT2,0.02691965963093057
SOD1,2702.3540760918468
SOD2,35.61598420310334
SOD3,0.9112510611403843
SORD,15.351942558024149
SPCS1,235.02732785901773
SPCS2,1315.091359557826
SPCS3,321.7960048038851
SPEG,5.06020898167375
SPHK1,6.321158566537495
SPHK2,0.8919030364335558
SPR,307.262195692489
SPRYD3,6.090262331219678
SPTLC1,80.15956429011865
SPTLC2,1.5413583793361891
SPTLC3,3.8151246663168847
SQLE,0.8206560545927309
SRC,7.121082155339254
SRD5A1,20.126883121425006
SRD5A2,0.3354345050980549
SRD5A3,4.45807374344338
SREBF1,167.94318826274025
SRM,221.68287854233986
SRMS,0.08113745390603253
SRPK1,10.120169217708963
SRPK2,7.510550055998201
SRPK3,0.08113745390603253
SSH1,2.3583303165625535
SSH2,11.297015749699565
SSH3,47.91076207872246
SSR4,639.1857384481841
SSU72,86.42642716769986
ST3GAL1,55.70965850568255
ST3GAL2,1.446190940641576
ST3GAL3,1.391954834346458
ST3GAL4,60.841692826052835
ST3GAL5,4.904349056304757
ST3GAL6,0.0581741125941061
ST6GAL1,0.18553729162507246
ST6GALNAC1,0.00039571402907703383
ST6GALNAC2,1.3168612116031992
ST6GALNAC3,0.18688627147706485
ST6GALNAC4,6.3985744517038174
ST6GALNAC5,16.83774864565309
ST6GALNAC6,16.565193156890913
ST8SIA1,0.01258769152377479
ST8SIA4,0.5164814632044111
ST8SIA5,0.003263814788546972
STAMBP,22.694858230910008
STAMBPL1,1.3632313966875473
STARD3,27.662956989607373
STK10,0.6362374617944371
STK11,24.88145698213309
STK16,1.022050951815991
STK17A,2.5976692064674993
STK17B,2.440239575079373
STK19,14.68294805818985
STK24,139.70272874870514
STK25,1.11476034665601
STK26,8.925059599481884
STK3,34.268209850138874
STK31,1.3204145995985765
STK32A,0.06504515086019948
STK32B,0.00039571402907703383
STK32C,12.22248928982345
STK33,2.3128174576748037
STK35,10.008193816205928
STK36,2.112694833407189
STK38,12.249097691309663
STK38L,8.051920311451436
STK39,22.356213618022174
STK4,1.450935357233509
STRA6,5.454838486175936
STS,8.969830662181344
STT3A,54.757231559659516
STT3B,29.855364922859213
STUB1,57.24354110093239
STYK1,1.348923151124444
STYXL1,22.442983191910656
SUCLA2,190.85187727008778
SUCLG1,316.6837489373229
SUCLG2,598.0495862786014
SULT1A1,6.747066283309004
SULT1A2,2.0060548452231752
SULT1A3,19.22956789709649
SULT1B1,11.156590094172376
SULT1C2,0.0009818142983487712
SULT1C4,0.5329401024743777
SULT1E1,1.3273511575593253
SULT2A1,3.553854432798619
SULT2B1,10.873077351744103
SULT4A1,0.31697421349817684
SUOX,4.017532444594837
SUV39H1,3.574662994671558
SUV39H2,5.659774886909996
SYK,1.8082790602923895
SYNJ1,0.029712780058894453
SYNJ2,0.04998349960842434
SYVN1,0.6374866841644272
TAF1,6.694775158874283
TALDO1,113.60800891581002
TAOK1,1.9056041797226426
TAOK2,31.542253182061568
TAOK3,22.861539630899212
TARS,1120.2615811021606
TARS2,0.6123502495210994
TARSL2,0.6516927706775312
TAT,0.008097918676352449
TBCB,118.42971786000034
TBK1,0.5135390636622226
TBL1X,2.0433317079156827
TBL1XR1,8.559013975647279
TBXAS1,0.05149062017019031
TCIRG1,27.46193049335244
TDO2,0.2648559119670555
TECR,450.20828346204826
TECRL,0.11400593534832566
TENT2,11.63533826136532
TENT4A,32.496420615356655
TESK1,10.65672659591404
TESK2,1.0469741066405225
TFRC,521.2960974500995
TGDS,7.025807941364566
TGFBR1,3.1750617157652985
TGFBR2,4.496063297647319
TGM1,10.867216494201324
TGM2,42.27729310434654
TGM3,0.07031500961477094
TGM4,0.017499821294722547
TGM5,0.15922938753018018
TGM6,0.018105422639918517
TGM7,0.00039571402907703383
TGS1,5.050433930141531
TH,0.08482491766838977
THNSL1,0.5221788254659914
THTPA,5.090073742023917
TIAM2,0.5451152831161307
TICRR,6.4244293354141115
TIPARP,13.862251665873309
TK1,299.74203103504607
TK2,8.364449371050672
TKFC,34.455553296391514
TKT,564.3309717822318
TKTL1,0.004145066316201334
TKTL2,0.00039571402907703383
TLK1,6.600895110008964
TLK2,0.45066156613336283
TM7SF2,32.61806582649203
TMEM91,0.8148617541437354
TMLHE,1.88525684557342
TMX3,1.559811266843764
TNFRSF21,12.39149766181368
TNIK,1.4680222560416913
TNK1,5.212292559250406
TNK2,79.02864702147976
TNKS,1.053707536489647
TNKS2,2.694076239575527
TNNI3K,0.3354345050980549
TNS2,1.0402509339203205
TOPORS,4.538892730670556
TP53RK,4.184963297041907
TPH1,0.0024359998524450454
TPH2,0.0016706427025295332
TPI1,16596.098327482952
TPI1P2,0.25759537138546995
TPK1,0.08482491766838977
TPMT,8.718687839279589
TPO,0.004145066316201334
TPP1,14.605732704933597
TPSAB1,0.0016706427025295332
TPSB2,0.3354345050980549
TPSD1,0.0016706427025295332
TPST1,2.664646859749982
TPST2,2.78282139909459
TPTE,0.3354345050980549
TPTE2,0.3354345050980549
TRAF7,22.43602282091552
TRDMT1,0.10382218150007941
TREH,0.0016706427025295332
TREX1,5.118092404833615
TREX2,0.3144427739213264
TRHDE,0.013779315258576532
TRIB3,30.932443298763022
TRIM11,18.40846045433886
TRIM32,1.4014111210057283
TRIM33,5.820418309290697
TRIM63,0.0024359998524450454
TRIO,4.005227005355881
TRIP12,11.135894608424636
TRIT1,8.238001634570544
TRMT1,11.365052430967362
TRMT11,8.287426752742531
TRMT1L,2.589325518189111
TRMU,20.38503082347732
TRPM6,0.00039571402907703383
TRPM7,5.699970592827025
TSSK1B,0.0009818142983487712
TSSK2,0.07930841534161376
TSSK3,0.1401466122369267
TSSK4,1.3703989245846635
TSSK6,0.3144427739213264
TST,25.267346474259156
TSTA3,651.6425606956894
TTC3,15.632430822599963
TTK,0.579731872712067
TTL,1.0063460304915728
TTLL10,0.056485203651078446
TTN,0.16097619128956553
TUSC3,3.2108246396605367
TUT1,0.34645350050176843
TUT4,7.174140492170506
TUT7,12.29485402007114
TXN,4168.007889684771
TXN2,25.401895019987396
TXNRD1,337.5336712994711
TXNRD2,6.285107813799334
TXNRD3,1.2172081946375033
TYMP,5.474753149371589
TYMS,325.80156277451687
TYR,0.0009818142983487712
TYRO3,2.124624149793482
TYRP1,0.020091914259023208
UAP1,31.939362371998463
UAP1L1,0.5624696891512805
UBA1,413.2415022992673
UBA2,125.12836796478598
UBA3,47.500371220721185
UBA6,66.05806921314269
UBA7,13.99278271323703
UBE2A,54.70836832534851
UBE2B,73.48397282075607
UBE2C,97.93927482194422
UBE2D1,1.5931756470116918
UBE2D2,46.210915927818036
UBE2D3,1663.2357827227565
UBE2D4,3.751246585820191
UBE2E1,65.9077882591505
UBE2E2,3.0066758892698684
UBE2E3,6.2640274720234075
UBE2F,0.22610842467615422
UBE2G1,16.29943240432152
UBE2G2,7.115848150713409
UBE2H,155.26570596410235
UBE2I,1520.2940250890022
UBE2J1,7.829074816480326
UBE2J2,23.506866297865287
UBE2K,965.6482929270578
UBE2L3,1611.6954828823164
UBE2L6,108.89144084477002
UBE2M,225.24263315813053
UBE2N,46.69789279947774
UBE2NL,0.3354345050980549
UBE2O,4.410694616328156
UBE2Q1,4.6787061472899145
UBE2Q2,0.5193881534192325
UBE2QL1,0.13598574054012658
UBE2R2,7.631569608819304
UBE2S,723.5599593730329
UBE2T,14.595985267616406
UBE2U,0.023784263818109993
UBE2W,3.5701618858383886
UBE2Z,54.543742713090175
UBE3A,10.362875246658241
UBE3B,7.323204196440878
UBE3C,4.543922665445676
UBE4A,0.7720822259366119
UBE4B,2.1811001759303026
UBLCP1,50.55489921824635
UBR1,0.2682952016312249
UBR2,2.717044525452569
UBR3,0.022206730965719124
UBR4,17.91399546858806
UBR5,1.815500057928881
UBR7,11.778494983979911
UCK1,7.321065082921863
UCK2,20.334385991090446
UCKL1,20.011649196601784
UCP1,0.058364989262093596
UCP2,2.88507221379529
UCP3,0.27706209593905917
UEVLD,3.2189026202056614
UGCG,10.802796589417861
UGDH,22.87440162185483
UGGT2,28.01458640496375
UGP2,1211.8874186096527
UGT1A1,0.2503830581130543
UGT1A10,0.046608491476891896
UGT1A3,1.0114790584917612
UGT1A4,0.010284410149274968
UGT1A5,0.4044927492424471
UGT1A6,29.283604116078287
UGT1A7,0.025516863676005072
UGT1A8,0.05149062017019031
UGT1A9,0.11549856641655931
UGT2A1,0.3354345050980549
UGT2A3,1.2389146853275619
UGT2B10,1.2536713325042186
UGT2B11,0.23720441855058141
UGT2B15,0.00039571402907703383
UGT2B17,0.00039571402907703383
UGT2B28,0.6936387983112186
UGT2B4,0.7544150219594951
UGT2B7,0.1550237091590488
UGT3A1,0.12021469926971337
UGT3A2,0.1176401657077333
UGT8,0.0024359998524450454
UHMK1,12.132176138434893
UHRF1,0.3354345050980549
UHRF2,14.643461911419351
ULK1,4.0685195872640065
ULK3,6.131161279853939
ULK4,0.28692002309145387
UMPS,333.12486320452035
UPB1,0.0024359998524450454
UPP1,13.158475052674389
UPP2,0.3354345050980549
UPRT,1.3533977657741951
UQCR10,31.67581491548032
UQCR11,85.44059517534127
UQCRB,1085.2610557196015
UQCRC1,2115.160970322412
UQCRC2,3010.890141071707
UQCRFS1,314.799618002853
UQCRH,192.49237904542375
UQCRQ,201.4344584089904
UROC1,0.00039571402907703383
UROD,47.393956184919716
UROS,45.65713727825034
USP1,19.363880653883932
USP10,12.517533893465302
USP11,59.42586662012174
USP12,3.440218802213942
USP13,4.615270891298597
USP14,135.59435090705045
USP15,5.439573275689503
USP16,6.486581760560542
USP17L2,0.0009818142983487712
USP17L22,0.04998256910149056
USP17L30,0.050968258904732194
USP17L5,0.050968258904732194
USP17L9P,0.3354345050980549
USP18,13.011781468581946
USP19,1.0876463533810095
USP2,1.5119161566834947
USP20,4.429631854148122
USP21,12.767677165886367
USP22,36.05153746716859
USP24,1.3171072594741249
USP25,0.042002975566672165
USP26,0.08118014005684498
USP28,11.504477184737686
USP29,0.08228852752006045
USP3,0.6321288896928509
USP30,0.10598785250626469
USP31,1.7738891492884645
USP32,0.5320874076809342
USP33,12.77376638701247
USP34,12.932327352116012
USP35,1.8698005240388493
USP36,15.805142959217763
USP37,1.0402509339203205
USP38,4.082451599480639
USP4,2.758702386973512
USP40,0.3972621754199857
USP41,21.901618780894164
USP42,1.701807218131924
USP43,2.5393976025368388
USP44,0.31697421349817684
USP45,3.737591784192357
USP46,1.7131413021629627
USP47,2.5853874843580384
USP48,0.2955715029725909
USP49,2.715144062961411
USP51,0.048223015109505725
USP6,0.00917569329799838
USP7,25.942706307545183
USP8,0.7374891178343171
USP9X,5.981757586769487
USP9Y,0.09459012436644046
UST,0.034188145347993686
UXS1,22.603212899252895
VARS,128.75289485275715
VARS2,68.20967339222291
VKORC1,68.88024528574931
VNN1,0.4383210023874057
VNN2,0.10188208583404272
VNN3,0.0016706427025295332
VRK1,82.12848626365374
VRK2,5.877704418662752
VRK3,16.016844901168472
WARS,3082.7243852014913
WARS2,7.090964266503547
WDYHV1,8.824519482729546
WEE1,10.27916881596477
WEE2,0.0024359998524450454
WNK1,6.443563112590736
WNK2,20.35101946863436
WNK3,0.014995918378110092
WNK4,0.3373970459052171
WWOX,12.144208707186907
WWP1,9.528221922402034
WWP2,0.1437319274001141
XDH,1.167616162256281
XPO6,0.5762619845971675
XPO7,10.464639664560606
XYLB,0.5221788254659914
XYLT1,0.3425496325872029
XYLT2,5.350569991238964
YARS,2008.765024520336
YARS2,14.420698232742572
YES1,17.209324193437972
ZADH2,2.0375150404483735
ZAP70,0.0024359998524450454
ZC3HAV1,4.751501759559318
ZNRD1,5.245370103198536
ZNRF1,69.10738179554781
ZNRF2,1.9919162841271163
ZSWIM2,0.015679988656711358
