A4GALT,38.26759905653294
A4GNT,0.007462713395116686
AACS,131.64887705266221
AADAC,0.1928827681946058
AADAT,3.8674807388768913
AAK1,33.80064656218213
AANAT,0.08242842636817532
AARS,1067.0641879521054
AARS2,11.597926385062072
AASDH,3.3177875605428393
AASDHPPT,17.714238752924317
AASS,3.088822440090672
AATK,0.02963150551608013
ABAT,2.636928274058132
ABCA1,24.399531994281926
ABCA3,21.14821932023098
ABCA4,0.009641325771442086
ABCA8,10.874962830763195
ABCB1,1.1470784940040963
ABCB11,0.0002225437521041022
ABCB4,0.0863087941031354
ABCB6,9.09793043584305
ABCC1,2.157674817461256
ABCC11,0.017456635855991314
ABCC2,0.06150660846922707
ABCC3,0.17510425357912718
ABCC4,78.62979043685334
ABCC5,6.886194993545382
ABCC8,0.01201701383429405
ABCC9,0.06156406107847768
ABCD1,20.99804691839101
ABCD2,0.013197196421297302
ABCD3,53.04649992684303
ABCG2,0.04715794332765619
ABCG5,0.019910382783707752
ABCG8,0.026673876708283938
ABHD12,35.43306822684744
ABHD5,6.021361014033713
ABHD6,54.6535161984076
ABL1,138.5059494436218
ABL2,2.5702093955957612
ABO,102.85099884063767
ACAA1,63.171822335329495
ACAA2,1165.6504142920612
ACACA,16.549030485922913
ACACB,15.186008050926578
ACAD10,57.59791789745993
ACAD11,0.8919029843223333
ACAD8,63.062280091477334
ACAD9,388.3473467574513
ACADL,7.194903750115244
ACADM,32.71412563081191
ACADS,52.515175945325176
ACADSB,183.7203731544282
ACADVL,771.437179021364
ACAT1,258.3130229850229
ACAT2,9.78971660794216
ACE,0.05422276352158208
ACE2,0.9950967872835614
ACER1,0.16791837461055348
ACER2,0.10986284218158165
ACER3,6.580370990523788
ACHE,0.08142125500318334
ACLY,77.49200091954512
ACMSD,37.87546872428641
ACO1,553.1049646737188
ACO2,195.51661074883262
ACOT1,25.734848053956185
ACOT11,17.772504562402222
ACOT12,2.4333126630090165
ACOT13,8.406750823455539
ACOT2,47.46872321844005
ACOT4,0.9978474185020065
ACOT6,0.43962162305441743
ACOT7,23.356619727123725
ACOT8,15.800321984605885
ACOX1,6.668967715867188
ACOX2,33.04178674084959
ACOX3,5.517641134020324
ACP1,7322.893122125252
ACP2,7.702222868610917
ACP4,0.0036202735317779565
ACP5,1680.5851957597854
ACP6,29.639559615160525
ACP7,0.44999467512671487
ACPP,0.029727360785168695
ACSBG1,0.07836140935615103
ACSBG2,0.016857607831920432
ACSF2,37.858413891278175
ACSF3,8.467007515631396
ACSL1,883.3890945975234
ACSL3,7.456769037549967
ACSL4,7.267524979280996
ACSL5,1.1036440163575578
ACSL6,0.2590360827343623
ACSM1,2.098243816500462
ACSM2A,1176.0348251375865
ACSM2B,520.7452579901087
ACSM3,75.83630667496888
ACSM4,0.0008677901012116702
ACSM5,18.535160542316156
ACSS1,169.0936189272081
ACSS2,94.36017002445966
ACSS3,58.17119051881065
ACVR1,88.55050573442298
ACVR1B,18.049309192278336
ACVR1C,0.008818896234362944
ACVR2A,3.025516061425316
ACVR2B,0.4459527095060394
ACVRL1,1.0185516641931618
ACY1,91.73416043144232
ACY3,15.080801677942908
ACYP1,21.891693585935176
ACYP2,5.717157280739542
ADA,3.5076180500549934
ADCY1,0.011948252682565516
ADCY10,0.004200658593673267
ADCY2,29.811888038811194
ADCY3,5.180314576448867
ADCY4,0.4677474477820215
ADCY5,31.62724979340049
ADCY6,26.032981326325615
ADCY7,3.824854275458431
ADCY8,0.0002733058420800387
ADCY9,30.260726130533396
ADH1A,0.0176163884729242
ADH1B,1.4921535906913816
ADH1C,0.027753686172869354
ADH4,0.1285847680175288
ADH5,1002.2386831908409
ADH6,0.01906766329259299
ADH7,0.11332845673771044
ADHFE1,5.280989749606423
ADI1,707.0037833541193
ADK,14.34047430949775
ADO,18.42751393448112
ADPGK,61.63739298301349
ADPRH,22.63344640024555
ADSL,617.158766185791
ADSS,120.11520190991816
ADSSL1,1.1456257401902012
AFMID,88.96450093437716
AGA,148.09222718339694
AGK,8.727211094445092
AGL,0.3605065898079983
AGMAT,18.9908545107111
AGPAT1,2.1583822244690056
AGPAT2,16.543324411578883
AGPAT3,143.5477226922974
AGPAT4,0.5201070348611909
AGPAT5,45.90584959621591
AGPS,39.50720964167562
AGT,2.338008276321783
AGXT,0.006343344989366151
AGXT2,12.93698958438948
AHCY,7630.288358856226
AHCYL1,23.73976082003814
AHCYL2,17.652830366319204
AICDA,0.001169986988056156
AK1,181.0252322507632
AK2,429.2852536014017
AK3,101.05834656188308
AK4,5.439865815517371
AK5,0.4624615032213705
AK7,0.7985301921904309
AKR1A1,286.9335546008763
AKR1B1,2543.7464222995104
AKR1B10,0.048427680009260225
AKR1B15,0.006201441652578673
AKR1C1,87.41682532183412
AKR1C2,4.8202341535186175
AKR1C3,21.926188860509708
AKR1C4,0.03693602439198133
AKR1C8P,0.3354345050980549
AKR1D1,3.5763124860476507
AKR7A2,43.25179744857803
AKR7A3,0.27024675517670876
AKT1,5.719072694363127
AKT2,2.055825151411878
AKT3,16.333537554659266
ALAD,935.3081623237259
ALAS1,29.50166784890286
ALAS2,0.004292351537185012
ALB,0.05540933054795409
ALDH18A1,211.56098490793778
ALDH1A1,3339.5731214648713
ALDH1A2,263.9827341006833
ALDH1A3,24.075665746125047
ALDH1B1,866.0121330962263
ALDH1L1,353.4362715152186
ALDH1L2,1.568258879221445
ALDH2,3447.387830181155
ALDH3A1,0.5267488705729138
ALDH3A2,136.2586800803707
ALDH3B1,29.31114224795868
ALDH3B2,0.03730915444983912
ALDH4A1,8.051993671017705
ALDH5A1,69.82666938090658
ALDH6A1,25.47957358245712
ALDH7A1,32.205665485384266
ALDH9A1,2617.1364509329455
ALDOA,7526.353726278346
ALDOB,1.1301089951556922
ALDOC,0.21937869322727332
ALG1,6.095661193020853
ALG10,0.8603155579459016
ALG11,3.98381034126896
ALG12,36.05614697238302
ALG13,8.916796908708193
ALG14,6.307905966427131
ALG1L,0.2790637764431843
ALG1L2,0.016847540926928622
ALG2,189.85372587204344
ALG3,2.2083745822877248
ALG5,100.3862092654573
ALG6,1.428093989892087
ALG8,27.207635892916155
ALG9,5.980456823304566
ALK,0.007073584196901252
ALLC,0.1967969615259273
ALOX12,1.5358089387605032
ALOX12B,0.004680121056689723
ALOX15,0.01388298846684067
ALOX15B,0.08637163360558987
ALOX5,6.230745298933508
ALPG,2.1334538652401167
ALPI,0.09522613776587274
ALPL,4.187352226571456
ALPP,0.0011299410594109163
AMACR,63.43559452414456
AMD1,39.674387870869495
AMDHD1,2.0219429810257292
AMDHD2,29.30083034117479
AMFR,1.2683922505396892
AMHR2,0.06348622862741445
AMN,2.6267531147866774
AMPD1,0.0005615304960413927
AMPD2,7.060014345521927
AMPD3,7.062111218947313
AMT,8.074096270991205
AMY1A,0.0004104623395897299
AMY1B,2.6438139326066277
AMY1C,2.6438139326066277
AMY2A,0.024166194616505342
AMY2B,2.0451674830040454
ANAPC11,57.5577822776076
ANGPTL4,4.46577361807462
ANKRD1,0.05060442853088318
ANPEP,15.364723901911454
ANXA3,16.55481909142299
AOAH,3.1566063017009007
AOC1,0.022327631781835014
AOC2,0.05270355517003608
AOC3,1.9734443089995515
AOX1,1.2203911752052614
APOA1,0.013834246448758697
APOA2,0.0981309428179106
APOA5,0.11645175048604357
APOB,1.4927272133171663
APOC1,716.2005393578593
APOC2,27.211319250515267
APOC3,0.004297789592888977
APOE,24716.923441440136
APRT,914.5847546031833
AQP1,3.194654157269483
AQP10,0.0037868645526527175
AQP2,0.08261492011170514
AQP3,3.1349009793022242
AQP4,0.5947915999984558
AQP5,1.113535437868504
AQP7,70.10670496880056
AQP8,0.005636991368123912
AQP9,0.006844498478531321
ARAF,1.6590913553696913
ARCN1,232.6830681908506
ARG1,0.023896900494285507
ARG2,278.0612303139349
ARSA,27.010688436325783
ARSB,17.461238943600954
ART1,0.0012734855391274432
ART3,0.005707584137452938
ART4,0.514616294801996
ART5,0.025214165732571663
AS3MT,0.488387634136432
ASAH1,1179.5204591608974
ASAH2,0.038478103215639346
ASH1L,0.02285906967761923
ASL,198.1909482167843
ASMT,0.001980596583882559
ASNS,301.26382451436416
ASPA,6.088627726597176
ASPG,0.08933038700249303
ASPH,159.06870125608893
ASRGL1,3.939817051565363
ASS1,202.36321683273965
ATE1,13.093837731754043
ATIC,768.1346452821813
ATM,1.458884965732513
ATP10A,0.10675469484636758
ATP11A,30.56267472679508
ATP11C,4.88589252877536
ATP1A1,17.788413924283223
ATP1A2,0.02347566904975052
ATP1A3,0.033703379456041724
ATP1A4,0.0032259266855233456
ATP1B1,2503.388173087037
ATP1B2,0.0931492638713851
ATP1B3,76.67600848575853
ATP1B4,0.0019565407682606973
ATP2B1,7.938617562069913
ATP2B2,0.0010689185750758132
ATP2B3,0.0003684686263417723
ATP2B4,70.53505569468392
ATP4A,3.7675709576044514
ATP4B,0.1657795319535251
ATP5F1A,124.53265572432873
ATP5F1B,167.30632217246165
ATP5F1C,21.50971022167614
ATP5F1D,155.46511749348954
ATP5F1E,125.55773209538297
ATP5MC1,4.311892001287344
ATP5MC2,2.868050998110428
ATP5MC3,5.997867959791037
ATP5ME,117.38991896387836
ATP5MF,1.481717785000078
ATP5MG,179.57272888452187
ATP5MGL,23.718922705117464
ATP5PB,5.524565248774745
ATP5PD,6.7181129554220975
ATP5PF,4.959033242795014
ATP5PO,42.13932100131758
ATP5S,0.3354345050980549
ATP6V0A1,5.913334959663536
ATP6V0A2,0.9966133236390174
ATP6V0A4,0.01263786667352481
ATP6V0B,200.60924824888608
ATP6V0C,1123.0734992634214
ATP6V0D1,1123.3967268904678
ATP6V0D2,0.03496417116849399
ATP6V0E1,986.6471140714106
ATP6V1A,1175.0296757932902
ATP6V1B1,0.09493276473483195
ATP6V1B2,1459.1224885722986
ATP6V1C1,167.25566566876006
ATP6V1C2,0.27996397422915675
ATP6V1D,176.5965941188551
ATP6V1E1,340.49568634525156
ATP6V1E2,0.3278491346127705
ATP6V1F,72.51138606256318
ATP6V1G1,99.50733948536013
ATP6V1G2,0.5870082257243293
ATP6V1G3,0.007918057872918256
ATP6V1H,54.505505279656404
ATP7A,2.3972849156543927
ATP7B,1.7010594193429243
ATP8A1,3.1239931298716748
ATP8B1,1.2372466364270023
ATP8B2,5.4964303738308296
ATR,0.043475269350446134
AUH,12.73460852853543
AURKA,0.019498756642811376
AURKB,0.27616534545517196
AURKC,0.26042612938481763
AWAT1,0.0029773273532945842
AWAT2,0.6905945531355334
AXL,0.06284245331233297
AZIN2,0.7963414524148358
B3GALNT1,8.106904492366851
B3GALNT2,7.739757036298107
B3GALT1,0.0028491758656931693
B3GALT2,0.09130592741649012
B3GALT4,0.4094341481253989
B3GALT5,0.000857148445241193
B3GALT6,2.8509505022047863
B3GAT1,1.4571767571074543
B3GAT2,0.001934887494662865
B3GAT3,32.53830360463375
B3GLCT,0.7866139610071975
B3GNT2,19.573772537538378
B3GNT3,0.009246198412784793
B3GNT4,0.07737806287803459
B3GNT5,1.7945483182170205
B3GNT6,0.006009239311950101
B3GNT7,0.27512634962682514
B3GNT8,0.06405799724340881
B3GNT9,27.85815392368858
B3GNTL1,1.621096836884981
B4GALNT1,0.01324947701098651
B4GALNT2,0.0006704384769046924
B4GALNT3,0.043808214960119815
B4GALNT4,0.09268511223720524
B4GALT1,71.66062728552359
B4GALT2,10.81101683584849
B4GALT3,19.811989339551758
B4GALT4,19.153463329039287
B4GALT5,67.85521525412429
B4GALT6,1.9841994391687903
B4GALT7,25.344125254518232
B4GAT1,2.277812689362301
BAAT,0.002177087939099844
BARD1,0.38948694616315255
BBOX1,7.757725241991509
BCAP31,5538.703379151484
BCAT1,0.05224003000953782
BCAT2,43.098698971509634
BCHE,0.0035680696189216393
BCKDHA,10.192063206135634
BCKDHB,9.055161917846569
BCKDK,112.12079263529621
BCO1,0.06461878427195712
BCR,1.451519253879217
BDH1,2.152385259862393
BDH2,51.4313396758753
BHMT,1358.5650968712876
BHMT2,533.0020824094772
BIRC6,7.177552492177827
BLK,0.025186493385707914
BLVRA,1271.2769972825515
BLVRB,1932.485261026106
BMP1,2.8412580711272453
BMP2K,0.3697496980794692
BMPR1A,2.4699575592051914
BMPR1B,0.001076372044564067
BMPR2,13.364030441662257
BMX,0.003147761334309517
BPGM,22.85206098044311
BPNT1,37.69103396050822
BRAF,2.1112696494305614
BRAP,0.28714853169726523
BRPF1,4.832376820162834
BRSK1,1.7304363602329627
BRSK2,0.0069442574006386365
BSCL2,4.804539131921004
BSG,220.82141189906736
BTD,36.34023853338274
BUB1,0.37546288221780183
BUB1B,0.018223372168621375
C1GALT1,11.117731522064641
CA1,0.012276034489505004
CA12,1.761969485199685
CA13,21.555918515098114
CA14,0.350272588252888
CA2,580.2339320915993
CA3,0.2935266895369447
CA4,2.877296511719588
CA5A,0.04199005514458229
CA5B,0.3026405702518381
CA6,10.425839500790367
CA7,0.0035322874739252145
CA8,0.006794845134866021
CA9,0.0867982578480333
CAD,44.72315416599528
CALM1,679.0340716982685
CAMK1,12.021066344134377
CAMK1D,0.8272476359287856
CAMK1G,1.0871951577841634
CAMK2A,0.1746463683580685
CAMK2B,2.823728193529653
CAMK2D,627.274582468622
CAMK2G,9.981373447499246
CAMK4,0.069423046920603
CAMKK1,0.9222872337633453
CAMKK2,17.815355835625347
CANT1,33.380894996299354
CARM1,11.279967507613732
CARNS1,0.2022042945495024
CARS,20.101738303294468
CARS2,16.064215414292672
CASK,23.11962043586396
CAT,568.0867238803085
CBLC,0.0063810600374327574
CBLL1,8.841129596403274
CBLL2,0.027434690025870352
CBR1,244.27749691483362
CBR3,87.69827084837655
CBR4,104.52855933851427
CBS,10.22264351229316
CBSL,0.3354345050980549
CBX1,200.50376180781646
CCNB1IP1,15.599166233110877
CD36,0.033900859065789817
CD38,0.3322394265788835
CDA,3.364708814309082
CDC14A,0.554657768834973
CDC14B,6.22868967156171
CDC25A,1.0745439083211572
CDC25B,49.26515774742271
CDC25C,0.011077059039518134
CDC34,4.826224078799448
CDC42BPA,6.180381568999039
CDC42BPB,6.053374685831715
CDC42BPG,0.45357495822600147
CDC7,1.0090045752513728
CDIPT,183.72662048263317
CDK1,0.2128041522660496
CDK10,62.55895366862607
CDK11A,1.464582644779063
CDK11B,5.647508527310664
CDK12,9.632875466218744
CDK13,9.689630474169453
CDK14,9.810448339195117
CDK15,1.012041248255981
CDK16,77.47025411961745
CDK17,5.152254895593992
CDK18,15.403666453297358
CDK19,2.930030236505639
CDK2,10.705250677305775
CDK20,9.529070203903544
CDK3,1.5727061588340354
CDK4,15.035449473687398
CDK5,31.147450307105814
CDK6,4.289569419180927
CDK7,72.88738539827021
CDK8,7.461224799333897
CDK9,45.698857395373686
CDKL1,152.02250410571767
CDKL2,1.6365757985209115
CDKL3,0.5876262319019907
CDKL4,0.013867039880471154
CDKL5,1.6903721867853292
CDKN3,0.7573104992175829
CDO1,0.06254559544662365
CDS1,5.461486970201391
CDS2,54.887578352487246
CDY1,0.256335927830294
CDY1B,0.256335927830294
CDY2A,0.04923577690024244
CDY2B,0.04923577690024244
CEL,0.053635742701378816
CEPT1,5.3128594277158925
CERCAM,32.35231967147115
CERK,35.98079985255177
CERS1,0.01506539881958291
CERS2,514.6029293476051
CERS3,0.004056662777517851
CERS4,37.900958460436
CERS5,33.95606909287033
CERS6,2.0014119770743535
CES1,0.0018227765987572512
CES2,76.80288225817709
CES3,0.781145605602573
CES5A,0.03703753789261324
CFTR,0.0004048673885214183
CH25H,1.176271334599129
CHAT,0.014545141103376102
CHD9,7.8604559805047085
CHDH,11.595221302947236
CHEK1,0.8736430481337109
CHEK2,3.9454598875859133
CHFR,6.716607451972549
CHI3L1,0.043085232188108814
CHIA,0.00400427225407015
CHIT1,0.08140266821213488
CHKA,4.9937489620266655
CHKB,0.0938981259373938
CHMP4A,65.73245738271105
CHPF,66.04964944765509
CHPF2,16.368963892858165
CHPT1,136.06125007250452
CHST1,0.2594011196943351
CHST10,10.99705198205922
CHST11,6.837556638922446
CHST12,9.332238504669006
CHST13,0.671269691518642
CHST14,1.0410183656043142
CHST2,32.69172591630655
CHST3,31.643482855999938
CHST4,0.0015152992250777593
CHST5,0.04726433760834583
CHST6,0.006726969285293146
CHST7,0.3763870195958876
CHST8,0.0004367816517824026
CHST9,9.34393803333871
CHSY1,3.466537479096111
CHSY3,0.016824092129562224
CHUK,2.8818584831245038
CHURC1-FNTB,0.0011157294409511074
CIDEA,0.3261466052049245
CINP,1.7565605892316425
CIT,23.560514345210017
CKB,460.67600790205097
CKM,0.0040992497227805595
CKMT1A,0.15285520161802854
CKMT1B,0.30293157305247415
CKMT2,0.1505519073778135
CLC,1.416608020365395
CLCF1,3.448850450292904
CLK1,1.607941285247168
CLK2,17.44197800830357
CLK3,1.3397210937920494
CLK4,0.8523044786747903
CLOCK,4.899017425381493
CLPS,9.828993754263943
CLTRN,0.5786685643266595
CLYBL,5.26758763385275
CMA1,0.011251503736319652
CMAHP,0.5112542044734303
CMAS,12.346502989419749
CMPK1,671.0447334201968
CMPK2,0.7583315233075247
CMTR1,4.115778316984253
CNDP1,0.02681238136468293
CNDP2,490.5283209440236
CNOT4,7.994420193995604
CNP,48.38361141433143
COASY,934.3824722432023
COL4A3BP,8.864610488024987
COLGALT1,4.827811645801103
COLGALT2,0.08819212596505183
COMT,207.9724953343073
COMTD1,357.8926503294263
COP1,0.4785008438550989
COPA,341.38420714112624
COPB1,471.28411349117584
COPB2,138.5301987453336
COPE,1261.5564704263138
COPG1,299.4756436160657
COPG2,135.00197898306845
COQ2,3.1444542216548923
COQ3,5.5050317574200065
COQ5,3.3775212939649775
COQ6,21.37580502982521
COQ7,0.4591130521149987
COX1,7.766401376158287
COX17,74.0857947641726
COX2,5.3369352212394165
COX3,0.33446363282071023
COX4I1,1467.637431918955
COX4I2,0.33066626493994217
COX5A,436.6783412901486
COX5B,795.358588043586
COX6A1,19.319910163452622
COX6A2,0.024544517166893633
COX6B1,132.76071820941766
COX6B2,0.0009246300447996606
COX6C,214.81929473389724
COX7A1,0.7908581133578566
COX7A2,41.91133953394461
COX7A2L,215.36732248704857
COX7B,1021.0434330876085
COX7B2,0.3354345050980549
COX7C,538.706755698277
COX8A,1164.7204908495153
COX8C,0.019041997486373426
CP,0.01087660371245276
CPA1,0.002893237697305633
CPA2,0.3260077156250784
CPA5,0.0006844170736314219
CPA6,0.0149668096662637
CPOX,38.7017068724875
CPS1,0.045137527464143845
CPT1A,1.130452169391931
CPT1B,0.0979770746887754
CPT1C,0.12902994621077946
CPT2,61.60920240092507
CRAT,20.56850347849337
CREBBP,0.21250159003647873
CRLS1,9.908047972212799
CROT,20.21692530221923
CS,3286.3014929517267
CSAD,6.774619380099459
CSF1R,49.217165833797154
CSGALNACT1,0.44527309343019
CSGALNACT2,4.484381237610432
CSK,37.507294260129214
CSNK1A1,73.42380988887021
CSNK1A1L,0.16752380250761023
CSNK1D,162.68416636332447
CSNK1E,2.396079562991342
CSNK1G1,3.001480019372664
CSNK1G2,33.21140981081069
CSNK1G3,4.9314537052399565
CSNK2A1,376.31366706090733
CSNK2A2,326.9837031707277
CSNK2B,52.86428947204929
CTBP1,145.4561597384624
CTDP1,1.8667957088370593
CTDSP1,99.67946931005777
CTDSP2,101.29537949094471
CTDSPL,154.9005379796755
CTDSPL2,1.9136358647000635
CTGF,0.3354345050980549
CTH,0.7246611354921353
CTPS1,0.2774814774265704
CTPS2,8.130952112031949
CTSA,968.8474895539636
CTSB,3860.14071698252
CTSC,87.70674526192505
CTSD,7152.187991869134
CTSE,0.03086436229248068
CTSF,360.45008912005227
CTSG,0.01796482157476612
CTSH,1156.3310086978663
CTSK,57498.927770963724
CTSL,22.309476873829027
CTSO,117.36239379729227
CTSS,47.90791382143447
CTSV,0.5139622638412911
CTSW,0.2617837453209861
CTSZ,13.49831753686439
CUBN,0.09985353299127857
CWC27,16.186786160624052
CYB5D1,16.724096408319358
CYB5R1,242.0848873616468
CYB5R2,1.613770492379875
CYB5R3,2334.22207687542
CYBB,10.551252668148846
CYBRD1,105.88578028986336
CYC1,565.8509622203949
CYLD,5.019308007351917
CYP11A1,0.0360350712709335
CYP11B1,0.8426372984421979
CYP11B2,0.0010942316707724508
CYP17A1,271.4970885411397
CYP19A1,0.0010583801941853128
CYP1A1,0.02876690307219978
CYP1A2,0.005455198419345668
CYP1B1,891.7909027891895
CYP21A2,0.000369911525405144
CYP24A1,1.7597605818964686
CYP26A1,0.000539318195551603
CYP26B1,7.1477966917933005
CYP27A1,28.425657987983175
CYP27B1,0.08894674417585315
CYP2A13,0.04638837469548625
CYP2A6,0.002177087939099844
CYP2A7,0.008303123889924118
CYP2B6,0.02889595120271605
CYP2C18,0.003383805092807464
CYP2C19,0.0010892191949219965
CYP2C8,0.0607504988760641
CYP2C9,0.006979551126953816
CYP2D6,0.6566524370844611
CYP2E1,0.4193976147637039
CYP2F1,0.007160801386397684
CYP2J2,2.714007977232164
CYP2S1,0.601572312506942
CYP2U1,9.496125913049678
CYP39A1,2.4966137876243932
CYP3A4,0.04741552196142548
CYP3A43,0.08477918341977413
CYP3A5,225.82645033179702
CYP3A7,0.0030170572413778796
CYP46A1,2.11474223999764
CYP4A11,0.011618173998903546
CYP4B1,0.039680466689882135
CYP4F11,0.012447233942542274
CYP4F12,0.08687860975886956
CYP4F2,1.3721447209835187
CYP4F22,0.006966549875990897
CYP4F3,0.022456234832335338
CYP4F8,0.0007696546296924331
CYP4V2,46.06637176497538
CYP4X1,0.11983405971839799
CYP4Z1,0.001959589244751531
CYP51A1,93.16161460138503
CYP7A1,0.001125697499753347
CYP7B1,18.797771143572795
CYP8B1,0.013186801469784591
CYTB,10.283962318241796
DAD1,1026.9211030449078
DAGLA,0.49650555954799136
DAGLB,6.974911988997836
DAO,2.8078280256354655
DAPK1,15.003413365742263
DAPK2,0.2810466148277136
DAPK3,3.4110218619081523
DARS,5270.731261255576
DARS2,20.762358426652977
DBH,0.11747247606110546
DBI,351.5001395155266
DBT,2.175664118382049
DCK,10.563723770184746
DCLK1,19.563640612855238
DCLK2,25.30971742379741
DCT,0.007811193697673835
DCTD,34.72599903750306
DCTPP1,37.42814620017733
DCXR,104.2233566042885
DDAH1,327.3228259068706
DDAH2,19.00753114982506
DDC,173.69351182536346
DDO,13.515241000226185
DDOST,578.7162039314675
DDR1,11.548910750787366
DDR2,31.09718633643724
DECR1,200.01276795237993
DECR2,38.856154295053734
DEGS1,21.696926002465172
DEGS2,0.07542620736022788
DERA,41.27294599600747
DGAT1,8.136404524577507
DGAT2,14.211920152095745
DGKA,3.0958018555956786
DGKB,0.0005292042985798663
DGKD,1.9128660730303242
DGKE,0.04575347313668634
DGKG,0.032769191317619344
DGKH,0.43397304094857314
DGKI,0.0019526728095336442
DGKQ,5.12723510744934
DGKZ,2.763855774253027
DGUOK,24.188156915614844
DHCR24,4.969929394628442
DHCR7,14.881674871206307
DHDH,0.07586765010038812
DHFR,145.41145551593453
DHODH,5.461648408335239
DHRS2,0.6285753483150949
DHRS3,42.2792521907427
DHRS4,1072.7421468537675
DHRS9,0.12010921751245648
DIO1,2.2484430426278808
DIO2,0.22339114063744422
DIO3,0.007574148763192904
DLAT,461.4545944666073
DLD,1955.8624910394249
DLST,253.81522615381627
DMGDH,43.35008295098924
DMPK,7.125798697180307
DNAJC6,0.6015345911327519
DNMT1,10.690849677424556
DNMT3A,2.3157230999357625
DNMT3B,0.5957971955586476
DNMT3L,0.007855413571534686
DOLPP1,7.095213831381497
DOT1L,2.217607336303869
DPAGT1,36.62746543961356
DPEP1,0.11411012212606211
DPEP2,2.115072945018736
DPEP3,0.007654682460282898
DPH5,38.89885077755029
DPM1,810.7600631235764
DPM2,44.46288501351192
DPM3,37.93682276485462
DPYD,1.0016436727993008
DPYS,20.609742919620324
DPYSL2,3832.893333341631
DPYSL3,2.6583643613745624
DSTYK,12.863547460981234
DTYMK,23.833175967153984
DUOX1,1.029794877866777
DUOX2,0.04519341679940623
DUPD1,0.11783200419515537
DUSP1,225.26356763820942
DUSP10,1.1947547199973443
DUSP11,16.57248956959235
DUSP12,10.029964762620926
DUSP13,0.0008107556942428145
DUSP14,2.0060796692808216
DUSP15,2.9405670080704875
DUSP16,5.766556888141627
DUSP18,1.4048413124607062
DUSP19,0.7361220375004387
DUSP2,1.5373404246610964
DUSP21,0.08186674790155296
DUSP22,17.47160516800871
DUSP23,67.60947627534715
DUSP27,0.0012318890538024633
DUSP28,1.1491089990346426
DUSP3,1021.8898312252213
DUSP4,0.20495974139779524
DUSP5,3.7830574770963095
DUSP6,15.930859972143436
DUSP7,1.5682119674952633
DUSP8,5.653433196586139
DUSP9,0.8179565089522772
DUT,306.88194086565863
DYRK1A,13.440192147737482
DYRK1B,15.083692624794098
DYRK2,1.9149457007306874
DYRK3,2.5058877186084167
DYRK4,4.9881164146750905
DZIP3,12.896445643404341
EARS2,2.163332368714705
EBP,394.4505740409649
ECH1,528.3254572352213
ECHDC2,26.80482945765782
ECHS1,306.0749982652255
ECI1,106.65869244953747
ECI2,131.61954323298903
EGFR,4.185333861022808
EHHADH,119.97860306930869
EHMT1,0.8800768047279847
EHMT2,0.26655569565119447
EIF2AK1,82.01505022121681
EIF2AK2,37.29213101151522
EIF2AK3,8.487606839494443
EIF2AK4,0.5524648417435958
EIF4EBP3,25.47906511616545
ELOVL1,6.88048980817947
ELOVL2,0.02015500184027071
ELOVL3,0.03248228344281944
ELOVL4,3.81650190427273
ELOVL5,1.6603224158971428
ELOVL6,5.085168718914885
ELOVL7,2.176551258806799
ELP3,3.2926769397251157
ENGASE,4.680178405928096
ENO1,713.2066425102402
ENO2,13.04909992718472
ENO3,294.7605791830909
ENOPH1,271.7998823715046
ENPP1,44.49950209705117
ENPP2,1.821770933229328
ENPP3,25.55060384441914
ENPP6,0.06787514602191225
ENPP7,0.0070769396766229885
ENTPD1,8.979687833819039
ENTPD2,0.026135774513975932
ENTPD3,0.022746594700014933
ENTPD4,12.076945301336092
ENTPD5,20.417452270999878
ENTPD6,73.80904252357439
ENTPD8,0.026422068859356936
EP300,3.1671048644958173
EPHA1,0.23454876809304886
EPHA10,0.004083425944121431
EPHA2,1.3472812276679742
EPHA3,0.09193342646178455
EPHA4,7.020581938079234
EPHA5,0.00011357706995027389
EPHA6,0.0029573289997077705
EPHA7,0.005520415347334469
EPHA8,0.0001880635490604957
EPHB1,1.3356098703262973
EPHB2,0.020407653083493356
EPHB3,0.26377636563195234
EPHB4,0.7022871850945097
EPHB6,0.4845192183766634
EPHX1,508.18800812809644
EPHX2,58.547877436963375
EPM2A,3.744251627916252
EPRS,33.03513551398739
EPX,0.0491913822655852
ERBB2,0.7373540286143895
ERBB3,3.5461203123481218
ERBB4,0.002065172349305094
ERN1,6.382873930026111
ERN2,0.004476687331130884
ESD,2081.5148004307307
ETFA,6982.043070751232
ETFB,2807.6689494070447
ETFDH,45.069357638066016
ETNK1,10.704019179826037
ETNK2,1.9071710715095906
ETNPPL,1.3663166774328985
EXT1,20.70378616008904
EXT2,42.62114277940728
EXTL1,0.01940803011234607
EXTL2,8.375566466911204
EXTL3,17.705590508865253
EYA1,0.2167529353897822
EYA2,4.007503896705891
EYA3,1.0917972903371969
EYA4,0.006048018149821243
EZH1,29.382269848684203
EZH2,0.02513407467253731
F13A1,50.63926594667919
F13B,0.952082265681838
F2,0.049384430066185765
FAAH,13.243058541079696
FAAH2,1.5180078603916416
FABP1,0.044862177800506955
FABP12,0.07361943011456162
FABP2,0.0015683043343624648
FABP3,718.4518478333551
FABP4,0.06685252652041546
FABP5,35.209751792424164
FABP6,0.005680932418749731
FABP7,2.482310752887457
FABP9,1.0553661478381027
FADS1,7.2255776527355255
FADS2,0.5164092495097067
FADS3,0.3117512300691129
FADS6,0.3354345050980549
FAH,73.92757025065934
FAM20B,15.736440933346604
FANCL,4.314806407521193
FAR1,28.969910793759873
FAR2,0.9133816616597336
FARS2,2.9762568583531177
FARSA,1142.313993196658
FARSB,2.6328700055243144
FAS,47.70595832599739
FASN,9.01978551579058
FASTK,57.873735567614645
FAXDC2,0.014854582046724449
FBP1,272.2383276043373
FBP2,0.07334620128897781
FDFT1,81.3175380520191
FDPS,35.12948247003233
FDXR,18.48617296775369
FECH,5.867512821083073
FER,1.429031112713521
FES,3.661524288495649
FGA,6.990622680771628
FGFR1,14.593503358017196
FGFR2,0.6888889826903736
FGFR3,0.08061286918814611
FGFR4,12.89733436480442
FGGY,3.2631587210475144
FGR,2.585742874577234
FH,636.4039193492698
FHIT,35.63524239641572
FHL2,1.4281999635812441
FIG4,10.637446100096422
FITM1,0.07088843630383597
FITM2,20.342578416955384
FKBP10,333.715018620166
FKBP11,6.364858965451192
FKBP14,3.9995713429623594
FKBP1A,178.92083902344078
FKBP1B,2.112532536838242
FKBP2,1082.978221915461
FKBP3,890.2411471692
FKBP4,189.76161011624257
FKBP5,8.489858394347863
FKBP6,0.21417338487347368
FKBP7,8.585841005819278
FKBP8,63.85635508457419
FKBP9,103.87287606207407
FKBP9P1,0.3354345050980549
FLAD1,6.139036195793151
FLT1,1.7378145798234061
FLT3,0.12605655989875064
FLT4,0.9108052982810086
FLVCR1,1.266190229993224
FMO1,154.9935488793581
FMO2,3.9344507001623183
FMO3,1.2797761360893036
FMO4,18.463606965914853
FMO5,4.583961245020573
FMO6P,0.004316917560193474
FN3K,128.5953805356562
FN3KRP,87.3767171536274
FNTA,66.22529567722013
FNTB,0.5568259805321432
FOLR1,0.0883227630603911
FOLR2,1.4361529650651543
FOLR3,0.0023067887132592582
FOSL1,0.16674845885064282
FPGS,1.4972688868572561
FPGT,2.8872071361870466
FRK,3.8127359730098465
FRMPD2,0.004968467119229233
FTCD,0.10429235356713633
FTMT,0.0022040394500369453
FUCA1,77.66598271895266
FUCA2,269.5787253773442
FUK,9.925472243569846
FUT1,0.1273648338540897
FUT10,2.585392147225247
FUT11,6.104229178662964
FUT2,0.05421759534911064
FUT3,0.0690810668461788
FUT4,0.5673006511981762
FUT5,0.004723405632336044
FUT6,0.11701761378973562
FUT7,0.07596752096152361
FUT8,1.261302332277182
FUT9,0.07917572773881386
FYN,170.2386960097761
G0S2,599.7441982064255
G6PC,0.19511204466121454
G6PC2,0.018216384410824384
G6PC3,152.44193692157597
G6PD,219.300093987719
GAA,171.24140825989423
GAD1,0.3738945926188773
GAD2,0.0004268082284539572
GAK,4.002094828205773
GAL3ST1,12.535694059904003
GAL3ST2,0.015413285003876776
GAL3ST3,14.018698064223365
GAL3ST4,1.6913899570509865
GALC,15.698349515467088
GALE,19.4997035337661
GALK1,201.63726662285387
GALK2,116.7820908783339
GALM,47.85696762750069
GALNS,22.115663117106017
GALNT1,20.22731887181222
GALNT10,0.5458544381494855
GALNT11,174.40423577802798
GALNT12,54.799763921820755
GALNT13,0.00045058262379699473
GALNT14,75.37419961919971
GALNT15,0.0116113720313577
GALNT2,30.88452214625008
GALNT3,0.18899028670936505
GALNT4,0.06309280025550568
GALNT5,12.500441473492494
GALNT6,0.23460160892455845
GALNT7,0.4303756229676524
GALNT8,0.0029088024377245726
GALNT9,0.01380386722333062
GALNTL5,0.43999999999999995
GALT,54.341906689969726
GAMT,19.577410677537696
GANC,4.759133441556108
GAPDH,2080.901148537352
GAPDHS,1.2240827694054164
GARS,326.1154906759487
GART,111.2995831682303
GATM,333.6330947755024
GBA,70.53772089296359
GBA2,68.06714982613859
GBA3,11.453790265119931
GBE1,99.12066118565306
GBGT1,7.104538353337342
GC,0.1128901827185453
GCAT,202.95291744259663
GCDH,15.690470612866655
GCH1,1.6897618127804237
GCK,0.009040493222082741
GCLC,9.691514488021681
GCLM,21.329163844598227
GCNT1,0.04350914104077972
GCNT2,9.538616081109536
GCNT2P,0.3354345050980549
GCNT3,5.591200348701137
GCNT4,1.086760267016732
GCNT7,0.017599103154509868
GCSH,4.852579892638124
GDA,75.59946044661083
GDE1,40.45286899434055
GDPD2,0.03581579231387951
GFPT1,313.385102018038
GFPT2,0.03202492547908826
GGCT,15.818560072722848
GGH,3.1439368069966127
GGPS1,676.3744817558272
GGT1,172.23356750292106
GGT2,1.2557625587889092
GGT3P,2.4125578106123675
GGT5,4.345830360423597
GGT6,0.18802732289848673
GGT7,14.001545006002896
GGTLC1,0.9936799566905266
GGTLC2,5.800752187176588
GIF,0.3354345050980549
GK,4.196596573482275
GK2,0.0007914549538030263
GK3P,0.34174125407673234
GLA,34.70696972264155
GLB1,218.91980427924486
GLB1L,195.86477416408462
GLCE,0.8390973848831806
GLDC,4.033484151650699
GLIPR1,2.4438308743124035
GLO1,2292.8919442723904
GLRX,523.8048735177076
GLRX2,7.8263760188956955
GLS,1107.5459753002335
GLS2,1.5376524961213054
GLT6D1,0.06930364432416915
GLT8D1,2.2649816623429646
GLT8D2,0.3573108086151741
GLTP,11.117867409750746
GLUD1,979.9963652909744
GLUD2,100.6548810429188
GLUL,117.11180118267323
GLYAT,34.341043882662284
GLYCTK,1.5681875366605569
GM2A,35.01055946663544
GMDS,124.88946794667793
GMPPA,18.134089131611603
GMPPB,346.708523476638
GMPR,23.814929374003142
GMPR2,113.51548182573296
GMPS,191.46535541294907
GNE,22.05328022026754
GNMT,0.13687287148851543
GNPAT,25.04146978732976
GNPDA1,363.14570047936235
GNPDA2,15.727099911546878
GNPNAT1,43.44256103426849
GNPTAB,21.624443338942328
GNS,143.64427832285529
GOT1,12381.949694713703
GOT2,2606.9184442534347
GPAA1,142.0343096432575
GPAM,0.14552355360077937
GPAT2,0.008789391404460183
GPAT3,0.6582069289240687
GPAT4,1.352005973421296
GPCPD1,2.369580509377813
GPD1,399.73761268201406
GPD2,57.997653591534814
GPHN,151.2088358068298
GPI,3155.2373266344953
GPIHBP1,0.20170059798549667
GPLD1,0.8273374966338832
GPT,0.5407123655846184
GPT2,4.252290637965467
GPX1,214.09019528095988
GPX2,0.0412045285401078
GPX3,148372.60397782168
GPX4,448.42628609216575
GPX5,0.001110544613665937
GPX6,0.00781207384665153
GPX7,3.4859342001093307
GPX8,5.871831738614091
GRHL1,0.2135417945921206
GRHPR,134.06517990947222
GRK1,0.11699235770509935
GRK2,4.014622265826703
GRK3,1.2623639556998993
GRK7,0.007607361000578386
GSR,558.8116106464128
GSS,684.9638621854987
GSTA1,0.7875169738840125
GSTA2,0.036607344780432004
GSTA3,3.8201241689736465
GSTA4,28.28275437749707
GSTA5,0.02030158988648046
GSTK1,351.8936670085618
GSTM1,0.6842949090429143
GSTM2,5.517326920080311
GSTM3,26.32065764344733
GSTM4,12.014071024160232
GSTM5,5.575599706211108
GSTO1,4291.172533384843
GSTO2,0.47940319941532766
GSTP1,5367.203717154974
GSTT1,0.028152972472813582
GSTT2,1.248098375689988
GSTZ1,28.301584720829094
GTF2F1,16.642845940406787
GTF3C4,1.0937183403789525
GUCA1A,0.0149668096662637
GUCY1A1,2.9663227089166733
GUCY1A2,0.1435401163350307
GUCY1B1,1.0453859436592674
GUCY1B2,0.010517181858892855
GUCY2C,0.06195081094138388
GUCY2D,0.00535523102214189
GUCY2F,0.13808747592085474
GUK1,228.6921825147027
GUSB,7.101513562878493
GYG1,51.10512364409026
GYG2,1.0624476262081906
GYS1,41.8813169111504
GYS2,0.037104053219684706
H6PD,11.279294718474661
HAAO,3.949211020437136
HACD1,0.6699772991826155
HACD2,3.095013644366691
HACD3,4.330319334841662
HACD4,0.5979568033382378
HACE1,2.6647542979366268
HACL1,18.426304260352136
HADH,3077.366369192777
HADHA,1260.338794042903
HADHB,190.73366011230829
HAGH,99.7692266813372
HAGHL,22.351169230673378
HAL,0.016571283710265353
HAO1,0.19763453007540133
HAO2,2.359023036315165
HARS,255.95310217989612
HARS2,41.38902494875269
HAS1,0.01524399366505069
HAS2,0.011822703517566917
HAS3,0.16356262396692567
HAT1,84.81081994490343
HCCS,17.610200355769486
HCK,4.820784601304355
HCST,19.136522611322047
HDAC3,1.01969098119024
HDC,0.02269816781403615
HDLBP,183.1967019694336
HECTD1,6.1590555704283725
HECTD2,1.3716042177855468
HECTD3,1.818344274234526
HECW1,0.03372438440245341
HECW2,3.068604795160872
HELZ2,0.16199531088786426
HEPH,0.5060424281746846
HERC1,0.447750707118285
HERC2,0.25875754945008556
HERC3,5.873545146820466
HERC4,17.937129274681524
HEXA,265.25774580313475
HEXB,12.475048864556298
HEXDC,0.3354345050980549
HGD,4.583612515175534
HIBADH,209.59171666798457
HIBCH,137.91239770196626
HIF1AN,20.143289463420462
HIGD2A,17.358368829164412
HIPK1,7.699849574902246
HIPK2,15.587643905159846
HIPK3,51.537973476564915
HIRIP3,0.28336401869235406
HK1,114.74086151436607
HK2,4.9578468909085345
HK3,0.1327096728356321
HKDC1,114.3891298842638
HLCS,16.946814747044513
HLTF,0.13814177478918685
HMBS,125.14939086346001
HMGCL,423.12009709993754
HMGCLL1,0.004535120767177654
HMGCR,7.089590462388169
HMGCS1,28.345508917625093
HMGCS2,0.16195256697592716
HMOX1,112.44280141414713
HMOX2,128.90152315281512
HNMT,57.443772239952445
HPD,0.03169225262817681
HPGD,137.4472911253521
HPGDS,0.9184336732919749
HPRT1,477.7963382645608
HS2ST1,5.4121366239257425
HS3ST1,0.37045471043448674
HS3ST2,12.936610780715077
HS3ST3A1,0.004617708604329352
HS3ST3B1,0.0924720498205661
HS3ST4,0.001682071587427897
HS3ST5,0.00047020372263927804
HS3ST6,0.1168754146685436
HS6ST1,7.376178135689139
HS6ST2,0.0010418287886354983
HS6ST3,0.015578864577952184
HSD11B1,0.20275187833115682
HSD11B1L,8.73205604509289
HSD11B2,0.7345019606409341
HSD17B1,12.679844541486014
HSD17B10,191.6040616397235
HSD17B11,233.135833669819
HSD17B12,1017.625148264065
HSD17B14,213.92174861730058
HSD17B2,0.22232660251630815
HSD17B3,0.021460664010119222
HSD17B4,151.3014332594917
HSD17B6,1.2555084051304781
HSD17B7,2.177150619180747
HSD17B7P2,0.6167786117803025
HSD17B8,1.163164056071787
HSD3B1,0.010250637101139255
HSD3B2,0.06424308964274589
HSD3B7,44.52629810712421
HSPG2,0.06550791940656629
HTATIP2,49.97115051885272
HUNK,1.8933641094185074
HUWE1,8.318150411992871
HYAL3,0.5309069440684429
HYALP1,0.3354345050980549
HYI,15.133447674791238
HYKK,0.3304860018863759
IARS,1554.0466043580705
IARS2,113.13100559048011
ICK,2.4035998115051402
ICMT,28.772270420329075
IDH1,64.25557482209574
IDH2,569.5624826565447
IDH3A,1571.2205948428718
IDH3B,448.46896904120695
IDH3G,123.99771121018391
IDI1,24.36047600498698
IDI2,1.3378545131357973
IDO1,0.13291947242429064
IDO2,0.0038931113716069534
IDS,41.0288532068451
IDUA,13.936143387783694
IGF1R,37.78700409602796
IKBKB,17.484977931252335
IKBKE,8.952832032542558
IL4I1,121.98330676764786
ILK,55.77527436529254
ILKAP,21.672315197431637
IMPA1,242.21768614386667
IMPA2,478.53334346361794
IMPDH1,8.896944675092454
IMPDH2,67.08771110126828
INMT,0.5951262918749389
INPP1,578.3051127678237
INPP4A,4.082908269612935
INPP4B,0.15679644817205063
INPP5A,10.455084846855756
INPP5B,3.3472097888669916
INPP5D,7.732559556132733
INPP5E,16.741195072675314
INPP5F,0.4104283502269473
INPP5J,2.473089842767559
INPPL1,8.70885587113288
INSL3,0.007010052182459286
INSR,7.509388312455608
INSRR,0.0029811632640783917
IP6K1,47.591092861208175
IP6K2,34.023118557499785
IP6K3,6.648289731199382
IPMK,1.5876722775233545
IRAK1,54.95561223361087
IRAK2,4.6799286004231675
IRAK3,1.6893058326941535
IRAK4,4.893965927636466
IREB2,17.504120029763598
ISYNA1,16.832180217342266
ITK,0.4556559115744884
ITPA,408.0747736415253
ITPK1,436.3731095459423
ITPKA,0.07913495777334444
ITPKB,5.23437588273809
ITPKC,6.2541662457045595
IVD,788.3961213038544
JAK1,54.92567281872686
JAK2,7.1682613495049585
JAK3,0.5131311598375294
JMJD7-PLA2G4B,0.0015723939414366511
KALRN,0.4744951755869289
KANSL3,25.17181736387671
KARS,326.2436010510344
KAT2A,32.91163623414383
KAT2B,13.21700840105417
KAT5,28.290681703559795
KAT6A,7.954583294537279
KAT6B,5.020864666015843
KAT7,28.854384239964062
KAT8,39.34155717951749
KCNJ11,2.4014900964571346
KCNJ8,0.37388331377786727
KDR,2.488893687045413
KDSR,26.380853972572652
KHK,42.1830305785621
KIT,0.1042521917700619
KL,1675.8410137858139
KMO,0.021010656028474753
KMT2A,0.1132089503784727
KMT2B,0.3354345050980549
KMT2C,0.02724143815923862
KMT2D,0.256842919373976
KMT2E,0.08892210317369556
KMT5A,0.08744585611927874
KMT5B,0.052531638327043204
KMT5C,0.3350355754164824
KPNA6,26.9599775867528
KYAT1,0.41426786262502635
KYAT3,10.315561941178165
KYNU,0.42263302149464815
L1CAM,1.5935740254403623
L2HGDH,2.411639566310306
LALBA,0.09996023381633702
LAP3,1236.11305479286
LARS,548.9668436513023
LARS2,19.9551862782674
LATS1,0.42793319396764085
LATS2,19.661832149712275
LBR,33.82274468795128
LCAT,4.1578119497305455
LCK,1.633586967943341
LCLAT1,5.9157745445180865
LCT,0.0010006365616890725
LDHA,3564.2363171371812
LDHAL6A,0.025278704135899603
LDHAL6B,0.016504196091971506
LDHB,1847.7521014759398
LDHC,0.0013111272364676205
LDHD,42.05203658108493
LDLR,0.10328022850427725
LGALS13,0.16621830202908744
LGMN,5998.702905802969
LGSN,0.008818896234362944
LHPP,454.5458643674719
LIAS,0.7315396658982593
LIMK1,14.46008035685342
LIMK2,32.18187328990577
LIPA,92.39780622589889
LIPC,4.845746755674087
LIPE,1.0231285930573404
LIPF,0.0026477080453508857
LIPG,0.1069879286277422
LIPT1,1.9386466227895394
LIPT2,2.123003878711443
LMTK2,11.58344399907027
LMTK3,0.9042987169253642
LOC102724197,0.3354345050980549
LOC286297,0.001294760994019674
LOC344967,0.08669331723917918
LOX,0.14190763886120453
LOXL2,0.3325573906781258
LPCAT1,2.005118237842433
LPCAT2,5.9986409780851915
LPCAT3,34.7402533689756
LPCAT4,1.0053435039548686
LPIN1,4.6294145295913225
LPIN2,68.26839734841025
LPIN3,8.15661314925994
LPL,19.79589702413189
LPO,0.00042082185094724663
LRAT,0.016647721812879095
LRP1,1.939626994146639
LRP2,581.972334672376
LRRK1,0.0976321293363248
LRRK2,4.242794817018793
LRSAM1,15.346773825839062
LRTOMT,0.881970854080289
LSS,89.10978231803585
LTA4H,472.7589390436208
LTC4S,2.6563111245953723
LTK,0.13414750367981107
LYN,4.57342388025938
LYPLA1,172.60273097773515
LYPLA2,52.27051718026841
LYZL1,1.4145390562382973
MACROD1,6.699607909070079
MACROD2,1.0046718005000896
MAGEA2B,0.1626710879648594
MAK,0.11110003603511379
MAN1A1,1.6883616355817992
MAN1A2,2.5523551282261727
MAN1B1,3.5242235694294
MAN1C1,155.81934977343903
MAN2A1,24.059846983152138
MAN2A2,23.082878729265108
MAN2B1,68.18182009373818
MAN2C1,71.28767106842152
MANBA,52.86480190697434
MANSC1,8.013515225624976
MAOA,1387.3497141830796
MAOB,400.14797531715334
MAP2K1,536.6008419124217
MAP2K2,149.47826512417132
MAP2K3,7.841756443161139
MAP2K4,29.579064574061842
MAP2K5,10.13443871370969
MAP2K6,4.928462675941141
MAP2K7,2.9676129150596844
MAP3K1,4.39224032252695
MAP3K10,4.986201890683747
MAP3K11,34.402588627033005
MAP3K12,9.447704655457047
MAP3K13,3.6912688161215694
MAP3K14,3.76104100990405
MAP3K15,0.10091534675465703
MAP3K2,9.261732381554332
MAP3K20,0.20179825659102824
MAP3K21,0.03839897316107535
MAP3K3,23.867966856512524
MAP3K4,5.442998572699294
MAP3K5,8.432087674732722
MAP3K6,2.7118964269205454
MAP3K7,0.855007083893594
MAP3K8,4.0480365248814865
MAP3K9,0.5521780947329806
MAP4K1,1.8428308224729701
MAP4K2,10.421354577389371
MAP4K3,40.31974527421957
MAP4K5,20.394490934950632
MAPK1,833.3589190939406
MAPK10,6.23210493353619
MAPK11,6.266723077049669
MAPK12,6.267221654520637
MAPK13,0.26992209104797876
MAPK14,51.07346995771812
MAPK15,0.015138333495347786
MAPK3,129.47943931633765
MAPK4,0.5918808184035356
MAPK6,13.359830801956484
MAPK7,7.581034335469941
MAPK8,11.48724041877757
MAPK9,7.472866698606956
MAPKAPK2,4.696175150003449
MAPKAPK3,48.37499445894989
MAPKAPK5,23.734786644577625
MARCH1,0.818943041679909
MARCH10,0.0023613383098060135
MARCH11,0.0010366150113568268
MARCH2,25.762149350678936
MARCH3,0.15803366270645047
MARCH4,0.002150704917060746
MARCH5,15.568408901150727
MARCH6,53.91229131242949
MARCH7,36.45823423641788
MARCH8,15.578493014193391
MARCH9,8.714564883521808
MARK1,1.1819528507063908
MARK2,23.611944848746035
MARK3,35.17820360357121
MARK4,6.723817666930205
MARS,189.3113946241096
MARS2,3.8239132071171205
MAST1,0.001876475344684996
MAST2,5.777281856452591
MAST3,6.2400745870238605
MAST4,6.760534451294816
MASTL,0.1437815244346457
MAT1A,0.00035147098386351447
MAT2A,320.52773366850425
MAT2B,359.1438067382644
MATK,0.3331190442734027
MBOAT1,4.0237885379338145
MBOAT2,0.6996036036735085
MCAT,21.781530039099017
MCCC1,84.67512608227132
MCCC2,73.61971824446887
MCEE,8.611027991507134
MDH1,6275.011881478672
MDH1B,2.283648830007654
MDH2,7438.775298339972
MDM2,0.023785509236805908
MDP1,54.97475650509326
ME1,877.0843823671673
ME2,21.04376517512007
ME3,1.3608174132805033
MECR,4.630108511644009
MED1,0.9492738437239808
MELK,0.06504141931262007
MERTK,7.030964760218901
MET,15.03618235179326
METTL1,22.268687206318933
METTL3,21.783174497993013
MGAM,0.01859920440213913
MGAT1,76.26231320054099
MGAT2,5.093099777787649
MGAT3,0.07100974601112241
MGAT4A,13.196047683469889
MGAT4B,86.71852914520312
MGAT4C,0.3354345050980549
MGAT4D,0.02696149145334556
MGAT5,7.773829171157398
MGAT5B,0.005486924302315816
MGLL,231.76677157843704
MGMT,21.372065743911758
MGRN1,29.662983726496456
MGST1,3.235239950906733
MGST2,107.86569791388884
MGST3,188.89178674988932
MIA3,18.078966913396485
MIB1,6.531439111339475
MIB2,7.288342480021541
MID1,1.0736570224260118
MIF,140.49615036235662
MINK1,0.3936092084218554
MINPP1,12.171271483920929
MIOX,9.179960027345091
MIP,0.002220030674873378
MKNK1,3.76498589785351
MKNK2,57.530452571841764
MKRN1,33.11086578216318
MKRN2,23.777102637518574
MKRN3,0.376491099424174
MLKL,10.724944103071639
MLYCD,10.429873429174702
MMAA,1.4174293044918709
MOCS1,8.133621975358873
MOCS2,97.88956140365785
MOGAT1,0.031550792857747645
MOGAT2,0.004653730032590227
MOGAT3,0.06832763191888709
MOGS,97.72642309953008
MOK,5.248605890858192
MOS,0.09191795284698573
MOXD1,0.8336925166698582
MPC1,27.8052229308476
MPC2,12.311032245951754
MPI,66.3325602889434
MPO,0.0024680720434915563
MPST,1869.352804535981
MRPL58,13.330417578133794
MSMO1,16.99682887567815
MSRA,82.32535439626602
MST1R,0.029205792449861476
MT1A,0.02829706530361154
MT2A,21.802272085497577
MT3,0.3354345050980549
MT4,0.3354345050980549
MTAP,247.91696231648882
MTFMT,3.6528179611417997
MTHFD1,209.90851383526143
MTHFD1L,9.007180193920005
MTHFD2,9.466347226681785
MTHFD2L,1.553032755215608
MTHFD2P1,0.3354345050980549
MTHFR,6.839615293456759
MTHFS,8.537319983917305
MTMR1,2.394331707051546
MTMR14,36.483603709946074
MTMR2,0.9929856395839901
MTMR3,0.40096080837671066
MTMR6,13.170527159877492
MTMR7,0.06482308919058942
MTMR8,0.12619759813675235
MTPAP,5.1443888181345425
MTR,0.7625644162103506
MTRR,33.73941141963411
MTTP,0.03595722204013554
MUL1,35.84152453243212
MUSK,0.004047677136038272
MUT,0.3354345050980549
MVD,80.44235425267314
MVK,7.909199106926936
MYBBP1A,40.35840055790267
MYCBP2,0.11142173113422955
MYLIP,24.462436853230173
MYLK,0.5177469129476243
MYLK2,0.0011705526690188725
MYLK3,0.0028257907263111144
MYLK4,0.6059341838507394
MYO3A,0.0019308231946728158
MYO3B,0.03214945381315258
MYO5B,57.40530926980457
NAA10,68.33246629297236
NAAA,46.264012310426295
NADK,8.218039721429513
NADSYN1,24.382929574985013
NAGA,24.726970386064284
NAGK,86.85303487617185
NAGLU,183.53092807060557
NAGPA,6.583728233147271
NAGS,0.5642610079869202
NAMPT,278.54637823217354
NANP,3.3433039165315517
NANS,481.9814088664036
NAPRT,25.164291606310147
NAPSA,44.64984169416885
NARS,6750.17567637512
NARS2,7.788399333548643
NAT1,7.893290411646177
NAT2,0.09288546590353595
NCOA1,25.8574805937057
NCOA2,0.44999441334104734
NCOA3,2.720904930071437
NCOA6,15.537354906709915
NCOR1,0.20063244788999282
NCOR2,1.078480965247597
ND1,0.7496282848946749
ND2,6.647572110665278
ND3,3.518721426725826
ND4,15.91921099634504
ND4L,0.3354345050980549
ND5,3.9860139175064595
ND6,2.1511623729121254
NDST1,25.218873159826536
NDST2,7.571826447768569
NDST3,0.019462942544334894
NDST4,0.024005586560330774
NDUFA1,1178.1227199799112
NDUFA10,81.64396925473247
NDUFA11,87.13336674145505
NDUFA12,25.827811428584965
NDUFA13,2474.5300602751113
NDUFA2,27.542703140711286
NDUFA3,51.51641938161261
NDUFA4,17.429505040102892
NDUFA5,135.32427910754942
NDUFA6,91.84609416911725
NDUFA7,7.22996516973882
NDUFA8,126.47615479729012
NDUFA9,37.1961368423918
NDUFAB1,250.31917189331315
NDUFB1,127.44275840673055
NDUFB10,199.4129108517941
NDUFB2,905.0649407158692
NDUFB3,212.02122448155652
NDUFB4,119.2348200259218
NDUFB5,295.13668937445397
NDUFB6,35.27012461972937
NDUFB7,192.30579999855908
NDUFB8,129.04113567400435
NDUFB9,43.88416569089867
NDUFC1,74.54877239509626
NDUFC2,18.51471148914313
NDUFS1,217.75475801558954
NDUFS2,87.95051021885733
NDUFS3,489.0208495559579
NDUFS4,122.39109325044576
NDUFS5,311.6482735010789
NDUFS6,57.11734683123022
NDUFS7,71.67834197901034
NDUFS8,166.6547790751777
NDUFV1,97.36947883561878
NDUFV2,49.41361915009223
NDUFV3,36.86070853524949
NEDD4,3.9345187183261587
NEDD4L,10.905659801890828
NEK1,5.396239478760698
NEK11,8.95785017891852
NEK2,0.02116027422792546
NEK3,2.5641502785102617
NEK4,9.532309603866636
NEK5,0.028218310518563303
NEK6,4.068349832776618
NEK7,39.939988711398804
NEK8,5.559392489604597
NEK9,2.029871959297021
NEU1,13.988265787391107
NEU2,0.07868648115252536
NEU3,3.0047446417113086
NEU4,0.0020727588497823635
NEURL1,0.14715923590013888
NEURL1B,0.6000122558007137
NGLY1,14.828599604393796
NHLRC1,0.20869076548176133
NIT2,1760.2965125271025
NKTR,11.093898157355776
NLK,24.633999951707253
NLN,153.50446930644569
NME1,3236.137032664793
NME2,640.4425125865862
NME3,49.895449577240335
NME4,86.66300710254013
NME6,1.0277118892448123
NME7,1.9946718746093448
NMNAT1,3.724408462588875
NMNAT2,0.059787532075477344
NMNAT3,1.5251788606661847
NMRK1,2.9351673795914386
NMT1,111.94089518182848
NMT2,1.9109329302487392
NNMT,1.2444608837165707
NNT,194.36602396541812
NOL9,1.1140851929709197
NOS1,0.005703895111612976
NOS2,0.032121608639814066
NOS2P1,0.3354345050980549
NOS2P2,0.3354345050980549
NOS3,0.5009458275387664
NOX1,0.1472766920760575
NOX3,0.09198887034239282
NOX4,33.08791950012016
NOX5,115.63503097683889
NPAS2,14.765977426621797
NPC1,180.22124806517922
NPC1L1,0.0052617762262908855
NPR1,19.10466443529173
NPR2,10.652731143045234
NQO1,294.52826225546016
NQO2,76.866389030452
NR1D1,5.206173059747502
NRF1,1.1291630836218962
NSD1,8.584297774356589
NSD2,0.8117852405670956
NSD3,0.8238692165195934
NSDHL,654.1948041988226
NSF,165.55033581208033
NT5C,192.92381690540282
NT5C1A,0.001601874370283232
NT5C1B,0.004843646120584275
NT5C1B-RDH14,0.037698419756150243
NT5C2,159.50826420181326
NT5C3A,4.209671716104311
NT5DC3,1.400650633908808
NT5E,8.602736807281103
NT5M,8.366846105340473
NTAN1,3.2155944576469073
NTRK1,0.007380297303091644
NTRK2,14.335924869686831
NTRK3,0.03353487877324748
NUAK2,7.527020008240245
NUDT10,0.21902035449743204
NUDT11,0.40392393272099053
NUDT12,15.210027094596315
NUDT2,5.492952329326426
NUDT3,2.889690178231693
NUDT4,0.4523899914236105
NUDT5,532.3893929391619
NUDT9,38.596528398620805
OARD1,11.970020898409903
OAT,610.1111923777605
OBSL1,1.5783779338783364
OCRL,19.672509576070933
ODC1,10.675476524139029
OGA,13.207835039605774
OGDH,2328.15355174562
OGT,68.89800250986998
OLAH,0.013428382762379319
OPLAH,19.105176095466938
OTC,2.3305572451444374
OTUD5,53.00570466040388
OXCT1,560.8348298794878
OXCT2,2.6749081638576677
OXSM,9.189541924344278
OXSR1,29.77928812906565
P4HA1,26.62785146067614
P4HA2,26.481155545599922
P4HA3,0.046925559202581624
P4HB,1006.1114926441527
PADI1,0.0033488142248760573
PADI2,7.515205373550633
PADI3,0.000979081980826318
PADI4,0.001553363397170597
PADI6,0.0014813837259768478
PAFAH1B2,654.8192550900955
PAFAH1B3,206.83308986771152
PAFAH2,5.584541708501107
PAH,1034.5512119576028
PAICS,188.4023018608585
PAK1,57.950834765860186
PAK2,154.9400458238601
PAK3,0.32613515489378275
PAK4,0.9782007262165785
PAK5,0.1843105272396382
PAK6,0.043316098052420995
PAM,0.7775585416069843
PAN2,12.465625573193984
PANK1,19.140457163346642
PANK2,10.481775692529837
PANK3,7.480322943172397
PANK4,5.199652643122858
PAOX,3.5580554712518606
PAPOLA,5.210512288777652
PAPOLB,0.3837718827977271
PAPOLG,1.4223833441085307
PAPSS1,58.81275969520851
PAPSS2,0.8621237435032096
PARP1,113.31584759558663
PARP10,5.456169519109852
PARP11,1.0314555937441428
PARP12,2.3076145479199863
PARP14,21.902406717202506
PARP15,0.1368881423966564
PARP16,9.904764294586348
PARP2,15.260467428582105
PARP3,65.28910348568007
PARP4,4.771648332216711
PARP6,17.703430632413063
PARP8,2.193917109626872
PARP9,9.773796453141989
PARS2,2.457270038711362
PASK,0.9315033857689319
PBK,0.2624978842387271
PC,46.61091730334113
PCBD1,1860.39889664574
PCBD2,15.157660474085493
PCCA,100.31431869019124
PCCB,16.79037403049487
PCK1,30.195360232828357
PCK2,38.88190610755883
PCMT1,725.0500011195039
PCYOX1,220.3616686505871
PCYT1A,86.21151981583205
PCYT1B,0.0001694899730762526
PCYT2,18.94937813400185
PDE10A,0.06520383130040816
PDE11A,0.016615583316093724
PDE1A,0.08342369426434391
PDE1B,0.48690400278726526
PDE1C,0.0021952167877849634
PDE2A,0.9233481891277958
PDE3A,0.20072715132171298
PDE3B,67.0147102230819
PDE4A,7.654139336108136
PDE4B,2.109440227532541
PDE4C,0.017622529077489724
PDE4D,20.694708029699687
PDE5A,0.5909025379390511
PDE6A,0.0015609895265938168
PDE6B,12.348511760706247
PDE6C,0.029162721006057185
PDE6H,1.0083333333333333
PDE7A,11.708671336692957
PDE7B,7.450785270092716
PDE8A,13.817356819213279
PDE8B,0.5393395187578132
PDE9A,24.26528428608859
PDF,6.4153237769921745
PDGFRA,0.7697142501515782
PDGFRB,4.048995295511574
PDHA1,302.668551675185
PDHA2,0.00118139174546358
PDHB,139.67233421325426
PDHX,15.470927596148163
PDIA2,0.0038763692564109343
PDIA3,1958.9645197136458
PDIA4,804.4821380114042
PDIA5,45.30130285465523
PDIA6,893.1678674782512
PDK1,0.4131369958472595
PDK2,58.13155219027951
PDK3,15.673520707687533
PDK4,226.82624230278012
PDP1,24.6750005809708
PDP2,4.288449798631036
PDPK1,1.3350178482057427
PDPR,18.285879836235406
PDXK,33.96409833626846
PDXP,29.970880831018086
PDZD4,0.14059480244214476
PEAK1,3.3418208081955196
PECR,464.0405326801634
PEMT,27.915372183197597
PEPD,169.70572386379914
PEX11A,13.148319935064281
PFAS,114.79487633096609
PFKFB1,0.016994731796365813
PFKFB2,43.47031337420543
PFKFB3,31.78279946534366
PFKFB4,0.8307393347319925
PFKL,201.105133951473
PFKM,162.71004001307486
PFKP,2432.710276138765
PGAM1,69.55716586217248
PGAM2,8.014645960729323
PGAM5,52.29959856576666
PGAP1,1.2573602785437543
PGD,1379.3977780991356
PGGHG,0.02991860446325157
PGK1,599.3367162685952
PGK2,1.324906113529103
PGLS,681.8204573745004
PGLYRP1,0.022071688219267808
PGLYRP2,0.0007829444590268631
PGLYRP3,0.01572942767765221
PGLYRP4,0.0008107556942428145
PGM1,535.0489478171253
PGM2,96.8447667933408
PGM2L1,0.6606555207330601
PGM3,55.9063762481846
PGP,37.75711045087033
PGS1,47.333570854090844
PHEX,0.03617893675666657
PHGDH,757.8995317901963
PHKA1,2.4441451612074623
PHKA2,4.830415686395094
PHKB,54.256039327864315
PHKG1,0.06469582604598707
PHKG2,5.057323867367307
PHLPP1,0.21359451532753268
PHLPP2,3.814211005943655
PHOSPHO1,0.07237252518364476
PHPT1,127.874999263351
PHYH,103.78874194769882
PHYKPL,0.6462009571960334
PI4K2A,4.478789403405132
PI4KA,4.160961522546826
PI4KB,1.6431335338661643
PIGA,1.0423609810537435
PIGB,13.352119481320061
PIGC,43.696268333086934
PIGF,4.625881156777231
PIGG,15.009693904939251
PIGH,20.70110783227429
PIGK,10.85830517708416
PIGL,4.263843333981166
PIGM,6.015312583331815
PIGN,5.192537530974354
PIGO,28.955868136870585
PIGP,13.929524214168787
PIGQ,47.00980529252692
PIGS,37.57863301999317
PIGT,22.17477359529171
PIGU,2.6615185002378783
PIGV,4.61668212937448
PIGW,11.170498670670156
PIGX,4.115950848178518
PIGY,131.48131605585002
PIGZ,3.4595914586234593
PIK3C2A,2.0476173064933167
PIK3C2B,3.311153087915631
PIK3C2G,0.0002182739641500059
PIK3C3,0.7500805141568075
PIK3CA,12.116522002829877
PIK3CB,0.8346974818136396
PIK3CD,8.929360877675121
PIK3CG,0.3563803943053497
PIK3R1,3.042749200935019
PIK3R2,40.21119640871371
PIK3R3,28.00929670728594
PIK3R4,44.23448575271405
PIK3R5,1.7146038519262734
PIKFYVE,8.9980635800451
PIM1,2.907434082892103
PIM2,3.338387094162919
PIM3,16.0487871331431
PIN1,867.8131409704916
PIN4,2.118539066057984
PINK1,82.86121578318283
PIP4K2A,19.872855251465296
PIP4K2B,12.527471886880326
PIP4K2C,40.978249702644675
PIP5K1A,0.4601933223106112
PIP5K1B,0.4806216018871312
PIP5K1C,21.90147535863736
PIP5KL1,0.007836788283622319
PIPOX,0.11615909516384136
PISD,3.143255921901875
PJA1,29.075668706064363
PJA2,85.46332720189105
PKLR,0.13680996811644625
PKM,541.3891072832749
PKMYT1,0.3553300513280958
PKN1,118.0084577217916
PKN2,4.494878049589481
PKN3,0.9086685588739385
PLA2G10,0.041334796830463656
PLA2G12A,0.8110907041445098
PLA2G12B,0.01060713415523505
PLA2G15,31.957111784694344
PLA2G16,487.77611744306233
PLA2G1B,0.03449129925337993
PLA2G2A,7.81967631805218
PLA2G2C,0.005353235744830574
PLA2G2D,0.030410618356053094
PLA2G2E,0.10480083352838437
PLA2G2F,0.00047605093106860427
PLA2G3,0.001306316706563869
PLA2G4A,5.37959392966138
PLA2G4B,0.026977984856061656
PLA2G4C,114.84066080454609
PLA2G4D,0.00083590340939286
PLA2G4E,0.0014450849919078396
PLA2G4F,0.009730909621385418
PLA2G5,0.015073612920480407
PLA2G6,8.000300864792267
PLA2G7,0.16322858147952035
PLB1,0.08941289752698839
PLCB1,0.045936821904582786
PLCB2,7.1936464867883405
PLCB3,1.1172952056597805
PLCB4,0.20384563773909037
PLCD1,7.655799654580819
PLCD3,46.276521166242134
PLCD4,18.311231876953375
PLCE1,0.02191254924241837
PLCG1,2.292535603356012
PLCG2,4.6118240830301005
PLCH1,0.6545174532493977
PLCH2,0.08121119054111364
PLCL1,20.300011324600103
PLCL2,3.4686306787913717
PLCXD2,0.06756093316541192
PLCZ1,0.07175189323406331
PLD1,6.753207886525853
PLD2,6.028079289684447
PLD3,25.497344745203307
PLD4,22.205996177074734
PLD6,7.5609783083797915
PLG,3.615722070737719
PLIN1,0.04184404166705233
PLIN2,733.5991181151065
PLIN3,34.65595740910182
PLIN4,1.4363882266531456
PLK1,0.13510202263954282
PLK2,1.057226915029885
PLK3,2.5584950421370505
PLK4,0.44016996631668714
PLOD1,13.538102647239525
PLOD2,61.34995944241022
PLOD3,25.40394122539103
PLPBP,1.3790311261442316
PLPP1,5.389883230682263
PLPP2,2.123055391477898
PLPP3,4.2032094621878
PLPP4,0.019762828557283812
PLPP5,0.0656688155578048
PLPP6,0.050042688733332445
PLPP7,1.1305815492037874
PLPPR2,0.3307009692228308
PLPPR3,0.9307949846236876
PLPPR4,0.11900942508124815
PLPPR5,0.012456429933028047
PLTP,768.8755343149759
PLXNB3,0.03454282978328744
PMM1,12.099520426780849
PMM2,93.52682034572054
PMPCA,49.5420342718333
PMVK,493.7504025403584
PNCK,0.11315756686882748
PNKP,45.26144572128903
PNLIP,0.01735944451270558
PNLIPRP1,0.04876262171622993
PNLIPRP2,0.3354345050980549
PNLIPRP3,0.0005939634797888715
PNMT,2.440112339582005
PNP,3029.781846073837
PNPLA2,32.9241957632274
PNPLA3,0.010225971792038038
PNPLA4,42.258727565505446
PNPLA6,1.5249347342804758
PNPLA7,19.00245252361389
PNPLA8,9.614323263755645
PNPO,68.36365504603619
PNPT1,4.580334677762769
POLA1,2.572507196740279
POLA2,2.4930077928957024
POLB,8.650118702134284
POLD1,1.6308528182318196
POLD2,7.797243568716608
POLD3,0.46188673580638284
POLD4,138.478097141428
POLE,0.03967411536263364
POLE2,0.6611197478081464
POLE3,38.45803884631949
POLE4,9.481537329105565
POLG,17.541209243236352
POLG2,5.068325136242107
POLH,2.9900952505169673
POLI,7.414544416967904
POLK,12.523048937532442
POLL,13.428215803023889
POLM,12.792958446904041
POLN,0.3122812037272621
POLQ,0.015700802493060197
POLR1A,1.6863294535066076
POLR1B,1.0713300106313446
POLR1C,17.73863955221494
POLR1D,28.3381950778651
POLR1E,7.063836864564603
POLR2A,6.3969148017974975
POLR2B,16.19330412332591
POLR2C,109.1178696642396
POLR2D,16.782658163172034
POLR2E,113.59423478796846
POLR2F,20.595954713210283
POLR2G,38.63580218646754
POLR2H,217.9779963877658
POLR2I,19.734769887907756
POLR2J,17.372664103963015
POLR2K,129.0260482239294
POLR2L,370.2781725249168
POLR3A,0.30393516495940903
POLR3B,2.15835577747216
POLR3C,1.1778580350378696
POLR3D,5.759730393450028
POLR3E,23.107928970549345
POLR3F,7.227341283150242
POLR3G,0.16670000481214106
POLR3GL,46.610304951083535
POLR3K,16.068571651073075
POLRMT,7.596153744003573
POMGNT1,21.24970220680465
POMT1,27.27495720429668
POMT2,6.189117070297975
PON3,9.564900186546879
POR,372.3908076660968
PPA1,411.15663219058325
PPA2,361.98745589269396
PPARA,7.535358252506066
PPAT,8.437735729941448
PPCDC,4.267308059259626
PPCS,79.43584632642636
PPEF1,0.005402683918053584
PPEF2,0.00154384515461633
PPIA,223.68710641335386
PPIAL4A,0.3354345050980549
PPIAL4C,0.3354345050980549
PPIAL4E,0.03526522308900001
PPIAL4G,6.460919980288153
PPIB,2020.5001725857837
PPIC,45.7638420030672
PPID,702.1357782758652
PPIE,5.580387224131989
PPIF,416.03745423160393
PPIG,16.841794963361185
PPIH,393.75735963187003
PPIL1,107.4378350901193
PPIL2,2.0459952562524975
PPIL3,41.87459072724052
PPIL4,2.7644043134739653
PPIL6,0.7419299652686651
PPIP5K1,2.4880761757864036
PPIP5K2,9.69147924272777
PPM1A,2.7345802551912852
PPM1B,16.995961538685865
PPM1D,5.7059857918876125
PPM1E,0.7737820677617346
PPM1F,28.953068021384883
PPM1G,18.979690027933213
PPM1K,18.432405177091447
PPM1M,19.938927016710053
PPOX,15.911884978701798
PPP1CA,344.22102040174235
PPP1CB,306.88975673992786
PPP1CC,78.4908443747224
PPP1R1A,701.2473391285255
PPP1R1B,0.02221213611802259
PPP1R2,50.84732096295238
PPP1R3A,0.06646892507772041
PPP1R3B,48.14520176054835
PPP1R3C,86.21086747974363
PPP2CA,304.6304343156804
PPP2CB,259.3142697673975
PPP2R1A,877.537856910245
PPP2R1B,31.437305180639118
PPP2R2A,86.02581390040044
PPP2R2B,6.966393711901711
PPP2R2C,0.00581472508401919
PPP2R3A,84.20514206887896
PPP2R3B,1.0338091933833422
PPP3CA,334.2346566869077
PPP3CB,15.262342471300245
PPP3CC,4.714201031097201
PPP3R1,196.0291639381878
PPP3R2,0.00035385516178250507
PPP4C,74.7391959988397
PPP5C,35.55128349317684
PPP6C,206.3433345128484
PPT1,16.545743958850707
PPT2,0.24798282845745218
PPWD1,18.005795389540296
PRAG1,0.3354345050980549
PRDX1,9535.85552010982
PRDX2,5896.414853599305
PRDX3,622.4709747774297
PRDX6,1385.4418535582872
PREP,63.62494721246869
PRKAA1,35.14329397368722
PRKAA2,5.22825734308815
PRKAB2,3.2968918816053203
PRKACA,552.9238051212277
PRKACB,66.96183751516271
PRKACG,0.025010892286898203
PRKAG2,4.541626277588018
PRKAR1A,75.58111910215534
PRKAR1B,11.945471896587314
PRKAR2A,62.799159326757284
PRKAR2B,11.22862959231434
PRKCA,15.052010758602743
PRKCB,0.33672567296472417
PRKCD,1.6810457074411154
PRKCE,3.992876886413937
PRKCG,0.0025612134173249525
PRKCH,2.2247381742514394
PRKCI,4.355487185486415
PRKCQ,0.2009841475846022
PRKCSH,742.2544043111554
PRKCZ,2.1285397726340776
PRKD1,1.4234586747018219
PRKD2,9.834058059144596
PRKD3,13.23254657409388
PRKDC,1.8109916374442812
PRKG1,0.03867425543299059
PRKG2,0.0023555915484750017
PRKN,0.21524163632635238
PRKX,4.752883002949157
PRKY,0.04572045696926327
PRODH,55.70255495609186
PRODH2,77.57348897664194
PRPF19,468.9078713106584
PRPF4,238.21485446233592
PRPF4B,30.30598656358656
PRPS1,1113.5823536961716
PRPS1L1,13.935729936782906
PRPS2,8.069452442900774
PRRT2,0.3810497272577373
PSAP,269.3045579388987
PSAT1,90.32345115726245
PSKH1,23.73170958494573
PSKH2,0.11813839957802594
PSPH,1731.3423111116476
PSPHP1,0.3354345050980549
PTDSS1,39.840853898584044
PTDSS2,47.641149331008
PTEN,12.037922848179651
PTGDS,0.44078164336788306
PTGES,1.898700799385331
PTGES2,85.63345071821047
PTGES3,3471.8891392156834
PTGIS,6.126747448301247
PTGR1,653.8037988172237
PTGS1,3.610739343740155
PTGS2,0.39995289575639115
PTK2,6.290995233460656
PTK2B,29.9411671212589
PTK6,0.1236068382595102
PTK7,0.587745390886998
PTP4A2,1.537796938924673
PTP4A3,9.479527981685408
PTPDC1,1.3251008812301708
PTPMT1,25.26625025978707
PTPN1,77.95277603450513
PTPN11,29.39202001344441
PTPN12,4.9122667124057475
PTPN13,28.958912615145053
PTPN14,2.9899329747130023
PTPN18,21.28062082119733
PTPN2,5.755947845000009
PTPN21,8.176171197646477
PTPN22,0.5656770887514302
PTPN23,27.79903118485394
PTPN3,41.63328274112616
PTPN4,3.654059090133842
PTPN5,0.013861067380078217
PTPN6,16.8994858529891
PTPN7,0.7289384630763809
PTPN9,0.9038905109592386
PTPRA,0.6933265422167385
PTPRB,1.2010950789935229
PTPRC,6.787621748644791
PTPRD,14.625958618498037
PTPRE,2.772006943674004
PTPRF,15.188894308556367
PTPRG,19.624194379576057
PTPRH,0.0032559046957156825
PTPRJ,25.129060556575805
PTPRK,0.16615106777121516
PTPRM,160.48927119559906
PTPRN,0.0007431944648910108
PTPRN2,4.110818764711557
PTPRO,0.10895500215134517
PTPRQ,0.00030564933033826495
PTPRR,0.0070309816530134545
PTPRS,15.860003289910273
PTPRT,0.028356430289326568
PTPRU,0.11539602885617051
PTPRZ1,0.00010795603740084598
PTRH1,19.3362040029175
PTRH2,1761.6912416177354
PTS,40.41326608905339
PUS1,10.006738778386524
PXDN,0.3940858257462328
PXDNL,0.7489045252752117
PXYLP1,0.3900283303635837
PYCR1,2.719046551790878
PYCR2,630.4803142526026
PYCR3,18.52640291410028
PYGB,961.6281102458282
PYGL,2.0167111140603406
PYGM,0.07791792457000897
PYURF,0.6402221518630032
QARS,387.98439324308436
QDPR,4575.932671313111
QPCT,200.98736940321504
QPRT,776.8684356540346
QTRT1,41.40236372849104
QTRT2,3.0803803903498332
RAD1,1.2214065700856211
RAD18,1.041585756594912
RAD9A,5.010186294718022
RAF1,0.46421062183573597
RAG1,0.18097853083862003
RALBP1,59.9279693524272
RARS,264.01886580647795
RARS2,13.826797287476026
RBBP6,0.2631392062813792
RBKS,7.830626677797012
RBP1,65.66285528774092
RBP2,0.019793240274613405
RBP4,41.137549180247895
RCHY1,9.669142459592107
RCL1,13.894996922620345
RDH10,17.734520213917946
RDH11,2149.84553354592
RDH12,0.24329077511891312
RDH13,5.035424312045724
RDH14,2.4284490325060437
RDH16,0.037249519009012244
RDH5,0.25637531772097977
RDH8,0.4636740243878529
REG3A,15.598236131061894
RENBP,273.8898223538837
RET,0.009148096649556849
REV3L,2.5476426179638083
RFC5,28.459206025984784
RFK,16.972381095615898
RFWD3,7.091478067238362
RGL1,9.572086285440015
RHAG,0.3012257575781964
RHBG,0.04889111342984099
RHCG,0.34742873756077414
RING1,8.249046209758351
RIOK1,0.46852174620307163
RIOK2,0.2230513552242591
RIOK3,17.333361105537485
RIPK1,12.137898404857031
RIPK2,2.1068827210465777
RIPK3,2.158305782202893
RIPK4,10.010970658698618
RIPOR1,1.8350848174091228
RNF103,14.828964949834992
RNF115,33.35438799383463
RNF123,17.944128481531216
RNF125,0.6033223959779227
RNF126,11.78980118147098
RNF128,125.62353554472033
RNF13,72.39020074592746
RNF130,175.7385344766968
RNF133,0.009840338912992528
RNF138,4.034705049944707
RNF139,17.132787899209475
RNF14,47.697194258937756
RNF144A,0.21917496660497637
RNF144B,5.774059073040167
RNF146,27.27623619362798
RNF149,33.6165660953761
RNF152,6.1983511212555555
RNF167,228.75239605917915
RNF180,3.690576535496887
RNF182,0.002664670798106029
RNF185,56.26249609907945
RNF187,146.44260254972983
RNF19A,13.651584919311404
RNF19B,8.611812501620657
RNF2,6.497491937022922
RNF20,3.619434334204147
RNF216,20.006860402732187
RNF217,2.697721089420798
RNF25,21.63326826599441
RNF31,19.12411418350429
RNF40,2.8530182758260283
RNF41,8.073261873413944
RNF5,0.0004921119315281071
RNF8,2.824777762305364
RNGTT,5.748297985937283
RNMT,55.43068575082805
ROCK1,6.114651644366864
ROCK2,10.849882879979994
ROR1,0.8827298019854831
ROR2,0.1921936260668472
RORA,1.3565240856019605
ROS1,0.00012389353482616244
RPAP2,1.0311254448653304
RPE,94.23710931046739
RPE65,0.011728131313476612
RPIA,16.897700334929596
RPL14,238.9438496663364
RPN1,1626.2408562600085
RPN2,619.8855565018756
RPP14,70.31549876756137
RPS6KA1,28.088732704161902
RPS6KA2,1.3079795174483866
RPS6KA3,3.155637627718268
RPS6KA4,1.3085131885299826
RPS6KA5,0.14754206003477657
RPS6KA6,0.7299328055911076
RPS6KB1,2.213633951924415
RPS6KB2,16.777383541168124
RPS6KC1,0.4524785184065052
RPUSD4,1.0930071038030547
RRM1,25.477322792781298
RRM2,0.8420488872466046
RRM2B,52.1424465808383
RTCA,1.6973780629584712
RWDD2A,8.11163329211584
RXRA,38.08457173814249
RYK,19.916134390557946
SACM1L,50.06075557737642
SAE1,233.949167552491
SAP130,1.1181102624906314
SARDH,1.472538896695704
SARS,96.42161681675844
SARS2,17.8039800379659
SAT1,1750.0967355093821
SAT2,232.0711745444099
SBK1,0.04463378632710913
SC5D,1.7142905425756392
SCARB1,9.50612416979496
SCARF2,0.9870998064085077
SCD,11.993705278127878
SCD5,2.0221760112557217
SCLY,0.14134174294261448
SCP2,316.05942639509425
SDC1,4.828972217186525
SDHA,336.00321745160716
SDHB,203.2733699026539
SDHC,34.72404013053862
SDHD,6.913810949590218
SDR16C5,0.0018073950638048117
SDR42E1,2.9349953047657924
SDR42E2,0.3354345050980549
SDR9C7,0.0008532162238953811
SDS,14.659720035397806
SDSL,75.4930244820277
SEC11A,392.67140021281165
SEC11C,19.482194561410317
SELENOI,0.1784505883933933
SEPHS1,740.588721836873
SEPHS2,543.6710842747505
SERPINA1,21.613779761868106
SERPINA3,2.144302444174792
SETD1A,0.3757085780887842
SETD1B,7.489232526753988
SETD2,0.05588322192007847
SETD5,13.943707644653363
SETD7,13.41625906439519
SETDB1,0.30487353052073785
SETDB2,14.255960891100022
SETMAR,4.998774589831926
SFXN3,2544.231941136214
SGK1,322.4843353031217
SGK2,83.95048248255232
SGK3,0.0374960102908365
SGMS1,13.838298489482536
SGMS2,2.538787009854366
SGPL1,82.38728416092027
SGPP1,153.1933944318053
SGPP2,89.44777481675958
SGSH,29.44234877374979
SH3RF1,2.104762592667334
SH3RF2,0.7926133100395745
SH3RF3,12.220728390006103
SHMT1,2440.1977961690545
SHMT2,545.7700581380348
SHPK,9.14685411795904
SHPRH,1.7445599070652702
SI,0.18373547314711697
SIAE,83.1964837235984
SIAH1,5.229608600133161
SIAH2,19.48910109187228
SIK2,35.604836949194805
SIK3,6.217771826518804
SIN3A,6.32961083790092
SIN3B,0.17561387395425854
SIRT1,7.137759204379013
SIRT2,45.22202387079874
SIRT3,19.195623229078077
SIRT5,6.9947252366605674
SIRT6,11.778597170648888
SIRT7,8.826302114416695
SLC10A1,0.006170656306941118
SLC10A2,0.004224241103028083
SLC10A6,0.011924197801079067
SLC11A1,0.9671813310552163
SLC11A2,42.79855636492618
SLC12A1,63.86167454960226
SLC12A2,1.5712437770227947
SLC12A3,0.04250103168945408
SLC12A4,0.5550978983416459
SLC12A5,0.041558891668630527
SLC12A6,0.20656115588146692
SLC12A7,5.680077862670462
SLC13A1,0.06458426452276322
SLC13A2,4.166278989248189
SLC13A3,87.99978207989281
SLC13A4,0.06158976395942648
SLC13A5,0.00324430041035959
SLC14A1,0.46453322031411126
SLC14A2,0.04298697398402365
SLC15A1,26.359690953647448
SLC15A2,0.0807962435132129
SLC15A3,13.406551268051606
SLC15A4,16.906916674241536
SLC16A1,38.83430981292851
SLC16A10,5.215658327722379
SLC16A2,11.764870402589834
SLC16A3,5.1885961912871
SLC16A7,21.653248370041677
SLC16A8,0.1994462604781663
SLC17A1,12.19231151408314
SLC17A2,1.7459553999890762
SLC17A3,7.068913773858847
SLC17A4,0.019882382440992243
SLC17A5,63.40814165982743
SLC17A6,0.03561924497624714
SLC17A7,0.014870308193658987
SLC17A8,0.024353326706876153
SLC18A1,0.0010837514583383495
SLC18A2,5.5823076705634325
SLC18A3,0.0005571484250961385
SLC19A1,1.6752694755800706
SLC19A2,5.481652187607595
SLC19A3,5.644824850050826
SLC1A1,122.9311259370305
SLC1A2,0.00015578226816179833
SLC1A3,0.9913137416162303
SLC1A4,1.761097010986386
SLC1A5,14.84752645295129
SLC1A6,0.07694788869193199
SLC1A7,0.002143114499606242
SLC20A1,12.185638447580622
SLC20A2,13.578167638513033
SLC22A1,0.11964144934395907
SLC22A10,0.0022597191462961
SLC22A11,14.373820835718353
SLC22A12,0.06703091675214704
SLC22A13,0.21809665482257168
SLC22A16,0.0007280678252511106
SLC22A18,22.854562642508167
SLC22A2,7.611278250736167
SLC22A3,0.004546230812698439
SLC22A4,0.4042378661315993
SLC22A5,11.054627092855826
SLC22A6,0.977634136115952
SLC22A7,0.0005166770719403052
SLC22A8,0.3211952996562184
SLC22A9,0.0026183184009463726
SLC23A1,0.4379144935774025
SLC23A2,15.69494855683147
SLC24A1,6.172151159726078
SLC24A2,0.0003242585521451648
SLC24A3,0.021453212918818985
SLC24A4,0.004447760093999332
SLC25A1,782.4477085621726
SLC25A10,29.049924162157957
SLC25A11,1509.7161046068472
SLC25A12,481.053644115552
SLC25A13,462.196064020248
SLC25A14,4.419424084974845
SLC25A15,1.7530749991704482
SLC25A16,52.22335950094769
SLC25A17,11.211246747425033
SLC25A18,8.203680410506125
SLC25A19,2.9915427458248853
SLC25A2,0.0074612911305001715
SLC25A20,21.373258402827272
SLC25A21,0.06922663857100643
SLC25A22,7.690376063555519
SLC25A26,9.846754747938883
SLC25A27,4.507960458554276
SLC25A28,29.988971046602604
SLC25A29,11.950892282112447
SLC25A3,2407.3567848002817
SLC25A37,7.219315994320508
SLC25A4,359.43880548867713
SLC25A5,4600.337470015649
SLC25A6,79.55659448035371
SLC26A1,2.3787441847567914
SLC26A11,7.490051000540605
SLC26A2,4.531148092303797
SLC26A3,0.006056485526476585
SLC26A4,0.006809123154257644
SLC26A6,2.4954792719029557
SLC26A7,0.9736401306399742
SLC26A8,0.0008284039835924436
SLC26A9,0.15487777274533276
SLC27A1,5.406840430650367
SLC27A2,30.032877969641397
SLC27A3,49.7556065971449
SLC27A4,5.452971937016871
SLC27A5,3.831434517929082
SLC27A6,0.06403625466536879
SLC28A1,10.939611537651734
SLC28A2,0.03107700487660194
SLC28A3,0.1031125558707892
SLC29A1,18.15062679038078
SLC29A2,1.2392371974260885
SLC29A3,5.044279341075467
SLC29A4,0.03383282330913415
SLC2A1,1.1929799609457685
SLC2A10,5.767379158268318
SLC2A11,7.588003966954372
SLC2A12,0.10246521584966661
SLC2A13,2.9267457017281613
SLC2A14,0.012351613967503889
SLC2A2,177.72954168735015
SLC2A3,1.8864318876477375
SLC2A4,13.00539646860674
SLC2A5,0.8297602510051645
SLC2A6,1.4119342197213627
SLC2A7,0.02769435809366143
SLC2A8,17.87901995701773
SLC2A9,1.43214404723544
SLC30A1,4.7658043846416
SLC30A6,13.245651709933643
SLC30A7,18.86873846067638
SLC31A1,18.41242370099578
SLC32A1,0.0005126155195618864
SLC33A1,1639.865863996099
SLC34A1,0.8861312352898352
SLC34A2,0.016909633955490777
SLC34A3,0.05102931066879918
SLC35A1,24.924761785055384
SLC35A2,30.857726653344905
SLC35A3,9.259618004542654
SLC35B2,1.9052965169507445
SLC35B4,22.899016983890313
SLC35C1,9.07515516389045
SLC35D1,1.857602475479555
SLC35D2,24.63194916611114
SLC36A1,28.88181035959069
SLC36A2,421.39981139555897
SLC36A4,9.136712648875093
SLC37A1,0.6034865097520848
SLC37A4,241.81098250929114
SLC38A1,49.0554564962485
SLC38A2,80.4418716394931
SLC38A3,0.017466245963493245
SLC38A4,23.40392422338681
SLC38A5,0.5247698112809254
SLC39A7,12.220667870192347
SLC3A1,375.92413976529485
SLC3A2,296.2987823113981
SLC40A1,137.3991829911451
SLC41A1,33.27494518148521
SLC41A2,12.793945520740674
SLC43A1,1.595388921801786
SLC43A2,45.481167778685894
SLC46A1,2.9238587995521317
SLC47A1,817.0074732428096
SLC47A2,0.877375512828855
SLC4A1,0.025758844689636885
SLC4A10,0.07673634643739857
SLC4A2,132.57804673980002
SLC4A3,0.18905491086000342
SLC4A4,889.7790470446942
SLC4A5,9.143433745424895
SLC4A7,0.24349880287791267
SLC4A8,0.013429903968529035
SLC4A9,0.007207546832293655
SLC51A,0.15730939956507933
SLC51B,0.1317954273752661
SLC52A1,0.11277172956640528
SLC52A2,0.09357936368667576
SLC52A3,0.28454763876001143
SLC5A1,0.0419023801864168
SLC5A10,8.614433125357767
SLC5A11,0.15925428056609087
SLC5A12,0.023282812415070277
SLC5A2,8.447568437068217
SLC5A3,8.120918946788693
SLC5A5,0.002889414608300041
SLC5A6,9.49301553021006
SLC5A7,0.0002012097763628545
SLC5A8,10.52539796728761
SLC5A9,1.048410199820367
SLC6A1,0.03282345731758907
SLC6A10P,5.368709298283561
SLC6A11,0.0007251067011168718
SLC6A12,38.17033188997347
SLC6A13,56.84701669617393
SLC6A14,0.0045966815273913155
SLC6A18,0.0006657476431158357
SLC6A19,0.07797124175696672
SLC6A2,0.026036597190644554
SLC6A20,0.0025879900720601743
SLC6A3,0.11152113387915114
SLC6A4,0.0033041678739422695
SLC6A5,0.10319845039380167
SLC6A6,1.0379258397854791
SLC6A7,0.22971773402178103
SLC6A8,602.8494450540611
SLC6A9,0.5036428075931726
SLC7A1,1.4260408009577743
SLC7A10,0.006571071759924677
SLC7A11,0.057143700000643595
SLC7A2,89.86969323905744
SLC7A3,0.04448941571177317
SLC7A5,11.852149974947539
SLC7A6,4.913663833494665
SLC7A7,38.91854776497056
SLC7A8,456.7771385300692
SLC7A9,0.16121349255892148
SLC8A1,0.9055728928486391
SLC8A2,0.03041151320175179
SLC8A3,0.00017872136059658453
SLC8B1,0.13932836983899105
SLC9A1,20.199860316771467
SLC9A2,0.029015578886654125
SLC9A3,3.610638296738044
SLC9A4,0.0011902671389231803
SLC9A5,0.033411274743899426
SLC9A7,2.8627166628758065
SLC9A8,5.011832778145616
SLCO1A2,0.0002889387593380675
SLCO1B1,0.5745214485775751
SLCO1B3,0.0004146080795895847
SLCO1C1,0.0028872339318661805
SLCO2A1,3.9280200134754573
SLCO2B1,11.151343036941126
SLCO3A1,15.025082396088104
SLCO4A1,0.8883564092570189
SLK,50.56999040206986
SMARCD3,10.487742760303755
SMG1,0.965402973571126
SMPD1,102.19713144506716
SMPD2,6.370875509326774
SMPD3,0.04686640173907923
SMPD4,5.929060557468945
SMS,239.57932706901974
SMURF1,8.715420541553522
SMURF2,8.842589564652608
SMYD3,9.79089379078572
SNRK,13.932552720270506
SOAT1,7.6640764238936585
SOAT2,0.006033390082344289
SOD1,5938.6527517154955
SOD2,681.2986857227794
SOD3,66.28440075782864
SORD,11.14788352569204
SPCS1,310.6150773827872
SPCS2,165.50278322191448
SPCS3,232.4443710109814
SPEG,0.05745157198308385
SPHK1,0.570527676801907
SPHK2,3.0275641958494814
SPR,1396.6273038198688
SPRYD3,34.294434206113486
SPTLC1,60.41057731550713
SPTLC2,4.42936023685815
SPTLC3,6.608795444293472
SQLE,0.11753401341058461
SRC,17.459483318778684
SRD5A1,2.1655675322895007
SRD5A2,0.3354345050980549
SRD5A3,1.5136891996452178
SREBF1,44.49488907444812
SRM,206.3290373862825
SRMS,0.0722768242067515
SRPK1,4.882240449772913
SRPK2,25.94003428636582
SRPK3,0.04111191656717154
SSH1,6.599100781614942
SSH2,6.990817309725471
SSH3,12.478125360862476
SSR4,667.8206051296418
SSU72,51.186309367393214
ST3GAL1,10.257103730069455
ST3GAL2,17.988713173998008
ST3GAL3,3.6530401868179383
ST3GAL4,389.12882171303477
ST3GAL5,7.89007437301834
ST3GAL6,0.5930921970635836
ST6GAL1,76.02715555611698
ST6GALNAC1,0.0033856012831836573
ST6GALNAC2,56.140904754966726
ST6GALNAC3,0.06193570615658541
ST6GALNAC4,4.040769636241559
ST6GALNAC5,0.0017985928843502813
ST6GALNAC6,33.55530888747284
ST8SIA1,0.011591695743494689
ST8SIA4,0.39180501959125563
ST8SIA5,0.005616687528121054
STAMBP,16.378551450634085
STAMBPL1,2.598903080420553
STARD3,34.71648945363804
STK10,0.6148867380625851
STK11,27.743813542771655
STK16,2.6433665075949793
STK17A,3.7574952892400626
STK17B,3.0505007155975927
STK19,0.8560307842626722
STK24,72.4522135646102
STK25,4.984580598107565
STK26,0.629690691282171
STK3,21.497789963762955
STK31,0.00283152581874718
STK32A,0.0008137515848358365
STK32B,12.408622773920786
STK32C,1.7533650793771542
STK33,4.967580561142019
STK35,4.6576321534251095
STK36,11.240383739527458
STK38,6.487854425189187
STK38L,2.2857244948504385
STK39,12.443073505651963
STK4,1.6375238258498388
STRA6,0.0037184250060870406
STS,4.964222013069157
STT3A,25.85525389087736
STT3B,261.6375949904168
STUB1,55.384548951240795
STYK1,0.0057823360197636585
STYXL1,6.833310923297209
SUCLA2,241.59343999455515
SUCLG1,3251.7392881729043
SUCLG2,1267.957855274442
SULT1A1,24.04887200619106
SULT1A2,4.404276625799681
SULT1A3,3.7503041530200782
SULT1B1,0.0012774281514664116
SULT1C2,121.31296406244874
SULT1C4,784.6963341401872
SULT1E1,0.0008435218020662122
SULT2A1,3.553854432798619
SULT2B1,0.5514646296619906
SULT4A1,0.5058713541105031
SUOX,84.1931533261518
SUV39H1,2.9525156457440387
SUV39H2,1.313575766313843
SYK,16.83286599226817
SYNJ1,0.15893165556843863
SYNJ2,0.022515040886582804
SYVN1,1.3121165754749424
TAF1,3.211930300251507
TALDO1,318.60996425069055
TAOK1,3.807993057105415
TAOK2,22.711806228862567
TAOK3,19.037482588927347
TARS,412.4917534607896
TARS2,2.1455632002213663
TARSL2,6.063308294170792
TAT,0.00046721236953575367
TBCB,153.81562538521803
TBK1,1.4008271214127281
TBL1X,36.10579769295593
TBL1XR1,9.267277078225717
TBXAS1,5.771434950732882
TCIRG1,16.451628833099033
TDO2,0.11311598995685897
TECR,96.58775833477323
TECRL,0.11400593534832566
TENT2,0.15316461371698084
TENT4A,0.45357387630786017
TESK1,24.716687379629345
TESK2,0.10607088034794011
TFRC,84.00189431551458
TGDS,7.966125501089604
TGFBR1,26.74382995829365
TGFBR2,63.943156700030215
TGM1,0.0985340926757889
TGM2,19.624215667889576
TGM3,0.0012395589220118859
TGM4,0.005771924369177577
TGM5,0.0004649337900208902
TGM6,0.018105422639918517
TGM7,0.01438308791538765
TGS1,5.675555259967597
TH,0.003380815125591356
THNSL1,4.528443410017715
THTPA,22.801352713184908
TIAM2,0.058093582495056695
TICRR,0.05167590734814967
TIPARP,48.12615024717868
TK1,56.30380964353425
TK2,33.32421623246096
TKFC,17.655218887752373
TKT,92.00766996423083
TKTL1,0.002838122229334204
TKTL2,0.0004573294004771393
TLK1,14.363525162598261
TLK2,0.14618729160639535
TM7SF2,110.28213371527497
TMEM91,1.2288829380365418
TMLHE,4.004554048616194
TMX3,13.022296507631062
TNFRSF21,3.3856110674836684
TNIK,8.307566270551924
TNK1,4.403590583200079
TNK2,13.138282259451714
TNKS,7.551472457913825
TNKS2,14.59925739218755
TNNI3K,0.3354345050980549
TNS2,1.434061794943761
TOPORS,11.483450242101533
TP53RK,5.832998733469474
TPH1,0.003621929054077142
TPH2,0.08567194949607831
TPI1,4539.234670260368
TPI1P2,9.404231745780706
TPK1,3.9855650054229375
TPMT,14.149174211759547
TPO,0.6666932893355447
TPP1,1462.1873167042854
TPSAB1,1.7147313537125095
TPSB2,1.6595987316325675
TPSD1,0.31955284376370857
TPST1,7.081203642153719
TPST2,8.374006109394807
TPTE,0.0016296421492066942
TPTE2,0.005725473120695983
TRAF7,16.433409635641173
TRDMT1,0.397186325020113
TREH,0.005193917883526135
TREX1,2.382600183230978
TREX2,0.043173090456464135
TRHDE,0.0025127457794207144
TRIB3,5.636945847145443
TRIM11,7.5997717914846445
TRIM32,2.450527091073172
TRIM33,2.565032635472197
TRIM63,306.1987983011751
TRIO,1.460674696238283
TRIP12,19.055537294489536
TRIT1,4.908650778024252
TRMT1,5.92447653251719
TRMT11,7.334157576360861
TRMT1L,15.23100645736253
TRMU,11.213351133293402
TRPM6,0.0019441248330300924
TRPM7,14.546575179646917
TSSK1B,0.015463700430150775
TSSK2,0.0231714118888251
TSSK3,0.4954609561609864
TSSK4,2.760975230928452
TSSK6,1.814303570218083
TST,106.70996201679469
TSTA3,257.68504774691576
TTC3,16.536413599332704
TTK,0.014604602588169485
TTL,1.3515204768651374
TTLL10,0.0025601081937852493
TTN,0.027388397009415266
TUSC3,3.7156828970884934
TUT1,0.606871283037864
TUT4,0.6950417161591614
TUT7,0.1907089895411479
TXN,823.4578038048547
TXN2,57.96315038248292
TXNRD1,149.3388813193596
TXNRD2,33.45062781614778
TXNRD3,1.3749111363989592
TYMP,34.15040846026062
TYMS,18.591766934010614
TYR,0.015463700430150775
TYRO3,0.6572964259617372
TYRP1,0.3239049779474334
UAP1,11.936389876412408
UAP1L1,19.911371755912082
UBA1,1664.4201098153494
UBA2,86.22299484412795
UBA3,72.26449832878191
UBA6,87.33585470877304
UBA7,20.208833694799157
UBE2A,73.54640836561579
UBE2B,38.34533547750617
UBE2C,0.2735491445722339
UBE2D1,8.397893929307651
UBE2D2,28.177339167171592
UBE2D3,1967.860026730267
UBE2D4,3.241078934951048
UBE2E1,44.63740626470661
UBE2E2,6.894711150796772
UBE2E3,10.96799836780673
UBE2F,0.74594004536205
UBE2G1,21.587155399381103
UBE2G2,7.835871397452174
UBE2H,269.15363538071324
UBE2I,805.2887723589703
UBE2J1,7.887663447182084
UBE2J2,9.019257142094625
UBE2K,710.9233388278569
UBE2L3,1000.3230651797898
UBE2L6,54.380966561463495
UBE2M,114.81297397110828
UBE2N,55.88448667639282
UBE2NL,19.982437951464657
UBE2O,8.36861338388471
UBE2Q1,6.419357794957352
UBE2Q2,5.855314403487744
UBE2QL1,0.0017855287338155842
UBE2R2,13.706473257817887
UBE2S,1.8696959412587515
UBE2T,2.0739404190454604
UBE2U,0.8506784493438395
UBE2W,9.48434138693751
UBE2Z,147.07858250768027
UBE3A,26.49175544635147
UBE3B,22.493953754026514
UBE3C,5.623307704852167
UBE4A,1.4329882370927325
UBE4B,2.1902016772642505
UBLCP1,73.02572484500709
UBR1,0.8956521642886119
UBR2,3.7564340273134214
UBR3,0.05807426096528534
UBR4,8.67394904091047
UBR5,0.773927694983663
UBR7,30.45973169530267
UCK1,24.95350733324453
UCK2,3.457893034638957
UCKL1,14.825759662845536
UCP1,0.058364989262093596
UCP2,29.301919622102183
UCP3,0.08961630439217035
UEVLD,10.693254930866495
UGCG,29.309953205201758
UGDH,65.32654095120299
UGGT2,3.754374203733272
UGP2,1995.1289592568812
UGT1A1,0.09271124116906425
UGT1A10,0.14272264379251745
UGT1A3,0.06798419331461947
UGT1A4,0.005024040220191085
UGT1A5,0.002562688341148194
UGT1A6,540.379505930354
UGT1A7,0.817507176308654
UGT1A8,0.0005646974215676972
UGT1A9,0.180512978582026
UGT2A1,0.3354345050980549
UGT2A3,0.05113421762729288
UGT2B10,0.23243682255520332
UGT2B11,0.2098828064589663
UGT2B15,0.00023980573333245327
UGT2B17,0.000686200080159491
UGT2B28,0.21805283828816274
UGT2B4,0.12194444987328688
UGT2B7,102.42528334006072
UGT3A1,0.006952153404384396
UGT3A2,1.2346105606210689
UGT8,14.399948137918315
UHMK1,26.868610638879236
UHRF1,0.18913098679603188
UHRF2,9.65991570473406
ULK1,14.679371873355153
ULK3,76.16190044295146
ULK4,2.0550782536863084
UMPS,111.35492012567418
UPB1,0.07742861604962865
UPP1,2.4310753478271097
UPP2,0.07446206455359518
UPRT,5.293318407697845
UQCR10,58.34329774073387
UQCR11,170.4429427024921
UQCRB,74.29473752173905
UQCRC1,2642.828816253478
UQCRC2,6106.680961122289
UQCRFS1,403.40869505945614
UQCRH,35.351742280479925
UQCRQ,63.914402938646816
UROC1,0.0003458344811209475
UROD,76.85836224887045
UROS,63.26057310980754
USP1,4.403060568092067
USP10,7.041335472112627
USP11,90.16290938660637
USP12,28.312081394432685
USP13,0.6000256248977376
USP14,125.96936461422897
USP15,3.0684189379532154
USP16,20.030727106911723
USP17L2,0.004319662224826954
USP17L22,0.04998256910149056
USP17L30,0.050968258904732194
USP17L5,0.050968258904732194
USP17L9P,0.3354345050980549
USP18,3.864626757814061
USP19,1.9375223000318167
USP2,83.65529397599401
USP20,12.194872436807948
USP21,17.892519504093496
USP22,228.6068734810976
USP24,1.214299967131404
USP25,0.17744984133980213
USP26,0.001169986988056156
USP28,6.701555935687551
USP29,0.0014333278570673837
USP3,0.972528715314239
USP30,0.5369653682995639
USP31,1.6964319598178297
USP32,1.0486882012002492
USP33,13.035397974334133
USP34,18.610305819712817
USP35,2.8882917100732803
USP36,11.806210533398742
USP37,1.0835425515210637
USP38,10.093065379740137
USP4,3.5794382742201867
USP40,1.3514375675861494
USP41,0.01834435481333142
USP42,3.535443720920967
USP43,1.3621372353498697
USP44,0.0037453917454558085
USP45,1.4944837596047715
USP46,2.3507624065267496
USP47,4.951030355328766
USP48,0.294631884981817
USP49,0.5307240389489609
USP51,3.028258872281404
USP6,0.1162998886279147
USP7,28.390920411683165
USP8,1.20231560758693
USP9X,13.155608277593025
USP9Y,0.00035962581341325887
UST,24.54346542138106
UXS1,148.220623632253
VARS,24.944517893924253
VARS2,16.04606855809483
VKORC1,234.3836978858985
VNN1,0.17867562528102562
VNN2,0.3614929317324548
VNN3,0.0037669227168669324
VRK1,26.010275274753187
VRK2,4.85123332887612
VRK3,30.06013989211379
WARS,824.0522648584689
WARS2,11.678297587531047
WDYHV1,5.167572548377734
WEE1,5.546041474163591
WEE2,0.006724001957693576
WNK1,2.522681974889405
WNK2,0.0015414053002387842
WNK3,0.06112230186661416
WNK4,0.11256389883227724
WWOX,12.567173205735992
WWP1,26.778399323735215
WWP2,0.2521965390897929
XDH,0.0025946289004127976
XPO6,0.36918186141642345
XPO7,29.327957200784272
XYLB,3.1982332253255326
XYLT1,2.166091047295786
XYLT2,21.79653654701199
YARS,1212.221040238732
YARS2,26.729071830308573
YES1,16.269721195442976
ZADH2,6.199102416577656
ZAP70,1.4032516505163641
ZC3HAV1,4.299033561550565
ZNRD1,0.8756922216784656
ZNRF1,5.55780820753084
ZNRF2,9.420770380438139
ZSWIM2,0.015679988656711358
