A4GALT,24.33588439762398
A4GNT,0.0008653084969033569
AACS,101.78356618838477
AADAC,0.057243053470542475
AADAT,1.573695085491673
AAK1,6.282973389462685
AANAT,0.00319687593828598
AARS,412.8699496039743
AARS2,4.546792984031079
AASDH,2.4333250377038813
AASDHPPT,11.214404154480473
AASS,0.2665640540451596
AATK,0.07097554123361483
ABAT,0.6147782288042973
ABCA1,0.6897778231371976
ABCA3,0.17554041523057973
ABCA4,0.2623310657058525
ABCA8,0.186869280258046
ABCB1,0.9849773633091133
ABCB11,0.0005690960285601793
ABCB4,0.29833443006409266
ABCB6,5.953852978739948
ABCC1,2.4196472847549906
ABCC11,0.007565702776971887
ABCC2,0.008063103148024404
ABCC3,37.61956295292059
ABCC4,1.2522517130334971
ABCC5,2.083744411980028
ABCC8,0.05467879266855731
ABCC9,0.14614782251701267
ABCD1,3.838196181146743
ABCD2,0.015880895476186364
ABCD3,84.19103811197878
ABCG2,0.07638349462338447
ABCG5,0.003280113584101168
ABCG8,0.0012897213115098743
ABHD12,40.104053150417144
ABHD5,6.337218669087612
ABHD6,1.1383136271064669
ABL1,35.03657254671586
ABL2,1.8519238046144826
ABO,0.022169222937967827
ACAA1,63.80778023472241
ACAA2,32.895633577283384
ACACA,25.73809016944055
ACACB,0.15928374017362357
ACAD10,6.46651735351693
ACAD11,0.11538396252050329
ACAD8,23.848232032978558
ACAD9,360.0505982843245
ACADL,0.000536506561754208
ACADM,15.545413205534304
ACADS,10.047033516457015
ACADSB,27.780903707687493
ACADVL,757.8746212487716
ACAT1,21.794708405418373
ACAT2,32.83414346056599
ACE,13.656311727601993
ACE2,2.017190985241853
ACER1,0.3686490299684183
ACER2,0.22572301267681394
ACER3,2.7056197613875774
ACHE,0.03018102566243127
ACLY,92.95656815743654
ACMSD,0.01742089488573343
ACO1,21.14559216029408
ACO2,28.491280937059006
ACOT1,1.165931891527994
ACOT11,3.3684796750388615
ACOT12,0.09846384054416166
ACOT13,8.083640047125012
ACOT2,4.165128003004408
ACOT4,1.3168767539076514
ACOT6,0.005072898593670838
ACOT7,21.670506062636154
ACOT8,13.099429035255739
ACOX1,4.0549291857264285
ACOX2,12.978217447981788
ACOX3,10.40253171360003
ACP1,7200.515630445893
ACP2,15.887611261430614
ACP4,0.0036202735317779565
ACP5,7.654484662113055
ACP6,19.46102712943599
ACP7,0.44999467512671487
ACPP,2.005912669885174
ACSBG1,0.03186808249891601
ACSBG2,0.004550905105766914
ACSF2,21.226849618835164
ACSF3,5.181328011638311
ACSL1,14.681957846004446
ACSL3,10.586174281052358
ACSL4,11.32902875880552
ACSL5,34.95678117745773
ACSL6,0.0041803716751591434
ACSM1,0.24603770945790784
ACSM2A,0.0585122933778039
ACSM2B,0.06320048198640206
ACSM3,7.760311880266267
ACSM4,0.0008848718678635847
ACSM5,0.0014774130893793604
ACSS1,4.850939998937864
ACSS2,13.05068567852266
ACSS3,4.800063473553717
ACVR1,39.75574915946268
ACVR1B,7.219696271926988
ACVR1C,0.029224551105832667
ACVR2A,2.329007716093316
ACVR2B,0.31618401396311113
ACVRL1,2.396013111523548
ACY1,26.093031140485216
ACY3,42.849454428745354
ACYP1,10.141022028723492
ACYP2,3.7763238872600464
ADA,2.1412270669995643
ADCY1,0.029345683786365706
ADCY10,0.0017223948298266615
ADCY2,0.02526636571688679
ADCY3,3.7543739880083344
ADCY4,0.6321297698888714
ADCY5,0.37739304811833885
ADCY6,10.635144219467222
ADCY7,5.089999069774293
ADCY8,0.10844658669179806
ADCY9,0.17107427515254317
ADH1A,0.002888400549994118
ADH1B,0.0022576297270547187
ADH1C,1.0913802340321561
ADH4,0.16414580139003107
ADH5,637.4982437634256
ADH6,1.4178585277058582
ADH7,0.868401854110239
ADHFE1,0.022743926208666852
ADI1,123.74447647373773
ADK,16.570428347130168
ADO,15.67563371828035
ADPGK,70.96859392037629
ADPRH,3.9740959744705284
ADSL,737.4764352048268
ADSS,304.0199769129676
ADSSL1,1.3191544662964307
AFMID,18.27979530091549
AGA,30.624960226323257
AGK,7.399376742408686
AGL,0.33398154561239624
AGMAT,2.113412408230845
AGPAT1,1.1247194048851352
AGPAT2,212.73658667635937
AGPAT3,24.3356457113864
AGPAT4,0.30197377126423935
AGPAT5,4.935379067071685
AGPS,21.610240368969688
AGT,0.14098955268432553
AGXT,0.09139183858873895
AGXT2,0.07273189725255508
AHCY,10011.503477145736
AHCYL1,42.5556949494278
AHCYL2,5.9915441428561085
AICDA,0.002131705802789138
AK1,162.48289799932994
AK2,378.43752782163847
AK3,24.74077203922084
AK4,232.80040924595872
AK5,0.018836875359042268
AK7,0.4595387780476998
AKR1A1,426.1232812378454
AKR1B1,4.132563804808579
AKR1B10,3.446331622498122
AKR1B15,0.14311863397753086
AKR1C1,0.4018530451741824
AKR1C2,0.15104975662805117
AKR1C3,2.4398956544685895
AKR1C4,0.003987343297212738
AKR1C8P,0.3354345050980549
AKR1D1,3.5763124860476507
AKR7A2,145.42131135047387
AKR7A3,0.13767132725211703
AKT1,8.810683980698236
AKT2,1.7500075985401413
AKT3,0.7216760275451732
ALAD,412.15610703249854
ALAS1,79.41302139267326
ALAS2,0.016843437475667036
ALB,0.05350282418831316
ALDH18A1,444.1274460054332
ALDH1A1,435.7390974037621
ALDH1A2,1.1038133082260655
ALDH1A3,6.774365239814537
ALDH1B1,14.5169734816772
ALDH1L1,0.0376866860629107
ALDH1L2,0.19711596112221436
ALDH2,1273.723907957392
ALDH3A1,0.42748121630678915
ALDH3A2,269.9877510624183
ALDH3B1,2.329324007352302
ALDH3B2,155.07473956197566
ALDH4A1,8.84943073805786
ALDH5A1,3.507337691542781
ALDH6A1,8.749053358071171
ALDH7A1,11.364716021949326
ALDH9A1,1042.6507606419977
ALDOA,7585.313789529275
ALDOB,21.84377346574432
ALDOC,51.05137822179032
ALG1,2.6359060573408866
ALG10,0.6086162568724949
ALG11,1.0135184832770547
ALG12,19.823163706569876
ALG13,4.7458273864816265
ALG14,6.2214274632656785
ALG1L,1.7047663344606812
ALG1L2,0.009416836627523755
ALG2,66.89052245557632
ALG3,2.8855335272510154
ALG5,65.04735404817323
ALG6,7.075603638879204
ALG8,36.81860437275185
ALG9,2.268303189135567
ALK,0.00782643375072864
ALLC,0.09874098907430014
ALOX12,0.12077629108573205
ALOX12B,1.2044444442218751
ALOX15,0.001276931625334683
ALOX15B,0.01373391539357577
ALOX5,1.8658444339836848
ALPG,2.1334538652401167
ALPI,0.004961620218724727
ALPL,23.038283738693142
ALPP,1.0177664345021893
AMACR,40.08022496326044
AMD1,49.02856928992441
AMDHD1,0.010198930906095301
AMDHD2,3.7565197568017825
AMFR,0.4731321548220091
AMHR2,0.0008059648695005662
AMN,0.5806150449353832
AMPD1,0.001488623849985431
AMPD2,5.869028524525806
AMPD3,2.2959639966322
AMT,0.8864073557025982
AMY1A,0.0004065244917567402
AMY1B,2.6438139326066277
AMY1C,2.6438139326066277
AMY2A,0.0889939016823485
AMY2B,0.3238537007114336
ANAPC11,105.11594787508726
ANGPTL4,88.17185581945168
ANKRD1,0.20536992352527605
ANPEP,1.2003366185373145
ANXA3,1226.468441309655
AOAH,0.8191483042643352
AOC1,0.022327631781835014
AOC2,0.1382458583091512
AOC3,0.7228059074062838
AOX1,0.02315186273653981
APOA1,0.041544933903841515
APOA2,180.33762034675766
APOA5,0.11645175048604357
APOB,0.0003287708380835398
APOC1,35.440345367237796
APOC2,27.211319250515267
APOC3,46.87519708233557
APOE,104.23623141992539
APRT,1483.9499796949056
AQP1,18.119884936934028
AQP10,0.0037868645526527175
AQP2,0.04749150406280344
AQP3,42.04269213402261
AQP4,0.030123844778953315
AQP5,86.62201589844014
AQP7,0.07458682912751753
AQP8,0.006182088498457126
AQP9,1.0208643844511351
ARAF,1.1155623385989113
ARCN1,300.08558540138057
ARG1,3.789758296709739
ARG2,37.125386627974095
ARSA,23.29389940994003
ARSB,2.028904613392995
ART1,0.001318080246372846
ART3,1.5354132729055117
ART4,0.6605953935056178
ART5,0.026093760689610123
AS3MT,0.0005438458783262532
ASAH1,114.24344305559724
ASAH2,0.010336133939408201
ASH1L,0.013390558443824674
ASL,310.48550748704116
ASMT,0.0566304971118221
ASNS,351.72599327185924
ASPA,4.1554543647675315
ASPG,2.3792887429270126
ASPH,208.40829614694823
ASRGL1,40.94249265672489
ASS1,228.15172385561587
ATE1,4.8098086847580825
ATIC,1262.5751584430773
ATM,0.4000353025697176
ATP10A,0.10926115319382013
ATP11A,7.965350265659754
ATP11C,3.6699607450214304
ATP1A1,185.13582781933252
ATP1A2,0.19774818087221177
ATP1A3,0.03285699860790731
ATP1A4,0.0007412709909631506
ATP1B1,338.2588120641342
ATP1B2,0.25723162662868565
ATP1B3,56.22497546233803
ATP1B4,0.003981484829565641
ATP2B1,33.12728682983333
ATP2B2,0.2256041354501303
ATP2B3,0.0009609307237848578
ATP2B4,47.9436924605336
ATP4A,0.00032505113503822586
ATP4B,0.2703572249398832
ATP5F1A,124.53265572432873
ATP5F1B,167.30632217246165
ATP5F1C,21.50971022167614
ATP5F1D,155.46511749348954
ATP5F1E,125.55773209538297
ATP5MC1,4.311892001287344
ATP5MC2,2.868050998110428
ATP5MC3,5.997867959791037
ATP5ME,117.38991896387836
ATP5MF,1.481717785000078
ATP5MG,179.57272888452187
ATP5MGL,23.718922705117464
ATP5PB,5.524565248774745
ATP5PD,6.7181129554220975
ATP5PF,4.959033242795014
ATP5PO,42.13932100131758
ATP5S,0.3354345050980549
ATP6V0A1,1.576370143776196
ATP6V0A2,0.34509734745823883
ATP6V0A4,0.09502826223187456
ATP6V0B,280.2704506994163
ATP6V0C,341.6060398019133
ATP6V0D1,562.9762018582306
ATP6V0D2,0.030606383911539588
ATP6V0E1,645.4608955461673
ATP6V1A,182.0431870516219
ATP6V1B1,3.1931702609033
ATP6V1B2,680.6204315789381
ATP6V1C1,14.640608568939186
ATP6V1C2,33.34010656223413
ATP6V1D,63.786824114045956
ATP6V1E1,139.43329082603438
ATP6V1E2,0.797271036530185
ATP6V1F,39.47151217920634
ATP6V1G1,86.33227163589821
ATP6V1G2,0.0021197226670042458
ATP6V1G3,0.2330917175245828
ATP6V1H,28.262510862795594
ATP7A,0.9018079209723595
ATP7B,1.1352845703310095
ATP8A1,0.5043657927183679
ATP8B1,20.68074545229388
ATP8B2,3.008077326503758
ATR,0.03727379274703309
AUH,5.038139540897838
AURKA,0.1317605398418946
AURKB,11.171153230729772
AURKC,0.1084879069471498
AWAT1,0.0633604788899994
AWAT2,0.0031316133824931306
AXL,0.023566236728651175
AZIN2,0.7963414524148358
B3GALNT1,5.14636136276204
B3GALNT2,12.237894923628456
B3GALT1,0.029095861403970687
B3GALT2,0.004031557346824497
B3GALT4,0.02956888325440483
B3GALT5,0.06676374878440153
B3GALT6,10.775864498251694
B3GAT1,0.028620632604598614
B3GAT2,0.000769786794172886
B3GAT3,34.51388755563498
B3GLCT,0.7866139610071975
B3GNT2,41.93253906288817
B3GNT3,31.44354703800499
B3GNT4,1.476752561879437
B3GNT5,5.181561168472836
B3GNT6,0.011668605691521183
B3GNT7,6.559103041923219
B3GNT8,1.9841844609544992
B3GNT9,5.517680603424065
B3GNTL1,3.0874202537372035
B4GALNT1,0.037595517649035216
B4GALNT2,0.055052120782605574
B4GALNT3,56.32701453821283
B4GALNT4,4.398726123336177
B4GALT1,444.24121458789057
B4GALT2,38.999672106099865
B4GALT3,29.478649099610777
B4GALT4,18.621185411977795
B4GALT5,52.48732156568488
B4GALT6,0.5309973472596035
B4GALT7,30.781329872814062
B4GAT1,2.277812689362301
BAAT,0.000329065020367943
BARD1,1.6558210468544479
BBOX1,1.5308243031438389
BCAP31,2003.412173282144
BCAT1,5.683655506874882
BCAT2,21.36930828287188
BCHE,0.04747091928113923
BCKDHA,10.770986816920148
BCKDHB,5.247414079604557
BCKDK,53.146310457037785
BCO1,0.06461878427195712
BCR,1.4231364224282566
BDH1,10.198740389627945
BDH2,3.403280661328865
BHMT,0.026082047581190506
BHMT2,0.05532717653581046
BIRC6,3.5207023369374233
BLK,0.04904461465482504
BLVRA,359.9723435195285
BLVRB,808.8477864979475
BMP1,19.337112498841744
BMP2K,0.37692651418403283
BMPR1A,10.692817643495523
BMPR1B,0.5633364240143508
BMPR2,11.357573191092527
BMX,2.497693603086506
BPGM,11.640876925877961
BPNT1,21.246658829278015
BRAF,1.0800560639753016
BRAP,0.24822922258534136
BRPF1,5.218580564639898
BRSK1,0.5005596064330573
BRSK2,0.0021231725884843086
BSCL2,2.3072597953264413
BSG,178.40775528707852
BTD,9.818095616765143
BUB1,15.770899734097297
BUB1B,0.5852188292008973
C1GALT1,4.565369440477472
CA1,0.3354345050980549
CA12,64.74702835503396
CA13,9.192409436114083
CA14,0.3855609226073407
CA2,213.97885172155944
CA3,0.09424247779863218
CA4,0.019487472151265353
CA5A,0.0017228406534444416
CA5B,0.5219026128367078
CA6,0.3918775737910895
CA7,0.010058818684297137
CA8,63.95511868013227
CA9,11.985950549180865
CAD,64.07849281450785
CALM1,212.21811471706172
CAMK1,3.7369970260729217
CAMK1D,0.3748204490556417
CAMK1G,0.1499577632443588
CAMK2A,0.0025602218831078547
CAMK2B,0.07271989031512319
CAMK2D,333.0209042162498
CAMK2G,7.518355238054456
CAMK4,0.17628877429199416
CAMKK1,3.0084200460457042
CAMKK2,10.712037818576741
CANT1,46.227727757693074
CARM1,21.573419120107005
CARNS1,0.08506967120467625
CARS,27.596135006757923
CARS2,27.210715011941698
CASK,21.045515580266517
CAT,200.0292570064351
CBLC,33.239637998790485
CBLL1,5.724798397068748
CBLL2,0.027434690025870352
CBR1,32.778626531316874
CBR3,63.25272093225154
CBR4,57.39091550064577
CBS,2.473566156875027
CBSL,0.3354345050980549
CBX1,161.22054931056633
CCNB1IP1,21.000250319461678
CD36,0.18990330637544953
CD38,0.973962036448449
CDA,528.2755645793654
CDC14A,1.5823831084142548
CDC14B,0.8434009052757868
CDC25A,3.4530921060085245
CDC25B,35.40744343699262
CDC25C,2.8579504468878487
CDC34,7.703268468596534
CDC42BPA,1.2361813408243263
CDC42BPB,3.5515242318708444
CDC42BPG,10.035260122157274
CDC7,3.6495379422813863
CDIPT,127.3581915440307
CDK1,28.916116287395823
CDK10,33.2240782651171
CDK11A,4.877645131682858
CDK11B,10.322404367877043
CDK12,7.532170190999805
CDK13,8.129434072199636
CDK14,2.609440861597757
CDK15,0.0010614325318904622
CDK16,56.01932022403833
CDK17,5.777876351559118
CDK18,11.562061765188165
CDK19,6.0887795499637205
CDK2,38.8940714740518
CDK20,1.9167424283788306
CDK3,1.5727061588340354
CDK4,22.400116249698748
CDK5,32.277553107608554
CDK6,9.584155659483551
CDK7,79.64468045660661
CDK8,7.425227356892225
CDK9,52.99544536803963
CDKL1,0.6801023255228031
CDKL2,0.014646940843826575
CDKL3,0.35447400147872715
CDKL4,0.0010273826441268548
CDKL5,0.046500487402545136
CDKN3,23.3080444854995
CDO1,0.08510727065793165
CDS1,11.430897497136066
CDS2,4.565920588157538
CDY1,0.256335927830294
CDY1B,0.256335927830294
CDY2A,0.04923577690024244
CDY2B,0.04923577690024244
CEL,0.42206145395949435
CEPT1,6.116498091449525
CERCAM,6.137232042020146
CERK,16.471069342022044
CERS1,0.031156113148842993
CERS2,157.91417593210062
CERS3,1.673400565286424
CERS4,26.914764101699575
CERS5,24.774311547592305
CERS6,11.449976561240458
CES1,5.14615133594917
CES2,13.467564331048528
CES3,16.120603024942675
CES5A,0.001426687645976943
CFTR,0.02679499741968529
CH25H,1.063680917670367
CHAT,0.0012481330083996666
CHD9,2.7102202812029574
CHDH,7.752481816387298
CHEK1,2.2941454766052956
CHEK2,14.58646263351676
CHFR,0.8789056172523166
CHI3L1,251.42166105011196
CHIA,0.0009278950508581186
CHIT1,0.09904895895929128
CHKA,6.236273344841828
CHKB,0.1313256509480136
CHMP4A,77.64192245229765
CHPF,114.25182042754453
CHPF2,40.263384621463885
CHPT1,4.321072584206061
CHST1,0.36995086910348796
CHST10,2.7388846773428686
CHST11,13.57415148550533
CHST12,4.352039152249658
CHST13,0.024753718665015512
CHST14,0.974852168082098
CHST2,18.489230260253123
CHST3,8.316694641262751
CHST4,0.3448124607497888
CHST5,0.014967214676663882
CHST6,0.24414406478200945
CHST7,3.4289022124179005
CHST8,0.009457888606007835
CHST9,0.010494088287803157
CHSY1,20.109939878585685
CHSY3,0.16991433052832683
CHUK,1.3496233501000232
CHURC1-FNTB,0.0041545577441236175
CIDEA,0.3261466052049245
CINP,1.3502091469640995
CIT,1.9024663829637467
CKB,157.21563206985445
CKM,0.0009507707299271276
CKMT1A,6.915834278868148
CKMT1B,5.52385710180053
CKMT2,0.2515817104583121
CLC,1.416608020365395
CLCF1,13.339238238452785
CLK1,1.299421045128602
CLK2,19.230049467268145
CLK3,1.7196868940479308
CLK4,0.4862032882551312
CLOCK,1.9157333257576936
CLPS,0.06430168649883676
CLTRN,0.5786685643266595
CLYBL,0.1624111438233068
CMA1,0.002714223977115388
CMAHP,0.4264201874841419
CMAS,40.97471174694773
CMPK1,1146.504648799186
CMPK2,4.884922736489484
CMTR1,4.115778316984253
CNDP1,0.05198523650607668
CNDP2,112.41512459011658
CNOT4,3.153222219683296
CNP,99.88503699549814
COASY,791.1789879301456
COL4A3BP,2.9634157105322907
COLGALT1,4.827811645801103
COLGALT2,0.08819212596505183
COMT,224.67016372303735
COMTD1,315.3030113789642
COP1,0.4785008438550989
COPA,279.5028453277431
COPB1,262.2523095449189
COPB2,124.24769828061734
COPE,1199.1143033885953
COPG1,317.5123708348373
COPG2,172.41923180030992
COQ2,10.945899774243157
COQ3,4.614282991147099
COQ5,3.689268519026581
COQ6,9.853558829727408
COQ7,0.3020939640510104
COX1,7.766401376158287
COX17,5.766520278683765
COX2,5.3369352212394165
COX3,0.33446363282071023
COX4I1,1034.0299126002853
COX4I2,0.3347943365749353
COX5A,373.0397582001789
COX5B,455.1980732347581
COX6A1,15.982353369831893
COX6A2,2.1594511708694366
COX6B1,120.09067075605476
COX6B2,0.21579803207601733
COX6C,122.25833740287098
COX7A1,0.9868367687819442
COX7A2,38.93548097273936
COX7A2L,212.58125346200254
COX7B,284.8967418061211
COX7B2,0.004543852233601847
COX7C,279.0489139628088
COX8A,767.0102609401298
COX8C,0.012397710731981922
CP,0.6174963030055143
CPA1,2.3131739981911728
CPA2,0.0012944887230780194
CPA5,0.02803037670695833
CPA6,0.14799278412951872
CPOX,75.97945095965068
CPS1,0.013750964857786131
CPT1A,0.48298304798233144
CPT1B,0.13725739044107382
CPT1C,0.8458134428752198
CPT2,103.18914922890403
CRAT,16.99657833390676
CREBBP,0.1791009029918114
CRLS1,14.20058681720504
CROT,4.322084401047323
CS,3618.741574750162
CSAD,3.9599975630214024
CSF1R,3.5882016531259047
CSGALNACT1,4.177328630329005
CSGALNACT2,5.818839774772607
CSK,70.58698025999058
CSNK1A1,150.58332727889334
CSNK1A1L,0.14779139739785513
CSNK1D,109.37268888343338
CSNK1E,8.174058233390308
CSNK1G1,3.1592878043839403
CSNK1G2,62.32205627164675
CSNK1G3,8.914136361933618
CSNK2A1,417.5110281905895
CSNK2A2,289.2493907916503
CSNK2B,86.66429795985725
CTBP1,153.33531184505327
CTDP1,1.7353636983687208
CTDSP1,138.29936984683988
CTDSP2,72.03988584183669
CTDSPL,24.289388717731857
CTDSPL2,3.260494812535786
CTGF,0.3354345050980549
CTH,6.141274697652374
CTPS1,0.2774814774265704
CTPS2,8.515749039521843
CTSA,255.39229004636294
CTSB,6546.721325568351
CTSC,30.31706384363791
CTSD,2075.761589993774
CTSE,0.12671862782756793
CTSF,5.717399896867178
CTSG,0.002155477646313352
CTSH,153.54619774567814
CTSK,30.463194747761346
CTSL,22.309476873829027
CTSO,19.230802788307887
CTSS,25.519739319626616
CTSV,0.5139622638412911
CTSW,1.5567821152814336
CTSZ,11.850707180083521
CUBN,0.07425435458616483
CWC27,17.824373692626505
CYB5D1,5.4194162795060326
CYB5R1,72.74398332751055
CYB5R2,27.11267037753133
CYB5R3,1967.948244750435
CYBB,3.5423548899879447
CYBRD1,4.742734554372752
CYC1,552.5805533006838
CYLD,2.094126350136267
CYP11A1,0.022531565879883114
CYP11B1,0.8426372984421979
CYP11B2,0.08105018928386314
CYP17A1,0.00990071118787343
CYP19A1,0.000615788901409423
CYP1A1,0.0023480054247844158
CYP1A2,4.881250664873969
CYP1B1,0.4981084232209921
CYP21A2,0.001444530442379518
CYP24A1,517.92043525449
CYP26A1,0.5981912244465993
CYP26B1,1.8907996279951294
CYP27A1,4.316248556754483
CYP27B1,0.19180948048530458
CYP2A13,0.0008729049387243812
CYP2A6,0.05377674440315811
CYP2A7,0.05996477628878289
CYP2B6,0.01316802248384042
CYP2C18,0.31872886985896837
CYP2C19,0.005233048861934786
CYP2C8,0.010999387975619456
CYP2C9,0.032720854470138776
CYP2D6,1.0909085712887765
CYP2E1,0.16072330742775523
CYP2F1,0.013929970839435852
CYP2J2,2.1504465183365493
CYP2S1,0.6009946325646975
CYP2U1,0.3061674655624512
CYP39A1,3.7715567855682193
CYP3A4,0.01852186037189894
CYP3A43,1.2489318499587934
CYP3A5,2.5286240700563467
CYP3A7,0.07043263997956895
CYP46A1,0.008544826841306563
CYP4A11,0.03710869623038337
CYP4B1,0.15855217711363911
CYP4F11,2.697079988210358
CYP4F12,1.1631391035229395
CYP4F2,0.028278241827728763
CYP4F22,3.368865937722293
CYP4F3,1.133528493459825
CYP4F8,0.011975273820139222
CYP4V2,4.9353631872603305
CYP4X1,8.588019681145346
CYP4Z1,0.17808845495609477
CYP51A1,123.43982376564212
CYP7A1,0.0011595376749302187
CYP7B1,0.07005551906585708
CYP8B1,0.006125078894613653
CYTB,10.283962318241796
DAD1,1193.5523416231065
DAGLA,0.05907368633425095
DAGLB,8.947848895225778
DAO,0.0026476596612462116
DAPK1,8.914627413468395
DAPK2,2.7630098725143672
DAPK3,4.032865567484237
DARS,5407.500147947516
DARS2,8.812418439044508
DBH,0.044860012730000995
DBI,326.3946368910133
DBT,2.7512312992463475
DCK,16.70701139437031
DCLK1,3.824481700074505
DCLK2,0.7619631081492425
DCT,0.005411545399106978
DCTD,30.694226893018293
DCTPP1,73.07060248768468
DCXR,79.54777696273634
DDAH1,267.30682087699114
DDAH2,32.68738949419124
DDC,0.6469093756568407
DDO,0.4178133991858418
DDOST,1925.4764227821727
DDR1,24.02794123470193
DDR2,0.8750871250754847
DECR1,99.67540314105301
DECR2,20.016161652808158
DEGS1,9.584956956353105
DEGS2,3.98248229836174
DERA,75.87033556131992
DGAT1,13.409190055182172
DGAT2,2.0458974338427036
DGKA,15.80552028776731
DGKB,0.004140963340485734
DGKD,1.4815443732532396
DGKE,0.4423654225888088
DGKG,0.005982727001084246
DGKH,0.14544054328045136
DGKI,0.02303573341780382
DGKQ,3.327605901754382
DGKZ,5.555997398637761
DGUOK,45.20996768820172
DHCR24,9.527121742758812
DHCR7,49.52892068083567
DHDH,0.026514628977036648
DHFR,569.4226075446142
DHODH,2.6621513049995618
DHRS2,0.15240076162568655
DHRS3,220.72558735919316
DHRS4,275.48698580958865
DHRS9,0.15888653182439658
DIO1,0.003263122307993109
DIO2,17.407127049862503
DIO3,0.0918410719540688
DLAT,444.1020116237874
DLD,944.8683433896648
DLST,169.46651672059713
DMGDH,0.019437242255549516
DMPK,6.89208545996142
DNAJC6,0.052996066750463575
DNMT1,22.017685325939034
DNMT3A,9.290027982849788
DNMT3B,3.340720444983786
DNMT3L,0.03798289307998578
DOLPP1,15.51679621842357
DOT1L,6.975597141977652
DPAGT1,34.86025085986795
DPEP1,0.1112923250922999
DPEP2,0.20769396730707135
DPEP3,0.0008884451357493615
DPH5,83.06407251969517
DPM1,1278.2750043118554
DPM2,45.792784218605796
DPM3,39.866598884102245
DPYD,2.896073317914816
DPYS,0.006416189687763365
DPYSL2,595.5187567530339
DPYSL3,68.04284666378547
DSTYK,1.5062609537258902
DTYMK,45.92002959222758
DUOX1,1.292615126709258
DUOX2,0.25445950962542585
DUPD1,0.009079864923013412
DUSP1,341.98159463417085
DUSP10,5.636244949392125
DUSP11,20.919088122195845
DUSP12,7.262711400017642
DUSP13,0.055127242613707904
DUSP14,2.655326881057575
DUSP15,0.05550022521840419
DUSP16,24.225153931293814
DUSP18,1.1406129407315666
DUSP19,0.2180443700763709
DUSP2,117.13618798867454
DUSP21,0.08186674790155296
DUSP22,15.096780871343386
DUSP23,198.11860753161952
DUSP27,0.04321041545288515
DUSP28,1.3176479976003441
DUSP3,120.71339942823828
DUSP4,7.083088312086268
DUSP5,27.379822026881744
DUSP6,282.51152025240356
DUSP7,25.34864818316301
DUSP8,3.73827236453805
DUSP9,0.3384027112265512
DUT,380.0933250973865
DYRK1A,14.137089671758275
DYRK1B,4.984491120717201
DYRK2,5.027775345407923
DYRK3,1.038412369848386
DYRK4,7.498762626060047
DZIP3,2.14426009107447
EARS2,0.879257494090287
EBP,831.3143586589823
ECH1,250.3680136196852
ECHDC2,26.113108182167558
ECHS1,362.0147627529474
ECI1,130.14525549592275
ECI2,15.827724722414102
EGFR,1.1246674007256592
EHHADH,1.8381260189312114
EHMT1,1.3501200225074972
EHMT2,0.41810749091883315
EIF2AK1,100.34591982646722
EIF2AK2,61.77499529845462
EIF2AK3,5.914890952522941
EIF2AK4,0.29770688239311205
EIF4EBP3,0.2476299062087107
ELOVL1,14.713814714752658
ELOVL2,0.08994590077101662
ELOVL3,0.5114647523697983
ELOVL4,0.040924886358158545
ELOVL5,2.128134747817397
ELOVL6,3.428502540395144
ELOVL7,0.7958622544237115
ELP3,3.374543317518083
ENGASE,3.5816133240685177
ENO1,2457.763735843893
ENO2,89.41973972628124
ENO3,17.669332391274533
ENOPH1,313.5110676195208
ENPP1,0.523493343233235
ENPP2,10.59429613386636
ENPP3,3.283096357097542
ENPP6,0.0026987583320037295
ENPP7,0.0021653337060029017
ENTPD1,4.917616250357944
ENTPD2,22.860948660791525
ENTPD3,6.023194548871737
ENTPD4,10.28298416974873
ENTPD5,3.0227084134927207
ENTPD6,109.51191035687252
ENTPD8,0.39677584001322014
EP300,2.5158277008916503
EPHA1,17.54703500656262
EPHA10,0.004422458829866782
EPHA2,6.826507780731749
EPHA3,0.14347116128378937
EPHA4,5.185739660074559
EPHA5,0.00010700181876339138
EPHA6,0.003926474987991106
EPHA7,18.044624467178714
EPHA8,0.0012633740064120062
EPHB1,0.05816894557571701
EPHB2,0.13608790821640496
EPHB3,73.30972303387759
EPHB4,3.367074229683965
EPHB6,0.5624420705018036
EPHX1,344.1530489051337
EPHX2,4.785285263427543
EPM2A,0.420844260973332
EPRS,57.30563012612012
EPX,0.012002665299680186
ERBB2,1.2723832469256642
ERBB3,50.32864728705194
ERBB4,0.05153980876168196
ERN1,0.9964383619964999
ERN2,1.763065862552041
ESD,1465.5476233973657
ETFA,3857.5647276202576
ETFB,1622.667447116282
ETFDH,14.804799430468767
ETNK1,7.773768127053625
ETNK2,2.104580409792564
ETNPPL,1.3663166774328985
EXT1,22.13601593419101
EXT2,41.42398134166813
EXTL1,0.014614957283305653
EXTL2,12.389988010410585
EXTL3,24.303856951459263
EYA1,0.13865319764350242
EYA2,47.334258813503425
EYA3,1.263264514985676
EYA4,0.0015688861240382656
EZH1,3.5545610389817837
EZH2,0.17591135002153085
F13A1,0.44574267909396686
F13B,0.0016696613550270796
F2,0.16060539222612097
FAAH,16.330227137753223
FAAH2,2.735558483978164
FABP1,53.54695633547291
FABP12,0.07965490743889987
FABP2,0.004327125397246909
FABP3,0.66993609858521
FABP4,2060.3155170962277
FABP5,1445.5974476511178
FABP6,2.8370728313023466
FABP7,0.02961745485243691
FABP9,5.645717682973994
FADS1,12.648459777472047
FADS2,16.19598134491347
FADS3,0.5065801529159525
FADS6,0.022981756863439683
FAH,12.771853574942124
FAM20B,12.631354438918372
FANCL,6.933262583811899
FAR1,24.468585299343346
FAR2,1.304162366553923
FARS2,2.5891160221968383
FARSA,1103.0630870997568
FARSB,3.6134989185110307
FAS,15.30548366570432
FASN,43.355246630317744
FASTK,74.48964740282736
FAXDC2,0.014854582046724449
FBP1,11.793862288923407
FBP2,0.03842320119069213
FDFT1,268.4945342859315
FDPS,109.84626999240317
FDXR,15.589591862972615
FECH,2.952702816885672
FER,0.399167911677894
FES,1.1322646519834758
FGA,0.8171332799189085
FGFR1,25.19584011540209
FGFR2,18.887240238341203
FGFR3,4.305887780397496
FGFR4,9.214657343281567
FGGY,3.569020134469679
FGR,0.535551344406818
FH,594.4024801906963
FHIT,0.9871494189818221
FHL2,33.07715654097378
FIG4,6.4704350108314195
FITM1,0.20592895991933907
FITM2,0.6698808300601671
FKBP10,54.76661673440734
FKBP11,10.205407488516528
FKBP14,3.997433252074851
FKBP1A,380.5466947897128
FKBP1B,0.8753200573028093
FKBP2,1500.7714103800063
FKBP3,1183.7499542076048
FKBP4,521.1024718028093
FKBP5,1.7803545501213351
FKBP6,0.013617127216530083
FKBP7,9.732029399138034
FKBP8,42.457313701341825
FKBP9,134.529180196759
FKBP9P1,0.3354345050980549
FLAD1,10.058786671547402
FLT1,6.86247908070492
FLT3,0.04452521139324707
FLT4,0.8378981882403992
FLVCR1,1.298256596416505
FMO1,0.014605881583440594
FMO2,0.005547422119931175
FMO3,0.16152723081251896
FMO4,0.5354296770407465
FMO5,0.11896752960577982
FMO6P,0.0031295461870485676
FN3K,15.261097590760743
FN3KRP,29.63979708019514
FNTA,92.52827435885064
FNTB,0.2881918409051577
FOLR1,9.48257700577316
FOLR2,0.994358707365354
FOLR3,0.00244340691441459
FOSL1,8.78391879105296
FPGS,2.0960352549119823
FPGT,2.638260803688611
FRK,1.0907354095236879
FRMPD2,0.013431871267389107
FTCD,0.0017896426165848155
FTMT,0.01088354461205537
FUCA1,49.12955501126153
FUCA2,41.04234234585618
FUK,8.286783154860002
FUT1,2.0409830988186615
FUT10,1.8744094461268939
FUT11,5.924659653198049
FUT2,18.965810943302962
FUT3,6.695764483941763
FUT4,0.7419758220523015
FUT5,0.021265517344234604
FUT6,0.12115453660299078
FUT7,0.0570767934874049
FUT8,0.5571552099115329
FUT9,0.0028732146131934763
FYN,57.588911644867224
G0S2,43.25913787256711
G6PC,0.2573661812362027
G6PC2,0.001858465549061097
G6PC3,60.082901999913204
G6PD,248.44038772928263
GAA,74.57789826979814
GAD1,12.51706768936629
GAD2,0.00042335640079813985
GAK,3.8405287839170117
GAL3ST1,1.614540204353933
GAL3ST2,0.028992626576269727
GAL3ST3,0.002505578927081632
GAL3ST4,1.1457564729070924
GALC,2.70400058147347
GALE,101.99581149215622
GALK1,291.167460342693
GALK2,30.607213834277918
GALM,15.622809994547879
GALNS,19.163785589286558
GALNT1,73.65287721150698
GALNT10,1.2617479463496735
GALNT11,34.29854153008909
GALNT12,28.907143967238415
GALNT13,0.0036942631796936993
GALNT14,1.5384286522315058
GALNT15,0.0116113720313577
GALNT2,48.592798862479825
GALNT3,28.815601168561628
GALNT4,0.08479755009839558
GALNT5,0.02243787928413405
GALNT6,23.971146552977643
GALNT7,2.035333169537169
GALNT8,0.03984975304637445
GALNT9,0.07852828411479577
GALNTL5,0.43999999999999995
GALT,12.04266173189439
GAMT,2.19185361451338
GANC,1.6651230939812982
GAPDH,34279.60876602861
GAPDHS,0.28113906700222024
GARS,378.08794129341726
GART,146.89587681019185
GATM,9.944774773126635
GBA,25.33418116435868
GBA2,13.490108495561957
GBA3,0.0006605005451138603
GBE1,18.365289902638384
GBGT1,0.47688426793507355
GC,0.002859830433740443
GCAT,271.6297363539467
GCDH,15.305592849213113
GCH1,4.595544457751124
GCK,0.05340602314821246
GCLC,9.464435650898459
GCLM,21.775345045141492
GCNT1,7.582448147985514
GCNT2,2.8026499445688784
GCNT2P,0.3354345050980549
GCNT3,2.129932411834852
GCNT4,0.08723443814952243
GCNT7,0.004880874815522915
GCSH,0.5546026397175072
GDA,28.631439171485756
GDE1,32.43682029154325
GDPD2,0.010211503544108071
GFPT1,293.48883729846926
GFPT2,1.2964816072603818
GGCT,126.21319079699121
GGH,118.49898904566369
GGPS1,823.1746857735563
GGT1,22.825320679647128
GGT2,1.2557625587889092
GGT3P,0.24858437400334754
GGT5,7.266358829967943
GGT6,1.8490597428631643
GGT7,3.1407294134442356
GGTLC1,0.25284465251754046
GGTLC2,0.8129328628735325
GIF,0.3354345050980549
GK,1.3869319269703082
GK2,0.0008041476870938299
GK3P,0.03891588028800685
GLA,30.080899207932415
GLB1,192.6770403365175
GLB1L,1.7487224127620322
GLCE,0.9562742852980982
GLDC,0.015730247473557037
GLIPR1,2.7614443194276848
GLO1,2227.11828533301
GLRX,56.965499038175786
GLRX2,6.7823037118882175
GLS,48.54809384634058
GLS2,0.9392419952360602
GLT6D1,0.06930364432416915
GLT8D1,1.9375743654666158
GLT8D2,3.5276634901180195
GLTP,76.06060581549916
GLUD1,602.5954632304944
GLUD2,38.69136086935273
GLUL,14.824820847773205
GLYAT,26.66571856032572
GLYCTK,4.565933390298244
GM2A,296.48120866495077
GMDS,194.79398713443751
GMPPA,22.196669414625948
GMPPB,472.68708978298736
GMPR,163.61315853499156
GMPR2,58.36824041309877
GMPS,280.0011961727745
GNE,5.292890235128596
GNMT,0.17918595045241725
GNPAT,34.49914034598054
GNPDA1,46.441275734613725
GNPDA2,3.3259808542031672
GNPNAT1,143.81263672341186
GNPTAB,15.56120648586177
GNS,23.612988575752734
GOT1,3160.133517007943
GOT2,1857.0718192539757
GPAA1,103.26545321353252
GPAM,0.12932959902301455
GPAT2,0.0712607915764514
GPAT3,0.6582069289240687
GPAT4,1.352005973421296
GPCPD1,41.655027793854174
GPD1,0.13049946717627517
GPD2,149.73691865706425
GPHN,11.117200760711667
GPI,4470.124996888928
GPIHBP1,0.004242206324301561
GPLD1,0.032467666204923445
GPT,0.5863228955514035
GPT2,13.652442393558614
GPX1,148.42083286671047
GPX2,11.73871224720868
GPX3,117.23757785905102
GPX4,253.86199520511937
GPX5,0.793289329058847
GPX6,2.01032323162201
GPX7,15.39378387459654
GPX8,7.1392734179835395
GRHL1,9.414192063926107
GRHPR,171.2835556075558
GRK1,0.11699235770509935
GRK2,4.014622265826703
GRK3,1.2623639556998993
GRK7,0.004122547903017973
GSR,616.5898994872225
GSS,430.42276978023665
GSTA1,6.4167477250739875
GSTA2,5.619549002346362
GSTA3,3.8201241689736465
GSTA4,30.179267202491776
GSTA5,0.58469847618054
GSTK1,227.2776768264452
GSTM1,0.028110998813948594
GSTM2,0.19405578537254556
GSTM3,35.271500953337394
GSTM4,4.185258966060642
GSTM5,5.244932374200466
GSTO1,1564.7114794392169
GSTO2,14.594985794179726
GSTP1,16392.5743556514
GSTT1,52.37742431563796
GSTT2,0.40960183243554077
GSTZ1,21.733068957045266
GTF2F1,13.599773923460061
GTF3C4,1.1366916847172563
GUCA1A,0.005465849208386402
GUCY1A1,2.9663227089166733
GUCY1A2,0.1700396978994159
GUCY1B1,1.0453859436592674
GUCY1B2,0.4790502505794708
GUCY2C,0.04803376372738015
GUCY2D,0.005861374819411363
GUCY2F,0.0008145388325639084
GUK1,335.45603963057187
GUSB,9.82682400875367
GYG1,21.65341728839318
GYG2,3.0610597741895047
GYS1,72.06349988116237
GYS2,0.0010283031145198794
H6PD,28.056106280876
HAAO,0.43415819584890275
HACD1,0.6699772991826155
HACD2,3.095013644366691
HACD3,4.330319334841662
HACD4,0.5979568033382378
HACE1,0.7110089268777602
HACL1,7.035876498393722
HADH,1748.0240306761864
HADHA,893.956343338661
HADHB,75.95697209495643
HAGH,48.308265757913524
HAGHL,0.12208162978629448
HAL,6.33702590373754
HAO1,0.0023341824376061117
HAO2,0.0009194634368387135
HARS,255.84890069870562
HARS2,32.818767844888804
HAS1,0.09673601928604186
HAS2,0.5831282857911436
HAS3,21.58176867570903
HAT1,126.62978448900328
HCCS,8.172942284881866
HCK,2.1476462362318047
HCST,7.352226575869757
HDAC3,1.1957456628268879
HDC,1.8963025722550655
HDLBP,135.61745059210858
HECTD1,5.426484102184977
HECTD2,0.880601040195158
HECTD3,2.281047162574329
HECW1,0.04250896415641674
HECW2,0.259510756330245
HELZ2,0.16199531088786426
HEPH,5.613646836097253
HERC1,0.17583148841846719
HERC2,0.17134476786256758
HERC3,7.725815228300126
HERC4,18.725956877457598
HEXA,106.0688325759243
HEXB,13.772251202555129
HEXDC,0.3354345050980549
HGD,41.59313485639956
HIBADH,43.62240862808314
HIBCH,11.785330371831225
HIF1AN,4.424028377197478
HIGD2A,14.974152064292715
HIPK1,19.29094083511526
HIPK2,2.9853989910558534
HIPK3,7.1383505102932885
HIRIP3,0.2456303081620364
HK1,448.52334186502367
HK2,123.97631289323162
HK3,0.27405505509891
HKDC1,60.2501800666355
HLCS,3.3124249414110634
HLTF,0.08928438312326958
HMBS,195.93811865773267
HMGCL,378.1607002545894
HMGCLL1,0.001363791444258615
HMGCR,30.728553976878615
HMGCS1,44.273704569576175
HMGCS2,0.002539854811577757
HMOX1,61.87067654059757
HMOX2,183.06536113333502
HNMT,3.0091357890568338
HPD,0.04047230569613531
HPGD,1.1111687198368891
HPGDS,0.03215786173328324
HPRT1,616.3006717992087
HS2ST1,13.033243164608194
HS3ST1,45.346218113588144
HS3ST2,0.040181741032720965
HS3ST3A1,0.5440468109876226
HS3ST3B1,0.32192296227109374
HS3ST4,0.012466929075615836
HS3ST5,0.008655701018342924
HS3ST6,0.032782618157036904
HS6ST1,27.009195018695088
HS6ST2,2.032384463917423
HS6ST3,0.0027318051326378576
HSD11B1,0.21445809572773064
HSD11B1L,0.848048811644765
HSD11B2,19.7104551938963
HSD17B1,6.134196185371464
HSD17B10,189.40283407419247
HSD17B11,72.19565605939721
HSD17B12,707.3842087555379
HSD17B14,0.9152070304687143
HSD17B2,3.7531799920116207
HSD17B3,0.09326959873972133
HSD17B4,111.87097715202746
HSD17B6,0.3937522725955202
HSD17B7,3.2179891086523016
HSD17B7P2,0.37535905893164945
HSD17B8,0.3295536064612353
HSD3B1,0.0024638346301871154
HSD3B2,0.9278984217862639
HSD3B7,20.7889403685581
HSPG2,0.290802019787839
HTATIP2,41.167906040409456
HUNK,2.70609558842431
HUWE1,5.6691228475196205
HYAL3,2.685459771791348
HYALP1,0.3354345050980549
HYI,15.133447674791238
HYKK,0.3304860018863759
IARS,1200.5791011122578
IARS2,68.98331672486833
ICK,4.68852728103354
ICMT,59.367671347773666
IDH1,437.3456773199249
IDH2,575.3604230951727
IDH3A,1051.252232668325
IDH3B,240.54544973280235
IDH3G,156.25902599051946
IDI1,40.82297184336188
IDI2,2.6118032942902123
IDO1,170.07067895198048
IDO2,0.2570209483667874
IDS,33.967698611724686
IDUA,6.7592372197171775
IGF1R,0.8277240022354871
IKBKB,8.045986154529597
IKBKE,6.1974125845282355
IL4I1,5.772485366441216
ILK,32.548162746200816
ILKAP,25.34677651064759
IMPA1,158.30276883596207
IMPA2,66.1164886176229
IMPDH1,26.760260076660604
IMPDH2,184.60813009509275
INMT,0.06674711290688784
INPP1,203.07160792086688
INPP4A,1.9668892404359701
INPP4B,1.4733422045382847
INPP5A,6.0147743864185585
INPP5B,2.1368610014494593
INPP5D,1.686264534164986
INPP5E,8.753867506781152
INPP5F,0.23768827912274915
INPP5J,1.4030036870884606
INPPL1,9.766233855378802
INSL3,0.4298314641059156
INSR,2.8408541431918564
INSRR,0.0031893913769647604
IP6K1,10.653910328103708
IP6K2,37.621631174395226
IP6K3,0.006896918875179431
IPMK,2.1718957667486305
IRAK1,75.93148648531421
IRAK2,0.31125587879978595
IRAK3,0.12496762758444899
IRAK4,4.026886923642251
IREB2,14.72916803614689
ISYNA1,113.14840733095745
ITK,1.246886742253097
ITPA,635.8043869721203
ITPK1,30.7304917663479
ITPKA,0.980495757154793
ITPKB,8.326989660328804
ITPKC,17.299896188769946
IVD,366.10899989856466
JAK1,69.0525640786137
JAK2,1.3578942212582816
JAK3,1.3482241569188849
JMJD7-PLA2G4B,0.0009290550787349422
KALRN,0.2530198245278517
KANSL3,11.0279578549432
KARS,883.5447398864246
KAT2A,34.539106617364915
KAT2B,1.3925732706419434
KAT5,27.98957290791187
KAT6A,6.1866394813573615
KAT6B,3.8015023092602664
KAT7,14.623369151344358
KAT8,28.064973153088694
KCNJ11,1.5343318252149234
KCNJ8,2.1344331638022327
KDR,3.957245412498431
KDSR,19.408837706984222
KHK,0.6414077447525073
KIT,0.6063133910115375
KL,0.04070333284463015
KMO,0.06838705688737313
KMT2A,0.1132089503784727
KMT2B,0.3354345050980549
KMT2C,0.02724143815923862
KMT2D,0.256842919373976
KMT2E,0.08892210317369556
KMT5A,0.08744585611927874
KMT5B,0.052531638327043204
KMT5C,0.3350355754164824
KPNA6,46.13513841506104
KYAT1,0.41426786262502635
KYAT3,10.315561941178165
KYNU,3.446881159014165
L1CAM,0.0854576567864202
L2HGDH,1.6623465207820862
LALBA,0.09996023381633702
LAP3,2204.537337506045
LARS,527.3493864353406
LARS2,8.911693668237362
LATS1,0.5109860750602129
LATS2,1.443628067247427
LBR,65.54195088781823
LCAT,1.7676910294497077
LCK,4.1797888945755295
LCLAT1,4.0263071431937405
LCT,0.0014031374703015612
LDHA,18629.916620986427
LDHAL6A,0.011114771831524707
LDHAL6B,0.013265479380613036
LDHB,1412.7310498074926
LDHC,13.74100658898184
LDHD,6.3722804730755955
LDLR,3.7282578475076247
LGALS13,0.16621830202908744
LGMN,125.37689799888693
LGSN,0.059118472577440906
LHPP,144.3050132796143
LIAS,0.52172410151615
LIMK1,22.387555798042424
LIMK2,24.604020887276885
LIPA,16.916142992866046
LIPC,0.07598734122246295
LIPE,0.3561272716791479
LIPF,0.01316802248384042
LIPG,18.12878271412255
LIPT1,1.7491970644416146
LIPT2,0.4801324825050847
LMTK2,3.2818699094638997
LMTK3,0.6910653643773517
LOC102724197,0.3354345050980549
LOC286297,0.0013409650060222313
LOC344967,0.08024438986683928
LOX,73.16167039382995
LOXL2,39.49886177240484
LPCAT1,4.705737274591945
LPCAT2,23.568902114497437
LPCAT3,31.223992583565764
LPCAT4,1.5877187494003782
LPIN1,5.186366916038506
LPIN2,4.559958383712907
LPIN3,3.491206989615669
LPL,0.4757250452441332
LPO,0.07635519173100386
LRAT,0.43621043730611564
LRP1,2.864777421572182
LRP2,0.00411483149884739
LRRK1,0.04741820048126283
LRRK2,0.1454780811724028
LRSAM1,5.924774555739985
LRTOMT,1.4883728782127887
LSS,41.33657773291665
LTA4H,518.7032741395353
LTC4S,0.22765229168882423
LTK,0.7821151523261569
LYN,10.59457903212618
LYPLA1,177.93513825471908
LYPLA2,158.30192973416897
LYZL1,1.4145390562382973
MACROD1,6.75265889613555
MACROD2,0.07291189781147743
MAGEA2B,0.1626710879648594
MAK,0.392756007318793
MAN1A1,1.1688775993313463
MAN1A2,4.680389770346171
MAN1B1,4.6172548980385715
MAN1C1,1.9889373769690761
MAN2A1,10.479789800441543
MAN2A2,9.860853480091853
MAN2B1,55.76766021362375
MAN2C1,24.567750078164558
MANBA,23.01180401481721
MANSC1,86.90356278170506
MAOA,21.7880934841785
MAOB,35.691070734687585
MAP2K1,419.2086178506631
MAP2K2,193.23531700396134
MAP2K3,36.42510868436966
MAP2K4,29.6313397945952
MAP2K5,5.569348739462829
MAP2K6,16.719031366410604
MAP2K7,2.5599020693357812
MAP3K1,7.593981275273225
MAP3K10,1.7282192511925256
MAP3K11,36.34519857692251
MAP3K12,2.156015845933559
MAP3K13,0.10661718114443205
MAP3K14,2.8424712613483636
MAP3K15,0.004151287348805643
MAP3K2,4.878921261425434
MAP3K20,0.20179825659102824
MAP3K21,0.03839897316107535
MAP3K3,3.355634700794626
MAP3K4,5.641642450203704
MAP3K5,9.659783106138311
MAP3K6,16.288137532198085
MAP3K7,0.7448816445535055
MAP3K8,3.181197134401142
MAP3K9,0.8100896857499982
MAP4K1,1.4183199024713853
MAP4K2,6.021607860594087
MAP4K3,7.710468988409303
MAP4K5,27.173553467199643
MAPK1,445.623598485586
MAPK10,0.30414358312532613
MAPK11,3.75426507246083
MAPK12,5.107900234589817
MAPK13,60.528649975513396
MAPK14,44.35337598666329
MAPK15,0.40927961582689154
MAPK3,73.87389769979389
MAPK4,0.04399563451630135
MAPK6,38.17397546377382
MAPK7,6.612865976833459
MAPK8,17.740656808176087
MAPK9,5.715355465304348
MAPKAPK2,2.755094648667659
MAPKAPK3,17.539689998517094
MAPKAPK5,18.652974565679486
MARCH1,0.3320939919618667
MARCH10,0.0003580444168360784
MARCH11,0.007982758707868126
MARCH2,17.171747206110542
MARCH3,0.10616569033321181
MARCH4,0.0043927451779021244
MARCH5,18.87677527635638
MARCH6,23.659967482952123
MARCH7,47.14451518586751
MARCH8,1.042875405508445
MARCH9,3.556302709401319
MARK1,0.430151509345557
MARK2,45.0917033494557
MARK3,32.8340785824376
MARK4,8.364319298168834
MARS,169.94778105401133
MARS2,2.4601878763908775
MAST1,0.00673323572480302
MAST2,6.142043311950859
MAST3,1.7688285169482003
MAST4,1.3800844500290759
MASTL,0.19933912211136623
MAT1A,3.569165328046547
MAT2A,152.67153614040691
MAT2B,279.5787127660535
MATK,0.19700278925904752
MBOAT1,11.63755128963532
MBOAT2,6.253160871057351
MCAT,18.4261443555182
MCCC1,18.572841002696045
MCCC2,60.93996495942544
MCEE,7.00292971476418
MDH1,4671.85198353433
MDH1B,0.5091083346776324
MDH2,11717.063486257419
MDM2,0.0256330044522287
MDP1,25.53081945894035
ME1,108.64121847142928
ME2,18.280950121292335
ME3,1.684002216956517
MECR,5.857771503762549
MED1,0.6036029203103747
MELK,0.7356813504414345
MERTK,5.850982922601364
MET,8.941523292448696
METTL1,36.36942614859123
METTL3,21.024460275636617
MGAM,0.000370500177226849
MGAT1,49.3481100174499
MGAT2,3.5378877105788398
MGAT3,0.13743608971241963
MGAT4A,0.8700996956122414
MGAT4B,87.88692341801607
MGAT4C,0.0035715907357146506
MGAT4D,0.02696149145334556
MGAT5,12.641281493254901
MGAT5B,0.04351200959735487
MGLL,14.940302746862477
MGMT,13.660784733699158
MGRN1,10.20793923201403
MGST1,128.83743373314215
MGST2,115.51502565885875
MGST3,104.60799392057439
MIA3,12.254690278751305
MIB1,7.900403053576205
MIB2,3.6267254672384883
MID1,1.6772847577267551
MIF,140.49615036235662
MINK1,0.3601628901572331
MINPP1,12.424739241846773
MIOX,0.1181669332313152
MIP,0.01271227785734931
MKNK1,9.49423847312831
MKNK2,379.3254993877657
MKRN1,71.45447943935136
MKRN2,13.310378680774155
MKRN3,0.0012578246804074496
MLKL,14.502001141493364
MLYCD,5.3533180806926355
MMAA,2.2629937880295583
MOCS1,3.1429793034569484
MOCS2,17.46898097981568
MOGAT1,0.20975163445814016
MOGAT2,0.001915788318672858
MOGAT3,0.0011949527547892326
MOGS,160.31063833017768
MOK,0.6988514734733569
MOS,0.09191795284698573
MOXD1,158.5075907518646
MPC1,27.8052229308476
MPC2,12.311032245951754
MPI,51.29302232841496
MPO,0.06396174330703233
MPST,4272.944783525099
MRPL58,13.330417578133794
MSMO1,43.29491447354895
MSRA,4.463252694200027
MST1R,17.101830001830148
MT1A,53.78299666200099
MT2A,26719.99140657419
MT3,42.03349959033086
MT4,2753.989959847705
MTAP,575.7985230029573
MTFMT,4.220557458837882
MTHFD1,230.39992200933386
MTHFD1L,11.780350949113151
MTHFD2,32.45393859057893
MTHFD2L,1.552916951807814
MTHFD2P1,0.3354345050980549
MTHFR,1.7808170502086593
MTHFS,1.3913402865085416
MTMR1,1.6486144641277811
MTMR14,15.485742429169692
MTMR2,1.1977458965575818
MTMR3,0.3173166394018008
MTMR6,5.18120596810661
MTMR7,0.05024906665090324
MTMR8,0.07453825997406999
MTPAP,3.5832711293360098
MTR,0.22024642268887068
MTRR,7.235175752362808
MTTP,0.011943013241721291
MUL1,19.31656567451479
MUSK,0.0012118345144284466
MUT,0.3354345050980549
MVD,117.5464181946673
MVK,11.515472187069498
MYBBP1A,70.05363345220835
MYCBP2,0.08133319819824034
MYLIP,15.016016190293968
MYLK,0.5404325293924224
MYLK2,0.06694520710393892
MYLK3,0.007977367857538515
MYLK4,0.050451567878108984
MYO3A,0.0007681069770469186
MYO3B,0.6814731974891121
MYO5B,17.273537849325866
NAA10,75.0102846891537
NAAA,3.7034857418503315
NADK,22.890904030783346
NADSYN1,28.958974155795374
NAGA,18.26871722687474
NAGK,56.327600654686854
NAGLU,18.414382250547614
NAGPA,4.344498529362726
NAGS,0.28543856452299216
NAMPT,472.49499008026027
NANP,1.5983644770032377
NANS,1271.67263771234
NAPRT,25.164291606310147
NAPSA,0.04917393457614259
NARS,3354.338715289954
NARS2,10.128702053579046
NAT1,5.051516491192857
NAT2,0.062009332618451096
NCOA1,8.613487044694539
NCOA2,0.32481564392272877
NCOA3,5.262669713517879
NCOA6,16.00224763917575
NCOR1,0.10391465071164387
NCOR2,1.481879471299371
ND1,0.7496282848946749
ND2,6.647572110665278
ND3,3.518721426725826
ND4,15.91921099634504
ND4L,0.3354345050980549
ND5,3.9860139175064595
ND6,2.1511623729121254
NDST1,17.337442353435513
NDST2,5.053408223015938
NDST3,0.0007387367545559381
NDST4,0.00035489316750850745
NDUFA1,216.16729262817626
NDUFA10,45.149620328725
NDUFA11,89.76770896696513
NDUFA12,23.82844598581108
NDUFA13,1604.8480537385417
NDUFA2,18.61511374282846
NDUFA3,28.771154052906674
NDUFA4,11.700958192221968
NDUFA5,45.363332233251356
NDUFA6,44.58481310156031
NDUFA7,6.704315755093204
NDUFA8,105.77631535822981
NDUFA9,50.84418421489083
NDUFAB1,197.8247333809363
NDUFB1,49.21089260109838
NDUFB10,150.6553017534875
NDUFB2,413.23534216068373
NDUFB3,105.15331065071959
NDUFB4,164.03432965760393
NDUFB5,193.41271355904706
NDUFB6,23.1370606688864
NDUFB7,133.29874950157733
NDUFB8,39.77630274107965
NDUFB9,23.732463820966707
NDUFC1,58.42259111999091
NDUFC2,10.214486783951665
NDUFS1,56.73910908136843
NDUFS2,47.15543149784442
NDUFS3,413.0605301000762
NDUFS4,85.9061126196586
NDUFS5,578.6491659863359
NDUFS6,37.585936114471146
NDUFS7,26.98305807905909
NDUFS8,152.83914971950207
NDUFV1,55.5934177685055
NDUFV2,33.64775776568239
NDUFV3,19.390405363336313
NEDD4,1.1486986562862944
NEDD4L,4.104984906736293
NEK1,1.1568504796196706
NEK11,1.5046294363077086
NEK2,3.631894413122316
NEK3,2.2374666271334025
NEK4,9.029231457432887
NEK5,0.10132450188724416
NEK6,1.5604228153985584
NEK7,16.49147094421445
NEK8,3.105598420739541
NEK9,0.9707204854428101
NEU1,9.202192070362877
NEU2,0.09950948530117194
NEU3,0.28619737929880446
NEU4,0.011837314026791649
NEURL1,0.14715923590013888
NEURL1B,4.0109237889962355
NGLY1,17.24739816362858
NHLRC1,0.1841000706189862
NIT2,919.9842921673882
NKTR,7.455985583172782
NLK,8.707822263735327
NLN,100.35525102583607
NME1,9126.86615129637
NME2,685.0484930905128
NME3,53.35996112835216
NME4,182.93776608900168
NME6,0.5608178918943098
NME7,0.912776589448567
NMNAT1,3.2420473706953388
NMNAT2,0.33982905895235443
NMNAT3,1.2526874398516383
NMRK1,2.9351673795914386
NMT1,70.38672044030321
NMT2,0.6535257944118628
NNMT,36.172708688036934
NNT,8.715189222663014
NOL9,1.945958087544092
NOS1,0.0012122414346988407
NOS2,1.0934516439281277
NOS2P1,0.3354345050980549
NOS2P2,0.3354345050980549
NOS3,1.1987448660381312
NOX1,0.15252758372841224
NOX3,0.09198887034239282
NOX4,0.432221211554323
NOX5,0.07629753085515077
NPAS2,14.696795340760401
NPC1,15.606903470705243
NPC1L1,0.010599248165301696
NPR1,0.4255439233096612
NPR2,1.0702122844852107
NQO1,631.1262752978898
NQO2,146.66002324583306
NR1D1,11.307017290009341
NRF1,1.2648794809415882
NSD1,10.888187452037863
NSD2,0.8117852405670956
NSD3,0.8238692165195934
NSDHL,961.5474353732891
NSF,75.29993456647966
NT5C,129.9552603526082
NT5C1A,0.058725969276404735
NT5C1B,0.00199707654438422
NT5C1B-RDH14,0.037698419756150243
NT5C2,178.66138635210126
NT5C3A,4.209671716104311
NT5DC3,4.6100593966018835
NT5E,113.66229133499824
NT5M,0.2786776630237698
NTAN1,1.7275083888209595
NTRK1,0.01793342704598825
NTRK2,0.2936744447807261
NTRK3,0.012637439165762583
NUAK2,3.6358850249416803
NUDT10,0.39581802826406415
NUDT11,0.0764326206093804
NUDT12,3.855614043919019
NUDT2,23.02730488187749
NUDT3,3.0373471857408805
NUDT4,0.24257603121787932
NUDT5,339.9868343547758
NUDT9,18.991549685480273
OARD1,11.970020898409903
OAT,52.773209974401226
OBSL1,0.8835151269157481
OCRL,9.063682922599664
ODC1,15.610101888327062
OGA,13.207835039605774
OGDH,346.2438420919459
OGT,32.87469020025911
OLAH,0.003847756348757611
OPLAH,2.9919486116751095
OTC,0.0009580672447247128
OTUD5,35.2346651260108
OXCT1,148.59240938014585
OXCT2,0.01810805038598242
OXSM,7.5394173499439505
OXSR1,24.58787443379464
P4HA1,114.52345955004479
P4HA2,78.67684512274619
P4HA3,0.4696185190802345
P4HB,4410.836239937992
PADI1,2.172812068334594
PADI2,6.159747853475234
PADI3,5.79059114344911
PADI4,0.0016202360707135174
PADI6,0.0005832689209611789
PAFAH1B2,877.1786478268891
PAFAH1B3,958.4949529460243
PAFAH2,7.308503514923033
PAH,0.059801841309395004
PAICS,409.7750826485518
PAK1,70.2993748984422
PAK2,127.68413433768066
PAK3,0.03017960632017387
PAK4,1.2408843221420025
PAK5,0.1843105272396382
PAK6,3.3378830197851275
PAM,1.6329398903878034
PAN2,8.992529505168758
PANK1,1.7042689770845674
PANK2,11.519372957624547
PANK3,4.506448354449357
PANK4,9.53230645212008
PAOX,2.23038461704927
PAPOLA,5.487044694238505
PAPOLB,0.44126758236613556
PAPOLG,0.8093519760735505
PAPSS1,160.0176840767988
PAPSS2,3.2164166844837276
PARP1,109.32072170293893
PARP10,6.884067528548501
PARP11,1.1487389348725279
PARP12,4.803141765480952
PARP14,29.463086808655593
PARP15,0.06694520710393892
PARP16,2.5477558717053306
PARP2,12.5055647848908
PARP3,34.54381789051115
PARP4,8.69618474289036
PARP6,35.68882171067588
PARP8,3.8300677742595117
PARP9,33.56454010836428
PARS2,2.2478466752540327
PASK,2.6480055798270437
PBK,7.8624682714374075
PC,21.517930192057893
PCBD1,158.94518232856583
PCBD2,7.002088911105439
PCCA,22.83187999246066
PCCB,18.58524799268092
PCK1,0.8102171751414229
PCK2,32.71204329185233
PCMT1,675.7817419962238
PCYOX1,88.59186326885113
PCYT1A,11.062423952944567
PCYT1B,0.053024859206691775
PCYT2,7.62032402519907
PDE10A,0.1114577765244065
PDE11A,0.07339880552305618
PDE1A,0.4652935539298757
PDE1B,0.08187056706813475
PDE1C,0.026015287947137426
PDE2A,0.0547677454006178
PDE3A,1.2768073793867003
PDE3B,0.4482804186910267
PDE4A,0.582948255865215
PDE4B,2.85821014498316
PDE4C,0.05831923276868104
PDE4D,2.204263047976099
PDE5A,5.419382992435591
PDE6A,0.033323912580569395
PDE6B,0.03858083012214797
PDE6C,0.012114538619235775
PDE6H,1.0083333333333333
PDE7A,3.7255964480405805
PDE7B,0.29222781863561176
PDE8A,6.6388063023765875
PDE8B,0.30587492446487213
PDE9A,9.412211123095734
PDF,0.8258115990004435
PDGFRA,5.494799169813282
PDGFRB,8.929287273105295
PDHA1,148.37216516313106
PDHA2,8.963593332760542
PDHB,99.98346099667695
PDHX,25.18073722875752
PDIA2,0.0327759570918002
PDIA3,4641.708245571273
PDIA4,5139.983119606698
PDIA5,250.10315383838952
PDIA6,1881.3164977280667
PDK1,1.3683388078778564
PDK2,6.212964944789605
PDK3,5.671428804356302
PDK4,8.509704761771443
PDP1,6.818644230899718
PDP2,1.0247371042321494
PDPK1,0.6620665845643943
PDPR,3.3567358902694537
PDXK,18.48510961888149
PDXP,45.48634935872761
PDZD4,0.039122426655476585
PEAK1,3.04590320114617
PECR,113.31569069333403
PEMT,30.10664252043069
PEPD,30.484000336094958
PEX11A,2.8170532704070768
PFAS,85.41905174017576
PFKFB1,0.14675634319092062
PFKFB2,3.533256041743191
PFKFB3,56.486978974281314
PFKFB4,8.641265744638268
PFKL,256.1581367337841
PFKM,9.635415015873933
PFKP,2091.8945298154313
PGAM1,100.00531671871127
PGAM2,1.3832646437113578
PGAM5,94.20392144160279
PGAP1,0.193712917671691
PGD,7054.835413558982
PGGHG,0.02991860446325157
PGK1,756.6643487392729
PGK2,0.7275011538532409
PGLS,1637.4981125245565
PGLYRP1,0.002067071551930377
PGLYRP2,0.03223383510866929
PGLYRP3,11.807969660473887
PGLYRP4,0.8282317337998703
PGM1,315.3169151434815
PGM2,296.80696599565056
PGM2L1,6.210862936974594
PGM3,64.8849755499865
PGP,59.25456600295092
PGS1,12.089418904532986
PHEX,0.16094563268479736
PHGDH,1586.8455142182174
PHKA1,0.17320937287962868
PHKA2,4.558028205360437
PHKB,17.221771724508464
PHKG1,0.23581728241136993
PHKG2,5.522054406572312
PHLPP1,5.8304384336960196
PHLPP2,0.2230240774480681
PHOSPHO1,0.01642089481608711
PHPT1,123.4614994864552
PHYH,7.7806188693321685
PHYKPL,0.6462009571960334
PI4K2A,1.0233275650497864
PI4KA,1.6698283658377415
PI4KB,0.9710645576382356
PIGA,2.5763102852482027
PIGB,5.5031410685983015
PIGC,34.17111525753893
PIGF,6.073986080600436
PIGG,20.167607031148126
PIGH,3.6560829694243506
PIGK,6.317961388462787
PIGL,2.04169442342889
PIGM,3.8948968930726124
PIGN,9.339438128666817
PIGO,23.13511063596395
PIGP,7.369659686111938
PIGQ,39.567240384343584
PIGS,21.321519487150873
PIGT,19.007674113322814
PIGU,2.2963768933755166
PIGV,6.44113260641519
PIGW,5.282291226609437
PIGX,2.2875549856702504
PIGY,110.14088440602026
PIGZ,0.9190263294494365
PIK3C2A,1.1258012863234441
PIK3C2B,3.7144634284147053
PIK3C2G,0.01216496291241991
PIK3C3,0.19958487393133148
PIK3CA,3.683299004682973
PIK3CB,0.3797784382449217
PIK3CD,1.2458803193226395
PIK3CG,0.08512946768885278
PIK3R1,0.7213804338931533
PIK3R2,55.62956853464447
PIK3R3,44.607596044744184
PIK3R4,19.205463891848197
PIK3R5,0.243296114628854
PIKFYVE,2.980018165382084
PIM1,56.99989547638522
PIM2,11.0072724405584
PIM3,149.11930624264033
PIN1,601.8350528486026
PIN4,0.8801528519222023
PINK1,85.63348955106432
PIP4K2A,12.214685481088544
PIP4K2B,7.481638027633679
PIP4K2C,26.108405124607543
PIP5K1A,0.5411729740806144
PIP5K1B,0.215760489585459
PIP5K1C,18.622610641915088
PIP5KL1,0.2263165052104719
PIPOX,0.04563260590603562
PISD,1.926673319120567
PJA1,14.83705826273549
PJA2,37.169964960095044
PKLR,0.0003833767670023503
PKM,541.3891072832749
PKMYT1,11.921387026602762
PKN1,42.954596387702466
PKN2,5.130622162389428
PKN3,2.6086237279424362
PLA2G10,0.4167050048309496
PLA2G12A,0.7748945345458202
PLA2G12B,0.0017051605956929328
PLA2G15,9.261386110224393
PLA2G16,2.6893563608032354
PLA2G1B,0.030049075955575377
PLA2G2A,0.19785716674375328
PLA2G2C,0.015492927586799857
PLA2G2D,0.10051741646956251
PLA2G2E,0.02472131302209483
PLA2G2F,0.14806914607925276
PLA2G3,1.38025118263113
PLA2G4A,341.688199655263
PLA2G4B,0.02926215222369392
PLA2G4C,0.26597783632795957
PLA2G4D,1.1502176561179946
PLA2G4E,1.0221382137489112
PLA2G4F,1.5873287659648585
PLA2G5,0.012072956788999578
PLA2G6,5.468167114426854
PLA2G7,1.3456171956029133
PLB1,0.1529865158069714
PLCB1,5.50948588277866
PLCB2,0.7787923844109362
PLCB3,2.4452531490281606
PLCB4,6.406100251131285
PLCD1,3.6538844452798767
PLCD3,16.36504681290887
PLCD4,0.614522142955783
PLCE1,1.1375036238885277
PLCG1,2.587127864938992
PLCG2,2.441179699209264
PLCH1,3.5047221851941797
PLCH2,0.27279551177973016
PLCL1,0.041609994969009065
PLCL2,0.20945731788067293
PLCXD2,0.021553946427813605
PLCZ1,0.0018321337105354396
PLD1,1.9495169687239857
PLD2,12.212430625492841
PLD3,22.497849456052343
PLD4,0.23322836303546796
PLD6,1.8496132444721514
PLG,0.003926474987991106
PLIN1,0.013719735145700577
PLIN2,82.73906008946948
PLIN3,131.38763395229657
PLIN4,0.2627593046593239
PLK1,6.290579387325699
PLK2,183.92699560000594
PLK3,9.677913951577075
PLK4,4.084327017046868
PLOD1,87.45235416848833
PLOD2,57.964530916767316
PLOD3,29.28148744608509
PLPBP,1.3790311261442316
PLPP1,5.389883230682263
PLPP2,2.123055391477898
PLPP3,4.2032094621878
PLPP4,0.019762828557283812
PLPP5,0.0656688155578048
PLPP6,0.050042688733332445
PLPP7,1.1305815492037874
PLPPR2,0.3307009692228308
PLPPR3,0.9307949846236876
PLPPR4,0.11900942508124815
PLPPR5,0.012456429933028047
PLTP,27.30525149592608
PLXNB3,0.2173414882968416
PMM1,13.239876256645429
PMM2,185.03592038231307
PMPCA,49.568934967022
PMVK,364.3803710412785
PNCK,0.0657953220818657
PNKP,49.83911980427879
PNLIP,0.01735944451270558
PNLIPRP1,0.04876262171622993
PNLIPRP2,0.0011120435163625066
PNLIPRP3,0.048543162069397405
PNMT,0.007342967050123743
PNP,1930.9028340895134
PNPLA2,39.127640366396314
PNPLA3,0.08308180984081782
PNPLA4,3.824845062295834
PNPLA6,0.536036375149859
PNPLA7,0.12876106865262887
PNPLA8,6.0717922148791486
PNPO,19.805605621432125
PNPT1,4.187004263243445
POLA1,4.124611824266395
POLA2,6.671147416265109
POLB,23.265983500747524
POLD1,2.303887393256194
POLD2,9.993914103171294
POLD3,0.9004476302518649
POLD4,86.92786671137321
POLE,0.14142976938997306
POLE2,2.40417389801821
POLE3,65.42215907277172
POLE4,16.92893074820708
POLG,12.46125931298609
POLG2,3.852626915004651
POLH,1.552202481234781
POLI,2.1692960047342105
POLK,2.8660895192229594
POLL,10.630519018001136
POLM,5.791017470024423
POLN,0.07932746117890449
POLQ,0.7485001624862536
POLR1A,1.0126480539756
POLR1B,0.66487033773158
POLR1C,28.53268856994236
POLR1D,62.65778707481761
POLR1E,22.55032190891371
POLR2A,5.142217772171725
POLR2B,16.611364030884385
POLR2C,109.77593095567761
POLR2D,27.812086520467325
POLR2E,96.12733845150515
POLR2F,29.451770739199326
POLR2G,50.4693155446619
POLR2H,589.6823674248474
POLR2I,23.510902657956574
POLR2J,19.02259274416932
POLR2K,66.50681963387662
POLR2L,185.78713394402368
POLR3A,0.26802913114098376
POLR3B,1.4642861298533065
POLR3C,0.8790503992140611
POLR3D,11.699623365634732
POLR3E,16.657800802997066
POLR3F,3.9096171373995934
POLR3G,0.9506560810483817
POLR3GL,18.052032114398536
POLR3K,37.57078987504965
POLRMT,6.2321877950689535
POMGNT1,38.2805343587434
POMT1,8.673991636640293
POMT2,3.366064477190969
PON3,0.00399204071085699
POR,541.2027821806588
PPA1,1532.6191444006513
PPA2,528.3805691010507
PPARA,2.2591792119223526
PPAT,12.902970915589972
PPCDC,2.9483673567437854
PPCS,146.31953547235565
PPEF1,0.04760940837401006
PPEF2,0.0475767992202525
PPIA,188.33074522036364
PPIAL4A,0.3354345050980549
PPIAL4C,0.3354345050980549
PPIAL4E,0.025907425843737966
PPIAL4G,9.699587288806175
PPIB,6029.705679186407
PPIC,57.26424225782536
PPID,860.9924088076817
PPIE,10.929553383383587
PPIF,236.1764804216203
PPIG,20.894387493294488
PPIH,1298.6609220549797
PPIL1,141.5438395702557
PPIL2,1.1630055567861746
PPIL3,74.51788120026677
PPIL4,4.2531740165851994
PPIL6,0.41652977143026515
PPIP5K1,2.5871387516124655
PPIP5K2,5.622887348186034
PPM1A,1.6042644370334798
PPM1B,18.96062755063698
PPM1D,3.102578607958061
PPM1E,0.004003611002308818
PPM1F,11.937588127380641
PPM1G,41.76657442742336
PPM1K,1.292330605032508
PPM1M,7.861710934622723
PPOX,5.602335247267022
PPP1CA,548.8394593351245
PPP1CB,427.04161776510585
PPP1CC,159.99668631230307
PPP1R1A,1.0273924535633505
PPP1R1B,50.408730026077386
PPP1R2,54.7400028107157
PPP1R3A,0.06646892507772041
PPP1R3B,15.240993450909075
PPP1R3C,0.02727357213172616
PPP2CA,288.6271486215997
PPP2CB,98.93037129963103
PPP2R1A,1123.3413047611516
PPP2R1B,24.283349107085527
PPP2R2A,180.51233530420518
PPP2R2B,0.015138575438936668
PPP2R2C,35.61138228478456
PPP2R3A,1.6656676190858104
PPP2R3B,0.3482939657501911
PPP3CA,852.129236410244
PPP3CB,22.499716595649105
PPP3CC,4.859536541322921
PPP3R1,317.3508620728181
PPP3R2,2.4370537589271226
PPP4C,169.32647463464366
PPP5C,39.14185195449515
PPP6C,181.85174049639912
PPT1,9.71614136881382
PPT2,0.30961272172070564
PPWD1,14.548447020979205
PRAG1,0.3354345050980549
PRDX1,27830.650683453885
PRDX2,9125.698548809574
PRDX3,264.33976635568956
PRDX6,1377.8375197754337
PREP,158.3192757751495
PRKAA1,23.079290563203998
PRKAA2,0.3435317249131713
PRKAB2,1.2612390244257223
PRKACA,540.8554204629564
PRKACB,25.48525662833916
PRKACG,0.0026593398577735056
PRKAG2,6.074313345483461
PRKAR1A,34.62497670956422
PRKAR1B,8.04249693172202
PRKAR2A,16.047479305891358
PRKAR2B,17.2355852837326
PRKCA,5.7049438600314835
PRKCB,0.20499875265836254
PRKCD,4.198362794338052
PRKCE,0.4151357461534818
PRKCG,0.020736807822195967
PRKCH,6.6483000994012915
PRKCI,6.826180635531519
PRKCQ,2.10165082195867
PRKCSH,977.0667313450355
PRKCZ,7.472527378359528
PRKD1,0.23880832623765055
PRKD2,29.998316243257747
PRKD3,12.273173436801997
PRKDC,2.6118008126975685
PRKG1,0.09090831499023783
PRKG2,0.07448328038622605
PRKN,0.21524163632635238
PRKX,8.275017727323107
PRKY,0.06442671249597778
PRODH,6.5187197982784415
PRODH2,0.0009341106930598645
PRPF19,583.1601014612106
PRPF4,285.604288960037
PRPF4B,26.322917511594476
PRPS1,457.08480489220926
PRPS1L1,4.442936641889775
PRPS2,83.67269881410328
PRRT2,0.17046905270466428
PSAP,73.07317756029639
PSAT1,599.4110195314092
PSKH1,8.08669215989339
PSKH2,0.0015704068353545343
PSPH,1258.0338603757573
PSPHP1,0.3354345050980549
PTDSS1,54.93543742695768
PTDSS2,14.853926384971823
PTEN,7.718469367683688
PTGDS,21.070198282674063
PTGES,38.557166874849
PTGES2,89.81131205516641
PTGES3,6931.214892251052
PTGIS,5.481216705703112
PTGR1,732.631142180301
PTGS1,4.701311338990629
PTGS2,58.82384680292351
PTK2,5.025200151548634
PTK2B,5.9714625808977475
PTK6,5.08410264373999
PTK7,5.800900559501084
PTP4A2,2.7291947670765078
PTP4A3,14.06285537612179
PTPDC1,0.6766854321137338
PTPMT1,21.338289311442075
PTPN1,25.165981945055364
PTPN11,19.066490682141044
PTPN12,11.293346440734021
PTPN13,2.526597519615736
PTPN14,1.2227214632389078
PTPN18,11.251869774633459
PTPN2,11.840340172552265
PTPN21,0.8886780738005735
PTPN22,7.278338658563619
PTPN23,13.78910618043021
PTPN3,6.278711152986026
PTPN4,2.8648988966176163
PTPN5,0.0018137138453548987
PTPN6,27.134515930544364
PTPN7,0.8736764251373487
PTPN9,0.8426681216046561
PTPRA,0.4878854775434497
PTPRB,0.6791949601226798
PTPRC,5.303922008685363
PTPRD,0.06661853617625377
PTPRE,1.4320396453238295
PTPRF,291.9153669085268
PTPRG,3.945862722302889
PTPRH,1.9526404164620803
PTPRJ,4.256288408267482
PTPRK,26.226306930108766
PTPRM,3.1314266588905055
PTPRN,0.13084187747183312
PTPRN2,0.13362137860215192
PTPRO,0.04060445562336912
PTPRQ,0.003270975128788338
PTPRR,0.2459060105894314
PTPRS,29.2504665557258
PTPRT,0.002213344806228646
PTPRU,10.089121483123522
PTPRZ1,0.030955823944616045
PTRH1,8.644700559234892
PTRH2,1663.0513616538908
PTS,29.006916113383294
PUS1,11.657841135132536
PXDN,0.8819110389898566
PXDNL,0.04036465568304192
PXYLP1,0.3900283303635837
PYCR1,102.78937029763219
PYCR2,366.65017593604614
PYCR3,18.52640291410028
PYGB,983.0511617617663
PYGL,32.51590376630754
PYGM,0.04474224672538798
PYURF,0.6402221518630032
QARS,586.8523916402066
QDPR,689.5204253110884
QPCT,38.11911728060291
QPRT,8.651188585233887
QTRT1,56.86386327501745
QTRT2,3.0803803903498332
RAD1,1.5374772543958295
RAD18,2.0661547882302447
RAD9A,5.796284395650847
RAF1,0.39296639013752693
RAG1,0.0398817233467391
RALBP1,48.46778694825464
RARS,417.85774234467453
RARS2,19.784587936239532
RBBP6,0.26239030550974707
RBKS,3.666093237828887
RBP1,717.6419555049309
RBP2,0.003260066405713034
RBP4,0.0327949948602005
RCHY1,3.932220428672057
RCL1,10.090315348124552
RDH10,180.99603647227337
RDH11,578.8334447886348
RDH12,2.4802007848559957
RDH13,4.751054012358931
RDH14,1.1004551949720391
RDH16,0.09639797609140936
RDH5,1.732776725985728
RDH8,0.0009059461955773686
REG3A,15.598236131061894
RENBP,1.0482843158257906
RET,0.020098460381991125
REV3L,11.27614366928599
RFC5,44.927864068853715
RFK,46.964219983601154
RFWD3,13.476895256446298
RGL1,5.148815739890193
RHAG,0.3012257575781964
RHBG,0.023412776667571224
RHCG,298.333535281099
RING1,3.6118594190269175
RIOK1,0.9496454572516319
RIOK2,0.19611110101872614
RIOK3,21.46298105806829
RIPK1,7.0472862961169245
RIPK2,3.074665628472742
RIPK3,8.138199785222533
RIPK4,12.327112314869856
RIPOR1,1.8350848174091228
RNF103,4.71267677329234
RNF115,13.92967261980756
RNF123,14.810091372050067
RNF125,0.6746686943760405
RNF126,23.82816408884468
RNF128,0.02146535292005174
RNF13,12.096393536412506
RNF130,63.78496959782786
RNF133,0.0011533423952235714
RNF138,7.66912023022427
RNF139,9.113652075449929
RNF14,10.304383488655288
RNF144A,5.051982969957801
RNF144B,39.33228482829641
RNF146,10.804866108043973
RNF149,50.09620212261306
RNF152,0.8377209544389879
RNF167,150.65223525964274
RNF180,0.6315380809269717
RNF182,0.13151977287308636
RNF185,11.194019038119142
RNF187,82.74029326071906
RNF19A,12.132452336288349
RNF19B,30.867391647913557
RNF2,9.532317143709433
RNF20,2.4559066197861097
RNF216,10.771944131749017
RNF217,2.0246674304613097
RNF25,18.311456919025268
RNF31,19.828931322304268
RNF40,2.8495187490404876
RNF41,9.030104095235975
RNF5,0.09013082658543353
RNF8,3.2402862398201817
RNGTT,4.783530067014102
RNMT,29.06760947560041
ROCK1,6.300571750953986
ROCK2,8.597087390773815
ROR1,0.21485435102861314
ROR2,0.16471066376427826
RORA,0.5635661526322964
ROS1,0.011314208081927173
RPAP2,3.0979317317320225
RPE,76.05739830466652
RPE65,0.0183683287618841
RPIA,56.51593592378982
RPL14,1479.3323657475548
RPN1,2192.9483298731916
RPN2,1158.0970415991176
RPP14,37.23164800809454
RPS6KA1,91.12432782763862
RPS6KA2,3.272433511933326
RPS6KA3,1.401554275021806
RPS6KA4,0.9010748855396873
RPS6KA5,1.5175780493832303
RPS6KA6,0.006265752201766831
RPS6KB1,2.1244362130838863
RPS6KB2,38.373142554161376
RPS6KC1,0.3335883870831745
RPUSD4,1.2172626570936012
RRM1,58.819090122182345
RRM2,31.086207706624805
RRM2B,7.22801977462648
RTCA,1.6973780629584712
RWDD2A,3.58927225442056
RXRA,7.836107008478027
RYK,20.75041919198794
SACM1L,16.374888876701043
SAE1,367.9108124985843
SAP130,0.8837114802442937
SARDH,0.310591388003915
SARS,152.73867827611562
SARS2,21.268979864874186
SAT1,7925.313163660295
SAT2,60.254985965951576
SBK1,8.619081543857002
SC5D,1.7142905425756392
SCARB1,15.17674734352563
SCARF2,1.0085306929766988
SCD,238.12645114822905
SCD5,7.044833635908078
SCLY,0.0234680349228412
SCP2,310.28124627523664
SDC1,53.386903545128774
SDHA,226.09616826924045
SDHB,347.62543210197765
SDHC,9.196842531342442
SDHD,2.3708333107800983
SDR16C5,1.083761843235447
SDR42E1,0.008520358602785348
SDR42E2,0.3354345050980549
SDR9C7,4.120174821572282
SDS,4.601259606581365
SDSL,19.565260534244278
SEC11A,510.80974380962147
SEC11C,12.31536805863447
SELENOI,0.1784505883933933
SEPHS1,649.365170963862
SEPHS2,73.8694588474529
SERPINA1,1504.8066043199271
SERPINA3,2107.4417121698984
SETD1A,0.27667282162800044
SETD1B,7.765738733930523
SETD2,0.05606221352141114
SETD5,30.16543086269587
SETD7,3.3779701834690368
SETDB1,0.3389514465805796
SETDB2,1.2220028975188457
SETMAR,7.223181068999055
SFXN3,912.5338657891238
SGK1,25.60402164508531
SGK2,2.4521307687659046
SGK3,0.004182917238401264
SGMS1,13.672479582352617
SGMS2,3.186123629970838
SGPL1,77.71058972431797
SGPP1,2.270063674576429
SGPP2,41.378149694437
SGSH,21.338382268599197
SH3RF1,14.352654473570677
SH3RF2,5.340686511636402
SH3RF3,0.8469882929241549
SHMT1,225.24946960561752
SHMT2,953.2287280352076
SHPK,5.382033680357734
SHPRH,0.353489257316262
SI,0.00015582425848698335
SIAE,35.26231321109876
SIAH1,5.885621426810368
SIAH2,22.044355036767715
SIK2,6.3647020580453475
SIK3,2.3574502777080246
SIN3A,7.039191675275128
SIN3B,0.10663752902365826
SIRT1,6.407767472570873
SIRT2,14.503049534743106
SIRT3,10.021787058442078
SIRT5,1.9386144830263454
SIRT6,13.759316492805956
SIRT7,29.30702894814875
SLC10A1,0.0025682999065925628
SLC10A2,0.058748703153154044
SLC10A6,0.3404364107250159
SLC11A1,0.9759726358879042
SLC11A2,26.965630702456767
SLC12A1,0.037716312659472194
SLC12A2,7.701659476175294
SLC12A3,0.006340004965390495
SLC12A4,0.2511823353744455
SLC12A5,0.010548252268788652
SLC12A6,0.06490591445975065
SLC12A7,3.126716615600414
SLC13A1,1.3898493503991496
SLC13A2,0.026237806756121924
SLC13A3,0.025941760044958552
SLC13A4,0.029048858558573594
SLC13A5,0.024348761591986363
SLC14A1,0.04975461178331144
SLC14A2,0.00292941309279448
SLC15A1,0.5030440603968841
SLC15A2,1.695758252229711
SLC15A3,20.885149397126494
SLC15A4,13.469350274205704
SLC16A1,10.873850956061352
SLC16A10,0.18233369039586567
SLC16A2,0.9245356888332198
SLC16A3,89.0380212381605
SLC16A7,0.026628747636680574
SLC16A8,0.2806591482040926
SLC17A1,0.06505057075080632
SLC17A2,0.014797084619435076
SLC17A3,0.000840569250918499
SLC17A4,0.0003198697384181944
SLC17A5,8.84743837387697
SLC17A6,0.00028364799885505904
SLC17A7,0.016935611782576243
SLC17A8,0.023326127399307364
SLC18A1,0.010658750464133289
SLC18A2,22.78727997155394
SLC18A3,0.01823414142366586
SLC19A1,9.828805170064577
SLC19A2,2.5546371280640012
SLC19A3,0.04938073134280138
SLC1A1,0.7690261441888294
SLC1A2,0.05586894302995974
SLC1A3,4.658294251209724
SLC1A4,1.9869837060461895
SLC1A5,49.75777958400501
SLC1A6,0.002385776982653209
SLC1A7,0.007430337224698825
SLC20A1,41.98083397613545
SLC20A2,81.31061111192366
SLC22A1,0.08367004274690731
SLC22A10,0.0005121073304378658
SLC22A11,0.17325490555731354
SLC22A12,1.368484858340572
SLC22A13,0.0024099987552953592
SLC22A16,0.01608187863589278
SLC22A18,35.21438815237723
SLC22A2,0.002474849357350152
SLC22A3,0.00693479694097787
SLC22A4,0.6444371907056622
SLC22A5,3.8986502422147056
SLC22A6,0.3332262579895881
SLC22A7,0.3754031874781076
SLC22A8,0.6796964855365107
SLC22A9,0.11807453767167743
SLC23A1,0.2749906675172839
SLC23A2,1.2491139335118069
SLC24A1,1.3619840211188368
SLC24A2,0.00031821513388240066
SLC24A3,0.37045999870859264
SLC24A4,0.008746850151224969
SLC25A1,491.4723454827231
SLC25A10,92.44771124425634
SLC25A11,1029.9357582942125
SLC25A12,129.25613795780654
SLC25A13,457.9519569357926
SLC25A14,2.8808608782272573
SLC25A15,5.4128947033751285
SLC25A16,1.6134714462223163
SLC25A17,11.352860425911505
SLC25A18,0.07738869767376255
SLC25A19,2.3232202134384283
SLC25A2,0.05784215130086705
SLC25A20,4.659880843995633
SLC25A21,0.16233389977600163
SLC25A22,14.53318407705309
SLC25A26,6.44113260641519
SLC25A27,0.17756052560461183
SLC25A28,30.876853901975977
SLC25A29,29.12018056215885
SLC25A3,1785.8405532382276
SLC25A37,10.579537315990454
SLC25A4,174.84100060255997
SLC25A5,4386.510063837694
SLC25A6,89.2047998255236
SLC26A1,0.21566542809413236
SLC26A11,6.0453443500126705
SLC26A2,13.86908270416145
SLC26A3,0.16226921407916228
SLC26A4,0.02898107254469259
SLC26A6,6.374984888421005
SLC26A7,0.3092269859945503
SLC26A8,0.00921607761978802
SLC26A9,0.44773232388209966
SLC27A1,1.7599024180952845
SLC27A2,10.520583171897242
SLC27A3,6.224126870950105
SLC27A4,6.2502565608342815
SLC27A5,0.3430982413531525
SLC27A6,0.2458975390552553
SLC28A1,0.026399320417972237
SLC28A2,0.04703887592554214
SLC28A3,2.153226738628969
SLC29A1,28.018714757781062
SLC29A2,9.36636755186747
SLC29A3,2.2147575226561598
SLC29A4,5.682969423763336
SLC2A1,156.6066438925393
SLC2A10,1.954526539298666
SLC2A11,1.0837505618293604
SLC2A12,0.37802803866373746
SLC2A13,0.4147029810649877
SLC2A14,0.13354374924156406
SLC2A2,0.00034107382070853857
SLC2A3,19.027743726281102
SLC2A4,0.03931155083466366
SLC2A5,0.8123686171992959
SLC2A6,2.107489176692235
SLC2A7,0.0027862447440303545
SLC2A8,10.125439741886533
SLC2A9,2.5612159743593974
SLC30A1,17.467454264569103
SLC30A6,6.446763744912083
SLC30A7,21.76836689803737
SLC31A1,19.813780151336932
SLC32A1,1.4740945089441455
SLC33A1,1187.4866541789158
SLC34A1,0.002363565012394124
SLC34A2,117.11425788061834
SLC34A3,0.12096761679507816
SLC35A1,16.181240558396564
SLC35A2,20.47843998024455
SLC35A3,12.110728931255876
SLC35B2,1.8794700750947193
SLC35B4,0.9481648343925893
SLC35C1,13.352750781746876
SLC35D1,2.5297466469121384
SLC35D2,19.23070697501395
SLC36A1,1.6065653116225769
SLC36A2,0.07419499914014951
SLC36A4,0.9653814060268323
SLC37A1,30.692121282918517
SLC37A4,22.979736729820505
SLC38A1,13.145068983929862
SLC38A2,78.87391983508759
SLC38A3,1.7051109376478228
SLC38A4,0.07090626971313378
SLC38A5,0.2680196434833358
SLC39A7,9.218754865023215
SLC3A1,0.19809648878382527
SLC3A2,141.92839972753433
SLC40A1,226.87937301466945
SLC41A1,7.340994225035328
SLC41A2,4.235864667373577
SLC43A1,1.5599472563756447
SLC43A2,8.87287669759283
SLC46A1,0.11827197120207741
SLC47A1,8.27000659752404
SLC47A2,0.010463392583759562
SLC4A1,0.0005406138962612879
SLC4A10,0.004141502571463628
SLC4A2,26.040384718962404
SLC4A3,0.22034280608226256
SLC4A4,0.15784730674837055
SLC4A5,0.8560352599953107
SLC4A7,0.751580103396525
SLC4A8,0.1830782223875985
SLC4A9,0.004518538720175562
SLC51A,0.15730939956507933
SLC51B,0.1317954273752661
SLC52A1,0.11277172956640528
SLC52A2,0.09357936368667576
SLC52A3,0.28454763876001143
SLC5A1,7.217395581377967
SLC5A10,3.446821810941465
SLC5A11,0.019000640801050007
SLC5A12,0.42464673261698827
SLC5A2,0.01762192816251976
SLC5A3,5.6492374968346155
SLC5A5,0.0008537890464352608
SLC5A6,19.597403356075468
SLC5A7,0.0005125262796456181
SLC5A8,0.3418527760399266
SLC5A9,0.138818461941593
SLC6A1,0.02023366573265634
SLC6A10P,0.03291147047877192
SLC6A11,0.0007342295968155834
SLC6A12,4.00243223751728
SLC6A13,0.01002988951159611
SLC6A14,79.91463250359669
SLC6A18,0.020564936803086797
SLC6A19,0.1185497404542115
SLC6A2,0.26028806026467843
SLC6A20,5.550029759084353
SLC6A3,0.0002824349646840063
SLC6A4,0.004280328366115233
SLC6A5,0.10319845039380167
SLC6A6,2.806792957354601
SLC6A7,0.000802036493639279
SLC6A8,5.249432664706032
SLC6A9,2.0671998551458453
SLC7A1,31.34091086951071
SLC7A10,0.0007581585717357321
SLC7A11,14.480746688613902
SLC7A2,9.240052607069968
SLC7A3,0.20919497237950246
SLC7A5,10.958399835227377
SLC7A6,2.9519415643273685
SLC7A7,2.0028303870499133
SLC7A8,14.804904519210234
SLC7A9,0.05730811985113108
SLC8A1,0.4514227946882009
SLC8A2,0.06251965521712612
SLC8A3,0.0016386779714161926
SLC8B1,0.13932836983899105
SLC9A1,35.17881952298121
SLC9A2,4.976575502423928
SLC9A3,0.044475235440470176
SLC9A4,0.7382012530929114
SLC9A5,0.15461214604378665
SLC9A7,1.4262095744365844
SLC9A8,1.6269137528288462
SLCO1A2,0.00028228396015877284
SLCO1B1,0.0004580601771900958
SLCO1B3,0.020083043995341502
SLCO1C1,0.0039842169451185
SLCO2A1,7.12326331006563
SLCO2B1,0.8874190556032384
SLCO3A1,1.4041610311740076
SLCO4A1,9.548387386621387
SLK,37.22559947652728
SMARCD3,5.453907605772202
SMG1,0.8317344893976453
SMPD1,8.909119538029982
SMPD2,7.801253067796722
SMPD3,0.6781630264199755
SMPD4,8.809043266920957
SMS,202.03019122822073
SMURF1,7.897257003619053
SMURF2,5.824352908678625
SMYD3,12.200044921616099
SNRK,9.428862152862942
SOAT1,7.44049749873054
SOAT2,0.0006938131783894796
SOD1,2700.1483557495953
SOD2,925.4469546501913
SOD3,11.8696781476863
SORD,17.286729638575046
SPCS1,224.64241780857
SPCS2,177.3085553800642
SPCS3,391.1007889662735
SPEG,0.09201317175171987
SPHK1,2.266755249393505
SPHK2,1.4603057287530719
SPR,339.7494618718871
SPRYD3,34.30259777882779
SPTLC1,46.02207404901961
SPTLC2,5.193300227661296
SPTLC3,2.8526975585635332
SQLE,0.36376784580206806
SRC,14.041632828932096
SRD5A1,6.361265243522654
SRD5A2,0.015907858124329967
SRD5A3,27.19007393314104
SREBF1,100.81146869611021
SRM,590.7116749102964
SRMS,1.0048946995816124
SRPK1,15.133935893806791
SRPK2,39.99605824975254
SRPK3,0.10680271346371845
SSH1,5.809152949211776
SSH2,1.4506883653914848
SSH3,30.836826971084655
SSR4,1586.6742955194852
SSU72,196.42470014601088
ST3GAL1,11.896045970276985
ST3GAL2,6.449351532187902
ST3GAL3,1.592871894382498
ST3GAL4,9.22899319621809
ST3GAL5,1.6713086573278406
ST3GAL6,0.16539190021973915
ST6GAL1,11.522049253748653
ST6GALNAC1,6.966656969326143
ST6GALNAC2,22.292552543373247
ST6GALNAC3,0.48078176005290313
ST6GALNAC4,10.817690510241688
ST6GALNAC5,0.27105417347003835
ST6GALNAC6,11.669858555770862
ST8SIA1,0.032672597946644115
ST8SIA4,0.4319325822139644
ST8SIA5,0.010877724220225237
STAMBP,14.02097512003311
STAMBPL1,1.9381629642789209
STARD3,22.964084489416273
STK10,0.44079461326443303
STK11,26.985424114500226
STK16,1.4228835976223813
STK17A,14.764316677513424
STK17B,4.761323537642584
STK19,1.0401326535027273
STK24,114.11635315527704
STK25,6.297069848058712
STK26,0.629690691282171
STK3,17.181839099168414
STK31,0.037334252773660356
STK32A,0.16195493021668841
STK32B,0.9817405845869934
STK32C,0.24524119093970903
STK33,0.38937059109758376
STK35,9.814334939340192
STK36,4.190013468852686
STK38,13.15907785596519
STK38L,10.983929079560943
STK39,23.504734687741568
STK4,1.5699070262519947
STRA6,37.802381045744255
STS,2.2601106015095196
STT3A,34.43471646060577
STT3B,142.2510923386099
STUB1,35.319641741607796
STYK1,1.4131398998872808
STYXL1,55.11576974328243
SUCLA2,150.63249763671095
SUCLG1,363.9491639362843
SUCLG2,566.7625292739907
SULT1A1,1.7420403797892656
SULT1A2,0.9378329043502069
SULT1A3,3.7503041530200782
SULT1B1,0.016329456947080205
SULT1C2,0.4596647910474877
SULT1C4,1.2188583712005128
SULT1E1,0.2745653364937605
SULT2A1,3.553854432798619
SULT2B1,94.6454474593413
SULT4A1,0.03385570143962583
SUOX,17.48661778596098
SUV39H1,3.9530312215508023
SUV39H2,3.343878728145524
SYK,7.515734868427875
SYNJ1,0.012837850028464342
SYNJ2,0.07021212273734016
SYVN1,0.8261744965516207
TAF1,2.213412395104422
TALDO1,751.2284535313686
TAOK1,2.84599732527084
TAOK2,11.180719284105445
TAOK3,4.777331234796333
TARS,525.4785753622991
TARS2,1.4645300732926254
TARSL2,3.4708101516057206
TAT,0.013441310480138703
TBCB,108.78925882822152
TBK1,1.3765971279311662
TBL1X,14.33671925928041
TBL1XR1,13.752444671469503
TBXAS1,1.3669944547120647
TCIRG1,44.72360979195913
TDO2,0.40504416086361583
TECR,220.6045384372883
TECRL,0.11400593534832566
TENT2,0.15316461371698084
TENT4A,0.45357387630786017
TESK1,28.93214814453387
TESK2,1.1136329980959994
TFRC,275.69267377472835
TGDS,5.179805309277134
TGFBR1,6.856331362595644
TGFBR2,18.859183816674236
TGM1,7.641026888155831
TGM2,143.13231403445806
TGM3,90.43447974967935
TGM4,0.8030397362335248
TGM5,0.8376310513810492
TGM6,0.6741037967669192
TGM7,0.031688923832960486
TGS1,6.071854770628307
TH,0.02843413852259623
THNSL1,2.6198290294147277
THTPA,6.393367949465624
TIAM2,0.05402045632818805
TICRR,0.05167590734814967
TIPARP,4.6128717363730125
TK1,192.98154328013695
TK2,4.9597155050003225
TKFC,17.655218887752373
TKT,346.29273262224234
TKTL1,0.0020241884795110477
TKTL2,0.3040568295727089
TLK1,11.033101980117882
TLK2,0.17106978187785346
TM7SF2,54.139802952896474
TMEM91,1.9882838132022165
TMLHE,5.463402650520028
TMX3,9.799406084830279
TNFRSF21,97.48789961354983
TNIK,0.19910169102290487
TNK1,8.833741895737168
TNK2,7.050502177085367
TNKS,7.421961819512145
TNKS2,5.716408681117156
TNNI3K,0.3354345050980549
TNS2,1.434061794943761
TOPORS,5.651364084142297
TP53RK,4.97091860568653
TPH1,0.05985552572141113
TPH2,0.0005784207435467911
TPI1,14589.92629195578
TPI1P2,23.249132588126592
TPK1,0.450691693541776
TPMT,13.98301757868276
TPO,0.0003864574906680543
TPP1,94.04590879772488
TPSAB1,5.846058911225517
TPSB2,4.802204920443422
TPSD1,0.11749965079279923
TPST1,3.8769230345727164
TPST2,94.98516884285276
TPTE,0.00064402908798807
TPTE2,0.0030686000859294223
TRAF7,48.775716936230516
TRDMT1,0.30002546509781136
TREH,0.2898382836797297
TREX1,6.009449102744757
TREX2,0.7496091751763069
TRHDE,0.0032205958301771477
TRIB3,5.8636769790448895
TRIM11,13.981387101100289
TRIM32,1.8838159003881834
TRIM33,5.222824344325122
TRIM63,0.5828185949801588
TRIO,0.697068336639364
TRIP12,16.390452525586145
TRIT1,13.571636516040137
TRMT1,5.341028182075502
TRMT11,8.248064732985494
TRMT1L,2.708217472354609
TRMU,7.4531620816664805
TRPM6,0.03855951351416747
TRPM7,2.947929342148429
TSSK1B,0.0014283032751550493
TSSK2,0.0231714118888251
TSSK3,0.40068497593521923
TSSK4,0.16840917907086966
TSSK6,0.3774421841954539
TST,112.71848978442091
TSTA3,365.17121539120944
TTC3,18.333354223950714
TTK,0.33027700751920436
TTL,1.0524691795664591
TTLL10,0.020727511270570213
TTN,0.008788295045881231
TUSC3,4.722501113899321
TUT1,0.42335411133840284
TUT4,0.6950417161591614
TUT7,0.1907089895411479
TXN,2892.444060432952
TXN2,47.41534542170559
TXNRD1,210.17897104876184
TXNRD2,13.881930934056117
TXNRD3,1.0943377729147667
TYMP,90.72351072885579
TYMS,105.44219755118664
TYR,0.1046323172264974
TYRO3,1.5810673179839247
TYRP1,0.04698152432988708
UAP1,46.89828377343197
UAP1L1,6.054433157474165
UBA1,1363.2117370809801
UBA2,102.51242278413275
UBA3,78.85874615991214
UBA6,96.69593484821058
UBA7,34.332883067609785
UBE2A,61.863009048562496
UBE2B,35.783846973520824
UBE2C,20.453266499406013
UBE2D1,9.784329172834214
UBE2D2,46.800818480034195
UBE2D3,1288.9884545407403
UBE2D4,2.553874151156876
UBE2E1,69.13687268210916
UBE2E2,1.1093895514063792
UBE2E3,18.827633392768405
UBE2F,1.2800995823152828
UBE2G1,20.395426217766417
UBE2G2,6.1602965377397965
UBE2H,506.46436004647995
UBE2I,1429.7570255783858
UBE2J1,13.605891793499374
UBE2J2,21.29902990455345
UBE2K,805.7943712874326
UBE2L3,1210.734664770124
UBE2L6,98.40352698816815
UBE2M,105.98356789800376
UBE2N,65.68554357185005
UBE2NL,26.494867006574168
UBE2O,13.453779206308495
UBE2Q1,6.731471073508073
UBE2Q2,1.980921521519929
UBE2QL1,0.07717744163489866
UBE2R2,19.02128044603869
UBE2S,19.814846513037065
UBE2T,10.331474002863267
UBE2U,0.023784263818109993
UBE2W,6.927159818306441
UBE2Z,118.20307272743607
UBE3A,29.970049033645818
UBE3B,9.258562821989885
UBE3C,6.329373672392169
UBE4A,0.9180578050357466
UBE4B,3.7768688270942468
UBLCP1,94.98075550492123
UBR1,0.8990449506705355
UBR2,2.4934911218952727
UBR3,0.036026838117683375
UBR4,7.6911565597947735
UBR5,0.5057963621459286
UBR7,14.253349138076457
UCK1,12.08501502535771
UCK2,3.6257920344384678
UCKL1,18.45384778866621
UCP1,0.00900988496919643
UCP2,376.01312048076176
UCP3,0.0901683939130357
UEVLD,4.39242974287449
UGCG,11.380068808402038
UGDH,144.60887233677119
UGGT2,3.74542854908675
UGP2,1459.5694768900285
UGT1A1,0.5818457107151666
UGT1A10,0.14272264379251745
UGT1A3,1.0114790584917612
UGT1A4,0.0951329295757727
UGT1A5,0.4044927492424471
UGT1A6,0.0950847429507259
UGT1A7,0.817507176308654
UGT1A8,0.1293154038699776
UGT1A9,0.11549856641655931
UGT2A1,0.3354345050980549
UGT2A3,0.00015152795148583808
UGT2B10,0.00026462158736915726
UGT2B11,0.23720441855058141
UGT2B15,0.00023258948725889415
UGT2B17,0.0018333730894191968
UGT2B28,0.0021802632752697744
UGT2B4,0.7544150219594951
UGT2B7,0.319219985045186
UGT3A1,0.12021469926971337
UGT3A2,0.22982451843527524
UGT8,0.6186063550001463
UHMK1,16.66568630692106
UHRF1,1.7267154490929157
UHRF2,9.390107547386487
ULK1,12.74228254574977
ULK3,28.190621646090037
ULK4,0.3762593423398249
UMPS,124.97821776913534
UPB1,0.004870939882763865
UPP1,10.862161074898395
UPP2,0.011138963082288756
UPRT,2.282642749278956
UQCR10,48.95651540883774
UQCR11,120.26254475385596
UQCRB,37.019745173350856
UQCRC1,2417.4870611616707
UQCRC2,3563.797717470796
UQCRFS1,264.5627208969836
UQCRH,33.9326023843259
UQCRQ,79.12876065537328
UROC1,0.009833581351714712
UROD,44.49756889283137
UROS,30.188886805657035
USP1,30.655701761758166
USP10,6.886254802311335
USP11,56.08406235137783
USP12,8.548795333716795
USP13,1.0079739902195333
USP14,123.40492682675611
USP15,2.9691079170923476
USP16,20.676053870250282
USP17L2,0.7544524097088302
USP17L22,0.04998256910149056
USP17L30,0.050968258904732194
USP17L5,0.050968258904732194
USP17L9P,0.3354345050980549
USP18,16.506049674612058
USP19,1.1823680264963696
USP2,0.28463638667518887
USP20,7.007193099405319
USP21,11.793862288923407
USP22,80.21166416302033
USP24,1.35131609516097
USP25,0.12819573193911374
USP26,0.002131705802789138
USP28,8.54697722914547
USP29,0.08228852752006045
USP3,1.6448842120341638
USP30,0.13037693157068245
USP31,0.46412051087458994
USP32,0.47963284890873514
USP33,14.908511603941772
USP34,16.206659100086053
USP35,0.27264703316927974
USP36,6.0337028024379755
USP37,2.4919005699110968
USP38,9.581681960737331
USP4,1.7996331604607254
USP40,0.36478533168083593
USP41,0.01834435481333142
USP42,3.0796919108306513
USP43,5.494445433474885
USP44,0.002288996544214932
USP45,0.39770588633720894
USP46,1.6031590321886722
USP47,2.9188979848992473
USP48,0.48482618010639805
USP49,0.05812969423066074
USP51,0.22037122263351072
USP6,0.032748005916012006
USP7,39.92872701369938
USP8,0.6272767685020249
USP9X,11.011116868563757
USP9Y,7.587465232362329e-05
UST,0.2940110008270917
UXS1,43.0162219402163
VARS,44.62500521199648
VARS2,10.759401800121326
VKORC1,134.71012641561362
VNN1,0.06275243170820409
VNN2,0.11774230218146259
VNN3,0.07962321768085219
VRK1,86.09435788837324
VRK2,4.951568459910341
VRK3,18.387107598456875
WARS,2784.8584044243726
WARS2,18.977538854627056
WDYHV1,9.368779402305654
WEE1,36.326486790497924
WEE2,0.0010619190187862511
WNK1,2.3852391371524013
WNK2,3.285518988116647
WNK3,0.019963923718147435
WNK4,0.0754219900795453
WWOX,3.514138078731509
WWP1,28.232985645342406
WWP2,0.22804760244816288
XDH,14.511920837181618
XPO6,0.3836796188263609
XPO7,31.944208918349442
XYLB,0.49096478769080004
XYLT1,0.29778179305772406
XYLT2,17.50136984440498
YARS,3552.719361510891
YARS2,32.97987705425382
YES1,38.65666815274416
ZADH2,13.25477299106016
ZAP70,1.224555077319464
ZC3HAV1,2.5794440169248425
ZNRD1,1.022635080001069
ZNRF1,15.33282792240141
ZNRF2,4.572923212041257
ZSWIM2,0.015679988656711358
