A4GALT,18.285200946962956
A4GNT,0.21321462884586356
AACS,144.95128768488607
AADAC,0.16909963489597696
AADAT,0.05920278531993119
AAK1,8.688871786166962
AANAT,0.014410836203002646
AARS,285.38214042355025
AARS2,3.602522425142897
AASDH,1.5198652360875307
AASDHPPT,7.623823493771701
AASS,0.5899517914154216
AATK,0.05350211813806483
ABAT,0.9167446998224223
ABCA1,4.196440707893106
ABCA3,0.17089555116977978
ABCA4,0.0024983087684964946
ABCA8,0.016418593943809023
ABCB1,0.3632626174994704
ABCB11,0.002717712747399258
ABCB4,0.00781932453152681
ABCB6,10.539883711281187
ABCC1,0.9044053122170541
ABCC11,0.006366375138494984
ABCC2,0.0340421287984731
ABCC3,1.8825965342470519
ABCC4,0.5185198333499466
ABCC5,3.8928114878687383
ABCC8,0.05536502372092665
ABCC9,0.031058002964961015
ABCD1,3.8206365258325334
ABCD2,0.004310956299205933
ABCD3,30.282621460193532
ABCG2,0.4168599069623713
ABCG5,0.0012711901901051345
ABCG8,0.00028420879355856954
ABHD12,18.781994114821998
ABHD5,4.365279894154176
ABHD6,1.8937224876198633
ABL1,20.880013232839968
ABL2,1.6420997358064686
ABO,30.878531800479916
ACAA1,43.15369571435076
ACAA2,2.27630982244615
ACACA,12.092162930131524
ACACB,0.060920934154130996
ACAD10,2.3389320053347227
ACAD11,0.04587606337811283
ACAD8,10.019081182808744
ACAD9,321.54163835984303
ACADL,0.00783030893601621
ACADM,7.84497926279664
ACADS,3.451809474742951
ACADSB,23.786759257723855
ACADVL,410.51724871378553
ACAT1,13.976247170963848
ACAT2,27.122684138355535
ACE,0.8304980822887024
ACE2,1.1254616319840947
ACER1,0.5390664058297228
ACER2,0.5170803870304781
ACER3,8.343978615159138
ACHE,0.05849561728160901
ACLY,36.67258457931219
ACMSD,0.0008195406936512006
ACO1,13.250551061980396
ACO2,20.11174826823475
ACOT1,0.19883944610385232
ACOT11,5.18554488461194
ACOT12,0.09846384054416166
ACOT13,3.8223581160853506
ACOT2,1.8830271808204753
ACOT4,0.1815108966952854
ACOT6,0.009586111032012986
ACOT7,74.4724278198751
ACOT8,9.601485552940067
ACOX1,3.566547051400674
ACOX2,0.4769640267068166
ACOX3,10.970096129941863
ACP1,4080.611369269871
ACP2,4.7354983700965585
ACP4,0.0036202735317779565
ACP5,46.07936646900891
ACP6,1.4532933786204179
ACP7,0.44999467512671487
ACPP,5.636324580413892
ACSBG1,0.039417493786099524
ACSBG2,0.007939576789119603
ACSF2,4.867798981305294
ACSF3,2.0641688006347696
ACSL1,17.830877144338146
ACSL3,7.426723227151316
ACSL4,3.2281494431972377
ACSL5,4.055942430480971
ACSL6,0.0009181373257186712
ACSM1,0.0019061988390393016
ACSM2A,0.00024492660892356074
ACSM2B,0.00032134823414492903
ACSM3,0.05075359261910908
ACSM4,0.0005147427948379594
ACSM5,0.00032544393289011376
ACSS1,2.0964559525739452
ACSS2,12.639350222431915
ACSS3,0.016775601244510264
ACVR1,8.68178942077602
ACVR1B,10.741875870419108
ACVR1C,0.04737125830075579
ACVR2A,0.9799354701245768
ACVR2B,0.08349115790847468
ACVRL1,1.381803948686674
ACY1,7.864713171432656
ACY3,1.9404287354161058
ACYP1,4.314672212840886
ACYP2,1.755367875937092
ADA,10.07838153881056
ADCY1,0.18322368223555005
ADCY10,0.0002775573206663516
ADCY2,0.0009898610909986544
ADCY3,5.148539423275534
ADCY4,0.5299709192849258
ADCY5,0.025841759630539758
ADCY6,0.8542531316229921
ADCY7,5.868138402617734
ADCY8,0.10844658669179806
ADCY9,1.4318313757380252
ADH1A,0.0006350466957577308
ADH1B,0.0026763803244104433
ADH1C,0.0061889093920630585
ADH4,0.0011364451890353677
ADH5,254.3801469994218
ADH6,0.0029445979497911977
ADH7,280.59109456110514
ADHFE1,0.0241013722894807
ADI1,67.82894872823923
ADK,39.447214328168364
ADO,9.008651412710995
ADPGK,41.2650252889665
ADPRH,2.9441332323509846
ADSL,360.100642973585
ADSS,116.78686340667642
ADSSL1,3.2068833840522735
AFMID,5.110635450425426
AGA,49.0345193713278
AGK,4.72479578515713
AGL,0.23862355282858153
AGMAT,0.2301850318292359
AGPAT1,0.7711603110197437
AGPAT2,136.70633968374375
AGPAT3,9.228229237476311
AGPAT4,0.3366755027019227
AGPAT5,3.1237286524461716
AGPS,18.904760381136544
AGT,0.18657341464343039
AGXT,0.0005812417360926902
AGXT2,0.07273189725255508
AHCY,5993.243758289301
AHCYL1,14.282300779951148
AHCYL2,3.7753306608150465
AICDA,0.0012369549202646743
AK1,235.43969435959596
AK2,342.5499815353806
AK3,13.040937338233393
AK4,125.02048656156401
AK5,0.001367223288479188
AK7,0.04822028499382474
AKR1A1,233.62193672653527
AKR1B1,5.890349128376061
AKR1B10,338.25926039821303
AKR1B15,2.706447579449994
AKR1C1,19.019311442267934
AKR1C2,4.242313119619207
AKR1C3,4.211216239715994
AKR1C4,0.006090357530908036
AKR1C8P,0.3354345050980549
AKR1D1,3.5763124860476507
AKR7A2,98.20543693463871
AKR7A3,0.04357203229746288
AKT1,5.6278625436492025
AKT2,1.585744135968221
AKT3,0.44093641032074393
ALAD,219.51108042384945
ALAS1,36.79112628512236
ALAS2,0.02870294262413536
ALB,0.0016777232282629614
ALDH18A1,166.6633376049809
ALDH1A1,0.9917434739801401
ALDH1A2,0.017400109335626163
ALDH1A3,22.212741414167446
ALDH1B1,1.7115360622273008
ALDH1L1,0.1508286101769607
ALDH1L2,0.042821992594131865
ALDH2,331.58336336117566
ALDH3A1,157.52456883225128
ALDH3A2,136.56281906984773
ALDH3B1,1.9246869626981036
ALDH3B2,83.97950077627063
ALDH4A1,16.858302117030956
ALDH5A1,0.7644973297114873
ALDH6A1,1.2927696517000282
ALDH7A1,5.260854694963378
ALDH9A1,909.7573850699986
ALDOA,6297.127432006877
ALDOB,0.017059566114329048
ALDOC,12.768554114886859
ALG1,1.6690650074568525
ALG10,0.3630700044944659
ALG11,0.4928178815757736
ALG12,9.426482309267888
ALG13,1.6663195262814616
ALG14,4.794100514541507
ALG1L,6.466233826569778
ALG1L2,0.001170218928491254
ALG2,91.80406258213868
ALG3,3.4711721157405075
ALG5,21.734948478832024
ALG6,2.4291310065250755
ALG8,14.917259652388234
ALG9,1.8263350884471135
ALK,0.003448526063452371
ALLC,0.09874098907430014
ALOX12,10.978119983190435
ALOX12B,2.0299094620294356
ALOX15,0.0070501611155444404
ALOX15B,17.420108630674743
ALOX5,1.697513172277533
ALPG,2.1334538652401167
ALPI,0.09522613776587274
ALPL,1.3731893152952035
ALPP,0.0017842619908955584
AMACR,20.583598272738627
AMD1,53.40454495823749
AMDHD1,0.004749000955490421
AMDHD2,2.6465605040578124
AMFR,0.27996992457547465
AMHR2,0.01881194859645041
AMN,1.2725871803540683
AMPD1,0.0003279064022054049
AMPD2,3.255472757204576
AMPD3,7.695424092061607
AMT,0.035395715329880624
AMY1A,0.00023700358195769355
AMY1B,2.6438139326066277
AMY1C,2.6438139326066277
AMY2A,0.0889939016823485
AMY2B,0.06792698836520361
ANAPC11,47.758643955694495
ANGPTL4,46.62572692100557
ANKRD1,0.0011404739384372488
ANPEP,1.1937523251691455
ANXA3,891.0851230544206
AOAH,0.37120278796348233
AOC1,0.022327631781835014
AOC2,0.0914058285575233
AOC3,0.46377044000869316
AOX1,0.18367472041992525
APOA1,0.01983179239868659
APOA2,180.33762034675766
APOA5,0.11645175048604357
APOB,7.273089779002821e-05
APOC1,6.416319756158677
APOC2,27.211319250515267
APOC3,0.007120573866416663
APOE,26.070545771649133
APRT,1250.5977527460454
AQP1,48.5193498781435
AQP10,0.8145164344112908
AQP2,0.000704313126518946
AQP3,7818.022058789551
AQP4,0.00011105852534618004
AQP5,0.1882251529888637
AQP7,0.003785258656109677
AQP8,0.003576432159549097
AQP9,0.03446876647896027
ARAF,0.7223419915525338
ARCN1,199.6400328377973
ARG1,0.007815668933976882
ARG2,13.808177484722327
ARSA,16.4848279133629
ARSB,0.5713860479464462
ART1,12.508037072622695
ART3,0.09717802223397334
ART4,0.0068424329418577965
ART5,0.025214165732571663
AS3MT,0.0003168002205175619
ASAH1,44.792876974910335
ASAH2,0.007040374158743965
ASH1L,0.0070006962393352745
ASL,201.0041005755874
ASMT,0.0566304971118221
ASNS,153.09806228005243
ASPA,0.004486817672501805
ASPG,9.047345297889752
ASPH,68.90920898204442
ASRGL1,0.0862745703669999
ASS1,289.6270046354802
ATE1,3.260980862660086
ATIC,514.0914892945804
ATM,0.20486622182569905
ATP10A,0.4808591418183566
ATP11A,1.6475781747793201
ATP11C,0.7551838175964385
ATP1A1,133.97303388980714
ATP1A2,0.004183311156940097
ATP1A3,0.05366519262958699
ATP1A4,0.0015544415018683747
ATP1B1,188.86435235605063
ATP1B2,0.08565676719989815
ATP1B3,112.19545868698849
ATP1B4,0.020317090524169256
ATP2B1,5.998707788616451
ATP2B2,0.002089924685298128
ATP2B3,0.00021193187869223215
ATP2B4,16.320722773835072
ATP4A,0.0008817178435992834
ATP4B,0.2703572249398832
ATP5F1A,124.53265572432873
ATP5F1B,167.30632217246165
ATP5F1C,21.50971022167614
ATP5F1D,155.46511749348954
ATP5F1E,125.55773209538297
ATP5MC1,4.311892001287344
ATP5MC2,2.868050998110428
ATP5MC3,5.997867959791037
ATP5ME,117.38991896387836
ATP5MF,1.481717785000078
ATP5MG,179.57272888452187
ATP5MGL,23.718922705117464
ATP5PB,5.524565248774745
ATP5PD,6.7181129554220975
ATP5PF,4.959033242795014
ATP5PO,42.13932100131758
ATP5S,0.3354345050980549
ATP6V0A1,0.9574541946636508
ATP6V0A2,0.3674377457553276
ATP6V0A4,2.518853080099144
ATP6V0B,223.20226629833184
ATP6V0C,465.0551088375449
ATP6V0D1,504.03979972010893
ATP6V0D2,0.030231210544965595
ATP6V0E1,393.48840078073243
ATP6V1A,127.00489151238209
ATP6V1B1,0.005437357646530367
ATP6V1B2,341.8836220177627
ATP6V1C1,10.099041925743988
ATP6V1C2,0.2505829603074074
ATP6V1D,74.93391244361278
ATP6V1E1,116.61683263706557
ATP6V1E2,0.48593287558724624
ATP6V1F,43.61691372478183
ATP6V1G1,62.19720563247198
ATP6V1G2,0.00017689046679698417
ATP6V1G3,0.2330917175245828
ATP6V1H,15.205572038250267
ATP7A,0.8667978910847918
ATP7B,0.09099244599837358
ATP8A1,0.0625636227019093
ATP8B1,6.752345191348938
ATP8B2,1.8031093023012834
ATR,0.029578039682551533
AUH,1.672185978041731
AURKA,0.15532468859397836
AURKB,8.809278967462655
AURKC,0.16416112312116346
AWAT1,0.0007000912352275644
AWAT2,0.0010294156346399254
AXL,0.020271198261336373
AZIN2,0.7963414524148358
B3GALNT1,0.2322978280269429
B3GALNT2,5.420662476171854
B3GALT1,0.000379341188767077
B3GALT2,0.00019044784707222579
B3GALT4,0.6935820384540917
B3GALT5,0.0005082049579337161
B3GALT6,6.136031303513057
B3GAT1,0.0033486621163973506
B3GAT2,0.18502305591754267
B3GAT3,11.525707584838914
B3GLCT,0.7866139610071975
B3GNT2,14.939036566911911
B3GNT3,24.538628755565206
B3GNT4,0.7597533496202574
B3GNT5,60.6061786828762
B3GNT6,0.19563100043375875
B3GNT7,0.5596415388380488
B3GNT8,32.030505367926935
B3GNT9,4.655437477208619
B3GNTL1,0.3853795166395367
B4GALNT1,0.12783143145850132
B4GALNT2,0.02073727205443669
B4GALNT3,15.651033196137579
B4GALNT4,0.08767934680472
B4GALT1,196.6049183299459
B4GALT2,52.25581904314191
B4GALT3,20.09553186026804
B4GALT4,20.544665114545655
B4GALT5,34.07332812737464
B4GALT6,0.3576651980543766
B4GALT7,12.685402110408708
B4GAT1,2.277812689362301
BAAT,0.005495296635169937
BARD1,0.6048997180760031
BBOX1,1.5766156334826977
BCAP31,1569.9978833001628
BCAT1,0.16568710884200794
BCAT2,8.675308005573692
BCHE,0.027304289445645648
BCKDHA,10.85212056320786
BCKDHB,0.5861483039897707
BCKDK,38.36272946469769
BCO1,0.06461878427195712
BCR,1.2699002221431281
BDH1,6.828160052660963
BDH2,0.18626333511335164
BHMT,0.0014451090492298973
BHMT2,0.024410903490409346
BIRC6,2.0954486452340335
BLK,0.020921982057240038
BLVRA,822.6726731701713
BLVRB,2060.8294606100853
BMP1,17.15767179588728
BMP2K,0.3487079917659135
BMPR1A,1.0082991258120544
BMPR1B,0.3046762406842017
BMPR2,3.35195794495967
BMX,0.06508373829900473
BPGM,23.307279562918886
BPNT1,7.75287344966313
BRAF,0.6579255886532774
BRAP,0.1787655325240063
BRPF1,3.537627268331013
BRSK1,0.06150672032141202
BRSK2,0.002172435760178732
BSCL2,0.30192153968644286
BSG,114.79054805731478
BTD,2.3475496997758962
BUB1,9.448754884840557
BUB1B,0.2156700914410992
C1GALT1,3.560608112303846
CA1,0.000653249830688025
CA12,278.22213978954045
CA13,12.683214212960008
CA14,0.03646788532702911
CA2,51.564448861035956
CA3,0.024730026344294095
CA4,0.5954040821098942
CA5A,0.08417582761312976
CA5B,0.11571765060852919
CA6,0.0007467030693327056
CA7,0.0012497634132212292
CA8,0.005384563845217942
CA9,24.71439335797029
CAD,41.70003784711671
CALM1,228.38771987613472
CAMK1,1.0438878363809818
CAMK1D,1.879605626389794
CAMK1G,0.01943660698174743
CAMK2A,0.014107560817616492
CAMK2B,0.0048055548766787306
CAMK2D,245.98561806204808
CAMK2G,5.532342603938372
CAMK4,0.5334739231807512
CAMKK1,1.0659826955361942
CAMKK2,7.067890587921989
CANT1,49.65129274486217
CARM1,15.662330895141894
CARNS1,0.004660527002710059
CARS,38.588185733808146
CARS2,9.957577917596858
CASK,8.315177012537843
CAT,27.646409357511537
CBLC,75.92477300612002
CBLL1,4.059897632956065
CBLL2,0.027434690025870352
CBR1,117.42847465881034
CBR3,327.05281752835265
CBR4,19.647196342302237
CBS,0.061843406185214944
CBSL,0.3354345050980549
CBX1,76.6081414436165
CCNB1IP1,9.98337278616774
CD36,0.0952191548629205
CD38,0.4769435699423612
CDA,406.8812799072068
CDC14A,0.05129351450221812
CDC14B,1.1371238497424538
CDC25A,2.026432210063476
CDC25B,87.95369562924658
CDC25C,1.5895227065713098
CDC34,6.243217455191974
CDC42BPA,0.19734440452467303
CDC42BPB,2.607317470278321
CDC42BPG,10.509945133357963
CDC7,1.5390483896463614
CDIPT,95.45966497261252
CDK1,19.2650855257639
CDK10,16.33601992607059
CDK11A,2.7467843883894174
CDK11B,8.26118597185367
CDK12,6.588293442122236
CDK13,8.13271083277517
CDK14,0.5506692053083907
CDK15,0.0006171320885974721
CDK16,38.44630643060914
CDK17,3.28158794970899
CDK18,9.29222863331195
CDK19,1.7201895974972399
CDK2,33.38162635779462
CDK20,0.6226024280467819
CDK3,1.5727061588340354
CDK4,14.84938846458509
CDK5,17.905501633834575
CDK6,23.916782196061845
CDK7,78.19883712202392
CDK8,3.4008856546137665
CDK9,57.35573757802557
CDKL1,0.7817930690515014
CDKL2,0.0036626730755429664
CDKL3,0.07343207561490811
CDKL4,0.0015752961598425883
CDKL5,0.23143001687102327
CDKN3,20.869758383926033
CDO1,0.001511500425549325
CDS1,12.118529247365421
CDS2,2.632292555714443
CDY1,0.256335927830294
CDY1B,0.256335927830294
CDY2A,0.04923577690024244
CDY2B,0.04923577690024244
CEL,0.09966336511499176
CEPT1,4.058145075048364
CERCAM,19.328142689720377
CERK,4.601675105382294
CERS1,0.0004961295211412748
CERS2,72.51496797997511
CERS3,38.06367999017228
CERS4,65.78948983118053
CERS5,12.433840081671212
CERS6,3.5240066669639805
CES1,0.08920555754219811
CES2,215.6632996308019
CES3,0.12402009450003826
CES5A,0.0003143013041397251
CFTR,0.01332147946084242
CH25H,0.9274237518511482
CHAT,0.0012790192135944528
CHD9,1.4527535587950833
CHDH,0.018954117535037784
CHEK1,1.3373921181738675
CHEK2,3.2982738369902016
CHFR,11.01815248933195
CHI3L1,13.873003953299834
CHIA,0.34819723870797287
CHIT1,0.012226799328458406
CHKA,0.8288216053654522
CHKB,0.03225942110295088
CHMP4A,42.11425827149924
CHPF,71.79312637312988
CHPF2,22.5465517598542
CHPT1,0.7363748335302323
CHST1,0.38874964915403837
CHST10,0.13555154932283517
CHST11,2.476235093033181
CHST12,6.88502304042771
CHST13,0.006109468454833887
CHST14,0.41329609333341905
CHST2,8.380428493225068
CHST3,7.45556533434798
CHST4,0.000917024070816303
CHST5,0.0005677769177970992
CHST6,0.08494594780550946
CHST7,0.45745563633144215
CHST8,0.01554305408491619
CHST9,0.01195543969023918
CHSY1,9.491697104685153
CHSY3,0.05843142078061675
CHUK,1.0481970553748834
CHURC1-FNTB,0.00025325373542495585
CIDEA,0.584971186539853
CINP,1.1296469533143305
CIT,2.708378731999807
CKB,104.86356255989163
CKM,0.008411739449104923
CKMT1A,24.141599957869946
CKMT1B,16.81245995453709
CKMT2,0.012057167726601956
CLC,1.416608020365395
CLCF1,1.5923275007798603
CLK1,0.4876769369388218
CLK2,6.884634372758208
CLK3,0.7286198203855832
CLK4,0.1738355797166868
CLOCK,2.2579226837074264
CLPS,0.002015298841570618
CLTRN,0.5786685643266595
CLYBL,0.1709402511286403
CMA1,0.07610110653298748
CMAHP,0.17020509015973745
CMAS,51.340469736047
CMPK1,608.4273794069632
CMPK2,5.363524311176032
CMTR1,4.115778316984253
CNDP1,0.00098126206451286
CNDP2,51.69939668421409
CNOT4,3.3040169231478713
CNP,28.326382943637785
COASY,710.9547306419895
COL4A3BP,1.5388235314607162
COLGALT1,4.827811645801103
COLGALT2,0.08819212596505183
COMT,122.56219010786579
COMTD1,767.4796827612894
COP1,0.4785008438550989
COPA,170.42900319096236
COPB1,178.83225510250324
COPB2,108.76775876476712
COPE,847.4941938370937
COPG1,189.77147350430863
COPG2,51.715777586365704
COQ2,5.758172585038903
COQ3,4.395083887736441
COQ5,1.441810202129334
COQ6,4.275124055639842
COQ7,0.1001427096184964
COX1,7.766401376158287
COX17,10.036646956064558
COX2,5.3369352212394165
COX3,0.33446363282071023
COX4I1,803.9695462450361
COX4I2,0.5181150954715639
COX5A,272.1264245712634
COX5B,474.97472421475146
COX6A1,10.778007773387786
COX6A2,2.1594511708694366
COX6B1,117.09542076551755
COX6B2,0.5914880658581613
COX6C,92.22482265099958
COX7A1,2.018864156604398
COX7A2,25.723284912268973
COX7A2L,93.9837178908389
COX7B,353.2659917886319
COX7B2,0.002630984597690058
COX7C,169.85585499069188
COX8A,1144.8793826098383
COX8C,0.002714531234577728
CP,0.010625678488472075
CPA1,2.3131739981911728
CPA2,0.021533777623398462
CPA5,0.0073807553385994585
CPA6,0.2696935524283466
CPOX,62.21189781408446
CPS1,0.1384620689922744
CPT1A,0.311529600122745
CPT1B,0.02138386210125673
CPT1C,0.300623753890806
CPT2,57.93230581959081
CRAT,1.405824438110882
CREBBP,0.0958542962859492
CRLS1,4.133104658849968
CROT,8.645837846888794
CS,3702.845025946331
CSAD,0.6117492195000637
CSF1R,5.988656108188821
CSGALNACT1,0.4283668021686616
CSGALNACT2,3.748970969830889
CSK,63.65828186268468
CSNK1A1,134.59481648498289
CSNK1A1L,0.22639233958429245
CSNK1D,60.3130569273199
CSNK1E,4.862287580659911
CSNK1G1,3.2498546118810143
CSNK1G2,42.494490463587056
CSNK1G3,4.627570519888338
CSNK2A1,273.88961528300763
CSNK2A2,259.6462201704721
CSNK2B,72.61963577075032
CTBP1,71.33332008204835
CTDP1,1.2697393673041
CTDSP1,75.04685718315599
CTDSP2,39.171199290162924
CTDSPL,4.99926404935437
CTDSPL2,0.8089356610426515
CTGF,0.3354345050980549
CTH,0.23236869383177505
CTPS1,0.2774814774265704
CTPS2,0.6555768846575295
CTSA,155.42293101465168
CTSB,606.8559823829471
CTSC,36.23368538454738
CTSD,1455.2521203388453
CTSE,0.03296035196360835
CTSF,2.843823519902024
CTSG,0.818218207207793
CTSH,33.66682397476442
CTSK,6.698926992073135
CTSL,22.309476873829027
CTSO,4.330692619764633
CTSS,8.63704383913385
CTSV,0.5139622638412911
CTSW,0.7519253022814679
CTSZ,7.095626548788521
CUBN,0.0023060912993133537
CWC27,8.938911367893336
CYB5D1,1.638530990701033
CYB5R1,208.0629695855297
CYB5R2,13.28479403869728
CYB5R3,2098.077957985833
CYBB,1.142308742206986
CYBRD1,2.275445257091656
CYC1,570.8283788576388
CYLD,2.8125544743878255
CYP11A1,0.5737468799319384
CYP11B1,0.8426372984421979
CYP11B2,0.08105018928386314
CYP17A1,0.004432370514123438
CYP19A1,0.002940036339679034
CYP1A1,0.0007724609451069044
CYP1A2,4.881250664873969
CYP1B1,0.3160350745485448
CYP21A2,0.00012067702206909951
CYP24A1,8.193297882380666
CYP26A1,0.09617622446888627
CYP26B1,13.5028155440744
CYP27A1,0.41747121575200746
CYP27B1,4.909643967053137
CYP2A13,0.04638837469548625
CYP2A6,0.0005061910283362759
CYP2A7,0.05996477628878289
CYP2B6,0.00023510473218841862
CYP2C18,38.637509779339034
CYP2C19,0.12149757436867464
CYP2C8,0.03152605553112273
CYP2C9,0.22716884267834103
CYP2D6,0.09609111883048092
CYP2E1,12.691566700261863
CYP2F1,0.0033537939795777326
CYP2J2,3.7446117614225516
CYP2S1,73.06745317908116
CYP2U1,0.19784598333303322
CYP39A1,0.26786875508442853
CYP3A4,0.004050823737400613
CYP3A43,0.002639480485933931
CYP3A5,4.594817862987835
CYP3A7,0.15747794336040138
CYP46A1,0.07764316586229611
CYP4A11,0.00030196704555859595
CYP4B1,3.357648649179948
CYP4F11,3.0307073740477977
CYP4F12,3.891742573903272
CYP4F2,0.016288979860328064
CYP4F22,9.127861955550781
CYP4F3,1.2138615668391655
CYP4F8,0.005573592801367568
CYP4V2,0.8591842002373337
CYP4X1,1.7207027161095225
CYP4Z1,0.012993922319051112
CYP51A1,90.33165736889416
CYP7A1,0.015615087844251259
CYP7B1,0.6360988497566165
CYP8B1,0.0015571946943166632
CYTB,10.283962318241796
DAD1,691.2044743010242
DAGLA,0.2066487417675781
DAGLB,8.125408827794528
DAO,0.0005822608954109942
DAPK1,0.4592049603634055
DAPK2,1.733299040096554
DAPK3,7.320968612482767
DARS,3120.6875959633953
DARS2,6.616965306956266
DBH,0.003318151678413085
DBI,183.04991321060388
DBT,0.973477265779421
DCK,6.078266208204239
DCLK1,0.9289645705301179
DCLK2,0.14457333951572035
DCT,0.45229416967959896
DCTD,21.46352725698117
DCTPP1,46.67003883919937
DCXR,72.86775339934516
DDAH1,11.4112292560371
DDAH2,4.488231183312838
DDC,1.3078191747169696
DDO,0.027848731589973072
DDOST,634.6097890001533
DDR1,13.60088593759734
DDR2,0.07900448190010856
DECR1,79.5744158162799
DECR2,2.6792129809376584
DEGS1,13.951687574800413
DEGS2,7.953836318806841
DERA,56.30805373907403
DGAT1,11.29413159970021
DGAT2,7.6964768483343775
DGKA,109.29340672616514
DGKB,6.631925070858715e-05
DGKD,1.3112883836327964
DGKE,0.13356240596149882
DGKG,0.11900453282128445
DGKH,0.131362191128649
DGKI,0.0027137368542047664
DGKQ,2.668637005426009
DGKZ,6.128337453488498
DGUOK,26.474499449959843
DHCR24,9.917442816872809
DHCR7,20.94773492412468
DHDH,0.061750059120133455
DHFR,154.19322588514902
DHODH,1.0303071923304008
DHRS2,0.3382085267402053
DHRS3,30.66846559248096
DHRS4,159.23441683099207
DHRS9,2.7986590214502494
DIO1,0.0014325463389657893
DIO2,8.75458322542152
DIO3,0.08390862716185923
DLAT,316.3827076887479
DLD,554.8127494156283
DLST,139.84833949891237
DMGDH,0.003526227471437999
DMPK,6.779724758159571
DNAJC6,0.059993286835747645
DNMT1,15.00233907917162
DNMT3A,1.0352186913381656
DNMT3B,0.48285059154644494
DNMT3L,0.03798289307998578
DOLPP1,23.507065440463997
DOT1L,5.411581720609727
DPAGT1,20.84001271815544
DPEP1,0.001265050301200672
DPEP2,0.08897389084650421
DPEP3,0.001362823519589891
DPH5,39.306547429616366
DPM1,833.2805074006461
DPM2,84.29022982494703
DPM3,9.749901522767198
DPYD,6.638383021381822
DPYS,0.0010300939962132002
DPYSL2,545.9488361414734
DPYSL3,71.66312210777821
DSTYK,0.9460005824460743
DTYMK,33.041282871335405
DUOX1,115.99458001937735
DUOX2,20.446960951683213
DUPD1,0.11783200419515537
DUSP1,554.6556955500424
DUSP10,5.177505247339625
DUSP11,40.39363412810254
DUSP12,4.9949928054625286
DUSP13,0.004558029302734247
DUSP14,3.165680336823905
DUSP15,0.007893587840250793
DUSP16,5.867232064227928
DUSP18,2.0107244484926543
DUSP19,0.05340449204391853
DUSP2,1.5825634029826143
DUSP21,0.08186674790155296
DUSP22,26.846883993617965
DUSP23,63.73611377748751
DUSP27,0.19340183535026034
DUSP28,0.18983930584125944
DUSP3,118.75756608704324
DUSP4,5.757106577038801
DUSP5,98.10629317219636
DUSP6,44.99311189872609
DUSP7,140.95024563074634
DUSP8,0.226381752513453
DUSP9,1.530643804201228
DUT,181.14141315635598
DYRK1A,4.507643616532399
DYRK1B,2.893039732338946
DYRK2,2.7332032987928065
DYRK3,1.3788234219333684
DYRK4,3.6076702110867065
DZIP3,0.3725105709419992
EARS2,0.6573077657672777
EBP,829.8504372345612
ECH1,157.3600694366165
ECHDC2,12.620014624064982
ECHS1,201.41050768720788
ECI1,33.71544190245579
ECI2,14.530061163887874
EGFR,3.1005117156585964
EHHADH,3.0483983228081857
EHMT1,0.8162185308296861
EHMT2,0.10810726524819134
EIF2AK1,32.80129396431512
EIF2AK2,39.771666485105
EIF2AK3,2.8268485765532354
EIF2AK4,0.14032341221134706
EIF4EBP3,0.6314090509056647
ELOVL1,28.128406282865214
ELOVL2,0.020019841665526537
ELOVL3,0.04371157403556365
ELOVL4,1.5196527512195006
ELOVL5,0.7960388727621563
ELOVL6,5.101602237266369
ELOVL7,2.7235092629297153
ELP3,1.241898973916053
ENGASE,1.061808814154996
ENO1,3260.9762856088355
ENO2,3.0201417443089165
ENO3,3.8011656668177665
ENOPH1,122.36378327086088
ENPP1,0.010555305188770027
ENPP2,1.3121571328509165
ENPP3,0.0063966857468280985
ENPP6,0.00016471251211696037
ENPP7,0.0012564122348573288
ENTPD1,1.304012840462537
ENTPD2,1.779853121627787
ENTPD3,1.7494613271981647
ENTPD4,1.894528555202947
ENTPD5,1.9774637624995037
ENTPD6,23.232656640537495
ENTPD8,0.0044938810346708165
EP300,1.3579362942096123
EPHA1,45.100940380244296
EPHA10,0.012843181660514359
EPHA2,12.841587524422618
EPHA3,0.011830333536700722
EPHA4,2.5058139968242665
EPHA5,0.11374458455259583
EPHA6,0.0001495161977461949
EPHA7,0.00036836177937800646
EPHA8,0.0016061405242055338
EPHB1,0.03082082244526162
EPHB2,0.05174718832938023
EPHB3,29.960208198130424
EPHB4,1.9234318604763212
EPHB6,0.637407930824402
EPHX1,43.48322824107473
EPHX2,3.563381643246021
EPM2A,0.30552254889111186
EPRS,43.81700900841038
EPX,0.007919145398985935
ERBB2,0.6444968603365804
ERBB3,16.874940560037636
ERBB4,9.215275829053378e-05
ERN1,0.5270504343296469
ERN2,0.0001851701243830973
ESD,760.6411139422795
ETFA,2788.9898918228623
ETFB,2073.894249060656
ETFDH,14.987558990174785
ETNK1,2.3835231234336134
ETNK2,4.868000572706895
ETNPPL,1.3663166774328985
EXT1,93.21089649055
EXT2,41.736293082649716
EXTL1,0.0011143282327198357
EXTL2,2.899648205773381
EXTL3,11.43216173871264
EYA1,0.002040076912400518
EYA2,10.101005887330636
EYA3,1.3655595147332757
EYA4,9.590082116310862e-05
EZH1,1.3200146826743422
EZH2,0.10003867324065323
F13A1,0.459332528998496
F13B,0.952082265681838
F2,0.006414905170928557
FAAH,1.6525606117506677
FAAH2,2.330684538679953
FABP1,0.0025011742412542975
FABP12,0.10681213244801879
FABP2,2.0423800119197857
FABP3,0.1478999885155702
FABP4,0.0817486175943083
FABP5,2609.907005926773
FABP6,0.14462262315958105
FABP7,0.0029569751188658956
FABP9,1.0553661478381027
FADS1,0.7185165374087559
FADS2,0.359379612155748
FADS3,0.7374498811664923
FADS6,0.14993165743039805
FAH,5.410824537766294
FAM20B,4.455203511095885
FANCL,4.184565331509325
FAR1,32.52800903203127
FAR2,0.23250466808603956
FARS2,1.5693041976725428
FARSA,1467.812218298814
FARSB,3.226135803241724
FAS,7.301172173986906
FASN,34.14544937682037
FASTK,47.03525343681163
FAXDC2,0.014854582046724449
FBP1,0.2841557738180008
FBP2,0.11613230852661444
FDFT1,51.19294590149446
FDPS,69.82215888247046
FDXR,15.834407214742082
FECH,0.7058694550284959
FER,1.144502650585687
FES,0.700793850422021
FGA,6.990622680771628
FGFR1,0.7880670715599776
FGFR2,3.154318269613169
FGFR3,108.29399266927061
FGFR4,0.16183414830760387
FGGY,0.9696441093991613
FGR,1.1245054690533778
FH,466.7459208176887
FHIT,0.37077057816526493
FHL2,24.278335249554388
FIG4,1.9080134514301925
FITM1,0.04926329935511902
FITM2,0.8528278872595344
FKBP10,5.116117202495784
FKBP11,7.3513469653945736
FKBP14,2.8518802538958976
FKBP1A,425.17926800177463
FKBP1B,2.0489628709863505
FKBP2,562.6791966683852
FKBP3,736.902574228284
FKBP4,541.829561721712
FKBP5,2.2259617085719205
FKBP6,0.01594151359756534
FKBP7,1.8860440868488078
FKBP8,39.583524364907746
FKBP9,69.78858471605349
FKBP9P1,0.3354345050980549
FLAD1,5.024784470395571
FLT1,0.9016467027982887
FLT3,0.04871530544622853
FLT4,1.7074863350728258
FLVCR1,0.3722129817589066
FMO1,0.4355486585158761
FMO2,36.35162052554582
FMO3,0.16481212735687514
FMO4,0.5013561857683534
FMO5,0.006360112003774764
FMO6P,0.3354345050980549
FN3K,0.542003877663984
FN3KRP,21.94405027742634
FNTA,51.60166338917312
FNTB,0.16954830290404393
FOLR1,2.2218346996857563
FOLR2,1.851217369783187
FOLR3,0.9146181550167246
FOSL1,150.58797797216693
FPGS,2.1995764511852816
FPGT,1.9648838889253302
FRK,0.4679446992650622
FRMPD2,0.0001096156174954948
FTCD,0.0010389829387158036
FTMT,0.001351929666629518
FUCA1,4.704539375183069
FUCA2,31.382721003128797
FUK,1.7665036095011957
FUT1,1.8042354989389642
FUT10,0.2574539893530792
FUT11,2.72244085570384
FUT2,37.84901935731596
FUT3,48.55825045332234
FUT4,0.17407942137138657
FUT5,0.12849694760586694
FUT6,28.494350990193325
FUT7,0.11700061426662273
FUT8,0.15200352614769405
FUT9,0.0001471681310391548
FYN,14.677666214384413
G0S2,3.349315675632065
G6PC,0.00023044397447032387
G6PC2,0.00023201493644562168
G6PC3,17.8521857891
G6PD,494.4129460803003
GAA,39.1039288844235
GAD1,0.026971425587780738
GAD2,0.0017160601467686874
GAK,2.638556248831523
GAL3ST1,0.0004955483582673063
GAL3ST2,0.001757619667019089
GAL3ST3,0.000208990924153322
GAL3ST4,1.2167329877437796
GALC,1.0738084667357337
GALE,75.52529667080084
GALK1,176.9476722498176
GALK2,15.197451002537825
GALM,0.6353533146686858
GALNS,11.72713336154593
GALNT1,67.18163479330468
GALNT10,0.27418433662809133
GALNT11,6.330837809868072
GALNT12,5.285840463807314
GALNT13,0.4472734486599102
GALNT14,9.29497219518207
GALNT15,0.0116113720313577
GALNT2,61.3785030487042
GALNT3,35.20049511055871
GALNT4,0.010107793914646135
GALNT5,1.9865002559574574
GALNT6,24.73196411507428
GALNT7,0.5025179904333158
GALNT8,0.00038756850813639215
GALNT9,0.0017391231331174953
GALNTL5,0.43999999999999995
GALT,20.51827731669911
GAMT,2.739371774214923
GANC,2.6962576655307013
GAPDH,17570.636889393747
GAPDHS,0.12333226541242186
GARS,449.66501091897794
GART,110.22193034504404
GATM,0.5677790435695402
GBA,13.607163774545748
GBA2,8.877739701250992
GBA3,0.3354345050980549
GBE1,8.434149385942963
GBGT1,0.599761244456086
GC,0.1128901827185453
GCAT,65.32767241951423
GCDH,7.438647204747322
GCH1,2.9120247714119882
GCK,0.05340602314821246
GCLC,6.533811976771128
GCLM,13.72173151646637
GCNT1,0.19838167281080005
GCNT2,0.15252950953490224
GCNT2P,0.3354345050980549
GCNT3,4.659939572964187
GCNT4,0.08050511319143155
GCNT7,0.003860724896307025
GCSH,0.09218988600997803
GDA,0.0027842952659101624
GDE1,11.279600077794246
GDPD2,0.2162071699782511
GFPT1,103.20322167306288
GFPT2,0.6254722076483406
GGCT,43.549283633982306
GGH,24.987547473354287
GGPS1,342.78945877585653
GGT1,0.8577503195488948
GGT2,1.2557625587889092
GGT3P,0.01497834252667487
GGT5,5.3116343064740175
GGT6,28.356549464561326
GGT7,0.3157801733834199
GGTLC1,0.006442912798072847
GGTLC2,0.05100015117068965
GIF,0.3354345050980549
GK,1.4775445934534668
GK2,0.9456388863331135
GK3P,0.09906254663000014
GLA,17.212079869066724
GLB1,9.341875771602085
GLB1L,0.552310109302152
GLCE,0.19237339528227423
GLDC,0.3943823898828274
GLIPR1,3.508310233881753
GLO1,1973.5849302239023
GLRX,16.67231757236564
GLRX2,5.8580236891795545
GLS,30.52062671438899
GLS2,0.22449778403944254
GLT6D1,0.06930364432416915
GLT8D1,0.5886536927210695
GLT8D2,0.38032450162818054
GLTP,137.14513814053183
GLUD1,786.140240165243
GLUD2,68.76552987546208
GLUL,13.073812182898033
GLYAT,26.66571856032572
GLYCTK,0.24713796633421173
GM2A,136.20464845841138
GMDS,96.49743031676492
GMPPA,16.60641219344352
GMPPB,304.17908088671845
GMPR,0.17033926546000483
GMPR2,27.158082842963193
GMPS,324.5632913635542
GNE,2.1651302142417728
GNMT,0.05375456708915033
GNPAT,14.505334011306783
GNPDA1,19.61474759519782
GNPDA2,1.1932721048659616
GNPNAT1,58.34717834238061
GNPTAB,5.283712186003383
GNS,10.307762127142153
GOT1,2715.4618368868837
GOT2,1825.202491935077
GPAA1,62.67070315023917
GPAM,0.059250859951436176
GPAT2,0.009477669635717027
GPAT3,0.6582069289240687
GPAT4,1.352005973421296
GPCPD1,3.5231561221980647
GPD1,0.005523504128020185
GPD2,146.94698439998126
GPHN,3.4499336902548268
GPI,2215.1017971692095
GPIHBP1,0.05729095534090959
GPLD1,0.007089543274040584
GPT,0.13180761330736945
GPT2,23.23015590202802
GPX1,98.39622754152047
GPX2,16.45466605350838
GPX3,246.73495500211874
GPX4,60.74385523554754
GPX5,0.793289329058847
GPX6,2.01032323162201
GPX7,0.9812423137436571
GPX8,0.5977897337018159
GRHL1,94.78128761350494
GRHPR,165.53881884559345
GRK1,0.11699235770509935
GRK2,4.014622265826703
GRK3,1.2623639556998993
GRK7,0.01660304972957808
GSR,180.04798029551807
GSS,291.9977984393225
GSTA1,0.5967837239520365
GSTA2,0.007300034646401563
GSTA3,3.8201241689736465
GSTA4,18.145389204922722
GSTA5,0.0014196250407788051
GSTK1,160.74946888280175
GSTM1,0.004106265238063747
GSTM2,0.08883475395844556
GSTM3,9.117437860720367
GSTM4,0.8198707750893922
GSTM5,1.3865013547315408
GSTO1,2029.3298258575646
GSTO2,1.8112761602011234
GSTP1,26236.989378279643
GSTT1,12.297152150049365
GSTT2,0.010387359119843953
GSTZ1,10.354398745101209
GTF2F1,10.513810402556038
GTF3C4,1.5464397606100198
GUCA1A,0.011397076198412385
GUCY1A1,2.9663227089166733
GUCY1A2,0.02444959938608154
GUCY1B1,1.0453859436592674
GUCY1B2,0.0002383760681002165
GUCY2C,0.5851351485089173
GUCY2D,0.10647111018894559
GUCY2F,0.0004739403919111748
GUK1,405.20810357197684
GUSB,3.1934313163431005
GYG1,18.35798834015925
GYG2,0.014327774754490468
GYS1,56.67177630913733
GYS2,0.1901354412682676
H6PD,9.346064367455062
HAAO,0.28888304278665766
HACD1,0.6699772991826155
HACD2,3.095013644366691
HACD3,4.330319334841662
HACD4,0.5979568033382378
HACE1,1.1907011836714847
HACL1,2.357978896732319
HADH,488.73624290707
HADHA,699.5741217682204
HADHB,55.800849690867736
HAGH,18.588175663232832
HAGHL,0.7901814599734288
HAL,0.011896874068596795
HAO1,0.19763453007540133
HAO2,0.0014102664958642757
HARS,227.81941608912842
HARS2,22.73262018192814
HAS1,0.016049285482579726
HAS2,0.14125401120157352
HAS3,56.74039072648025
HAT1,77.58564363666015
HCCS,15.676400211343221
HCK,4.168528205703121
HCST,6.7705842713235915
HDAC3,1.3149398129618843
HDC,0.1275592581037255
HDLBP,128.37512739801966
HECTD1,4.139982357017478
HECTD2,0.2668104899418895
HECTD3,2.818622832910677
HECW1,0.004676307119102748
HECW2,0.2252193007646064
HELZ2,0.16199531088786426
HEPH,0.1935841945878204
HERC1,0.1201738221691193
HERC2,0.05351596492106798
HERC3,7.787058238643214
HERC4,12.923445876746904
HEXA,30.041377835841427
HEXB,2.962473664827374
HEXDC,0.3354345050980549
HGD,0.001112002345366825
HIBADH,6.818962747771608
HIBCH,17.92879542984314
HIF1AN,4.688993826110436
HIGD2A,7.3231004500435
HIPK1,6.36830336129485
HIPK2,1.314651880068819
HIPK3,7.436484590049914
HIRIP3,0.11573065840022835
HK1,455.3077563918244
HK2,94.29267647550624
HK3,0.05868987774205917
HKDC1,0.0027433967839590725
HLCS,0.7721562967814701
HLTF,0.038011405567356826
HMBS,92.71827156138323
HMGCL,165.07416681469303
HMGCLL1,2.9108746089659068
HMGCR,20.31103338883545
HMGCS1,40.91055980393349
HMGCS2,0.0003168002205175619
HMOX1,79.57760962631333
HMOX2,349.4869182829509
HNMT,0.30310822349636046
HPD,0.008113769319514649
HPGD,14.412465040422084
HPGDS,0.2585090255142632
HPRT1,444.8047214686716
HS2ST1,2.8417409584200857
HS3ST1,33.53375865185203
HS3ST2,0.014204712064728583
HS3ST3A1,3.886240463594319
HS3ST3B1,0.19414443459843483
HS3ST4,0.0690846002262997
HS3ST5,0.0002728287298509359
HS3ST6,0.1856426611067937
HS6ST1,16.17524161219908
HS6ST2,0.5880117156226659
HS6ST3,0.00016672369088987436
HSD11B1,0.07292530422055998
HSD11B1L,0.19921187104653243
HSD11B2,1.1404831712959402
HSD17B1,9.890143021271586
HSD17B10,165.13423349500593
HSD17B11,12.768558449377664
HSD17B12,277.17622150476376
HSD17B14,0.40223235381526323
HSD17B2,0.22738780768535966
HSD17B3,0.25544238933335384
HSD17B4,36.82268856207199
HSD17B6,0.3508030633055526
HSD17B7,1.1836790866347726
HSD17B7P2,0.06662866415394098
HSD17B8,0.3085508246566976
HSD3B1,0.8561440324619417
HSD3B2,0.0004665118237284156
HSD3B7,7.656066265273666
HSPG2,0.11947824552292766
HTATIP2,57.08117111585928
HUNK,0.033593152638323465
HUWE1,3.7075555966778007
HYAL3,1.2859178155703366
HYALP1,0.3354345050980549
HYI,15.133447674791238
HYKK,0.3304860018863759
IARS,1263.392963913904
IARS2,48.11200898211244
ICK,1.0463209267227997
ICMT,51.23426918533976
IDH1,32.259097158126366
IDH2,169.72934482110858
IDH3A,1568.2771831778668
IDH3B,230.40031808948163
IDH3G,81.65635067610434
IDI1,15.547632393685706
IDI2,0.969317475283983
IDO1,3.1014594697738294
IDO2,0.006427202754004809
IDS,20.28545122877863
IDUA,1.3524089553912892
IGF1R,7.634033867153377
IKBKB,7.23122566011127
IKBKE,3.9299205152997274
IL4I1,0.6611131205674825
ILK,20.11711039725664
ILKAP,18.22192066690781
IMPA1,118.05428685484362
IMPA2,135.61504795008432
IMPDH1,33.82341896040262
IMPDH2,173.49515829370304
INMT,0.08390663287924915
INPP1,567.3134436069653
INPP4A,0.9870058073104453
INPP4B,2.013893506783231
INPP5A,9.116238123680587
INPP5B,1.2599763949419107
INPP5D,1.5791206389326364
INPP5E,9.662937975495378
INPP5F,0.18145881902363037
INPP5J,0.18478453320380273
INPPL1,3.078858439859967
INSL3,0.06818950239850621
INSR,2.0365867288631305
INSRR,0.00015076472657915262
IP6K1,7.8918599066174275
IP6K2,8.74515436944244
IP6K3,0.0006914336982335308
IPMK,1.1023265644343536
IRAK1,111.83423918074327
IRAK2,4.490336425763211
IRAK3,0.06862473096400619
IRAK4,3.2252224402105236
IREB2,5.235226497038256
ISYNA1,4.791506410577135
ITK,0.13749806300771686
ITPA,482.4942003091842
ITPK1,15.689712661234074
ITPKA,0.13884921854340362
ITPKB,2.816307563887791
ITPKC,100.93728337777125
IVD,38.69512633311386
JAK1,31.319445908756688
JAK2,2.694204977540564
JAK3,0.6967509411318723
JMJD7-PLA2G4B,0.009908400819301402
KALRN,1.7925143055922814
KANSL3,5.779192830603896
KARS,576.2842588381621
KAT2A,11.131725581632368
KAT2B,5.767541768135042
KAT5,11.681825223194412
KAT6A,2.8315345042152904
KAT6B,0.7769622926184294
KAT7,4.77828581376855
KAT8,7.977362601938955
KCNJ11,0.017050520309977772
KCNJ8,0.4243798366256497
KDR,1.1203864259551248
KDSR,16.84739944980612
KHK,0.306852792572536
KIT,0.3095522967201171
KL,0.024924603456200446
KMO,0.01336917875405783
KMT2A,0.1132089503784727
KMT2B,0.3354345050980549
KMT2C,0.02724143815923862
KMT2D,0.256842919373976
KMT2E,0.08892210317369556
KMT5A,0.08744585611927874
KMT5B,0.052531638327043204
KMT5C,0.3350355754164824
KPNA6,38.86343713200798
KYAT1,0.41426786262502635
KYAT3,10.315561941178165
KYNU,46.3894957147926
L1CAM,9.205743007156387
L2HGDH,0.4612342131174172
LALBA,0.0046036378369604695
LAP3,944.4634482167965
LARS,239.1205215452403
LARS2,3.636940025159644
LATS1,0.20995351113591718
LATS2,2.8777088990220174
LBR,38.81533947583905
LCAT,2.771128177749064
LCK,1.700934337482541
LCLAT1,2.535362798608188
LCT,0.0005965912237711041
LDHA,11214.154493545191
LDHAL6A,0.0020645831184966977
LDHAL6B,0.01088370503663226
LDHB,335.89856799590314
LDHC,0.002081472484095917
LDHD,3.2565602879921562
LDLR,3.7989760091299196
LGALS13,0.16621830202908744
LGMN,76.94266440675987
LGSN,0.059118472577440906
LHPP,113.14903314002193
LIAS,0.46459347331280376
LIMK1,19.030452060237476
LIMK2,52.234191022995105
LIPA,24.659603324567918
LIPC,0.043648051111050086
LIPE,0.6936125683261282
LIPF,0.002882701238776358
LIPG,8.225105507497274
LIPT1,0.39200867125650785
LIPT2,0.2981361045596631
LMTK2,4.468732757521032
LMTK3,1.1071657302513946
LOC102724197,0.3354345050980549
LOC286297,0.0028072718798463395
LOC344967,0.2774826617927963
LOX,0.7826193916441894
LOXL2,10.940079409364197
LPCAT1,3.2472308007030923
LPCAT2,5.1008562040995065
LPCAT3,27.10049097807415
LPCAT4,1.560750006093238
LPIN1,4.816298998115039
LPIN2,1.4533735771145497
LPIN3,2.035425415099701
LPL,0.058033603591419264
LPO,0.0006413177914070033
LRAT,0.0257703392573555
LRP1,1.98751449376529
LRP2,0.00022523673060607303
LRRK1,0.15107126346213398
LRRK2,0.24798792968532388
LRSAM1,11.279183710997915
LRTOMT,0.13351166203916273
LSS,29.28538756484397
LTA4H,509.48978424389645
LTC4S,0.31995276949732804
LTK,0.015013919437798022
LYN,7.710689480068558
LYPLA1,146.82262955544186
LYPLA2,144.5763161243944
LYZL1,1.4145390562382973
MACROD1,1.8574196848717075
MACROD2,0.0041389266510112556
MAGEA2B,0.1626710879648594
MAK,0.025342390716493374
MAN1A1,0.7308667519121063
MAN1A2,1.2974656065611774
MAN1B1,3.7301377886375273
MAN1C1,0.2571672303081356
MAN2A1,7.198415389408544
MAN2A2,1.1295970835071776
MAN2B1,28.85681133470745
MAN2C1,7.424197924278312
MANBA,2.1979246838346373
MANSC1,19.714355088367025
MAOA,294.9998043895357
MAOB,1.3693447821038707
MAP2K1,421.3019902252625
MAP2K2,191.22627326270506
MAP2K3,30.777416174145724
MAP2K4,29.642604905871927
MAP2K5,3.2902757417178004
MAP2K6,0.5040639876809048
MAP2K7,1.4308680361473347
MAP3K1,2.2090995920187964
MAP3K10,3.0495902158106163
MAP3K11,39.80931557684986
MAP3K12,0.5188827563435823
MAP3K13,1.8510567198423291
MAP3K14,2.3450574679843172
MAP3K15,0.0003457642292259635
MAP3K2,2.580273123688611
MAP3K20,0.20179825659102824
MAP3K21,0.03839897316107535
MAP3K3,3.5631312478166177
MAP3K4,6.356856484237225
MAP3K5,4.363032111995956
MAP3K6,34.88379107827971
MAP3K7,0.43804393010980375
MAP3K8,3.2941476535331446
MAP3K9,0.9298406363489539
MAP4K1,0.6403861159951969
MAP4K2,2.287907131576889
MAP4K3,3.3132443112703025
MAP4K5,15.10348852118918
MAPK1,333.61287443972776
MAPK10,0.31155216260328744
MAPK11,6.175283208029108
MAPK12,5.647997920575481
MAPK13,89.46361243278567
MAPK14,33.912079448729905
MAPK15,0.2808821323121102
MAPK3,161.71890063588035
MAPK4,1.2191670710298594
MAPK6,37.756935067933284
MAPK7,8.757968898369889
MAPK8,7.553311608122785
MAPK9,2.5455674312025396
MAPKAPK2,2.446480411652885
MAPKAPK3,27.01275496814953
MAPKAPK5,9.23001295357118
MARCH1,0.20067582395130276
MARCH10,0.000970947479413082
MARCH11,0.0006188276974106962
MARCH2,9.88989338608644
MARCH3,0.09111077357130216
MARCH4,0.2826099314522073
MARCH5,9.346679403132764
MARCH6,11.603591518524386
MARCH7,41.67794572083285
MARCH8,1.5053906743196284
MARCH9,5.095015525973205
MARK1,3.0826861367038583
MARK2,42.517882775733355
MARK3,46.125328468027
MARK4,11.674439816676696
MARS,176.8360341241787
MARS2,1.932088556698928
MAST1,0.022465594277112266
MAST2,5.866065715986912
MAST3,0.5742333521327865
MAST4,13.500727971589074
MASTL,0.09503316828000878
MAT1A,0.017206557219820097
MAT2A,189.4531575351735
MAT2B,131.60300713645498
MATK,0.2649484070776013
MBOAT1,1.5184976954627674
MBOAT2,40.10515861660241
MCAT,13.93045256090267
MCCC1,6.513025795699078
MCCC2,24.898188127796193
MCEE,5.2448960771578585
MDH1,2509.202729705708
MDH1B,0.011088994769845702
MDH2,8909.658042292722
MDM2,0.013607148187057959
MDP1,11.830992449660426
ME1,323.1294508807309
ME2,4.988115739371553
ME3,0.4020851589664807
MECR,6.870963501072276
MED1,0.35411141844345917
MELK,0.7514287803747336
MERTK,0.2557183643374148
MET,5.65754531679441
METTL1,28.126035448931635
METTL3,8.680177679384645
MGAM,0.003286696176467768
MGAT1,91.2210881396847
MGAT2,2.3037714406568215
MGAT3,0.046715952657992686
MGAT4A,0.2880319333977864
MGAT4B,38.79316983597363
MGAT4C,0.0042285517896154595
MGAT4D,0.02696149145334556
MGAT5,4.005693824649203
MGAT5B,0.47278204191144657
MGLL,87.16415403016352
MGMT,14.292620008493834
MGRN1,4.173428339293185
MGST1,85.96838466472775
MGST2,66.98735979450782
MGST3,44.73516484143132
MIA3,4.322557573551962
MIB1,2.2384645990214267
MIB2,11.595009397931346
MID1,1.4535220104017355
MIF,140.49615036235662
MINK1,0.5762136347861957
MINPP1,2.8656168783640394
MIOX,0.0006743308527456719
MIP,0.0027832091891313027
MKNK1,9.038221783379326
MKNK2,216.17951671408977
MKRN1,22.88769689461073
MKRN2,6.546875123311899
MKRN3,0.2219363882525718
MLKL,16.37278861124568
MLYCD,1.387972250031761
MMAA,0.4912115246898801
MOCS1,0.3079071122012511
MOCS2,20.81588373576306
MOGAT1,0.006849420619661933
MOGAT2,0.06171353466959499
MOGAT3,0.0006945291596393507
MOGS,113.79179219347898
MOK,0.8740324259614708
MOS,0.09191795284698573
MOXD1,6.406288051050847
MPC1,27.8052229308476
MPC2,12.311032245951754
MPI,15.065164439049836
MPO,0.0015200570040123217
MPST,2791.8345132100053
MRPL58,13.330417578133794
MSMO1,48.21134608605364
MSRA,2.596827695714077
MST1R,6.664569732055677
MT1A,0.03887624464673507
MT2A,13684.740633614832
MT3,0.3354345050980549
MT4,0.006206585000905239
MTAP,569.8232302890203
MTFMT,1.9668346956903495
MTHFD1,158.47065580757496
MTHFD1L,13.62826972998712
MTHFD2,20.417754790467324
MTHFD2L,0.8888647647195476
MTHFD2P1,0.3354345050980549
MTHFR,2.6432372077661337
MTHFS,0.48509038525716863
MTMR1,1.7275232933063214
MTMR14,11.156528374413769
MTMR2,0.6620364563828743
MTMR3,0.24903125125425762
MTMR6,1.720450631652303
MTMR7,0.02594809167826186
MTMR8,0.05669424809490174
MTPAP,1.691817469261727
MTR,0.14803403592832814
MTRR,7.147389476520465
MTTP,0.00015610247745489577
MUL1,34.31581798323451
MUSK,0.000704313126518946
MUT,0.3354345050980549
MVD,104.02506547035568
MVK,14.566168662288192
MYBBP1A,60.43861657921069
MYCBP2,0.08904534096665188
MYLIP,3.7787146235914975
MYLK,0.24356676143867614
MYLK2,0.014008268652092811
MYLK3,0.0007490549404750849
MYLK4,0.01684548497022383
MYO3A,0.003476498513500068
MYO3B,0.1723301077867107
MYO5B,11.819762299417011
NAA10,75.56999065018564
NAAA,3.1346805179695183
NADK,11.442039384401529
NADSYN1,25.633272452138563
NAGA,8.240127951503895
NAGK,159.8286815202915
NAGLU,7.009656870823211
NAGPA,3.6632102544255787
NAGS,3.234538699008275
NAMPT,562.5451780398373
NANP,0.8277434730414486
NANS,955.355016260318
NAPRT,25.164291606310147
NAPSA,0.03408932477201029
NARS,1818.238471663918
NARS2,2.9657486202426813
NAT1,3.9325196712618147
NAT2,0.05444554879642654
NCOA1,7.352865715846818
NCOA2,0.16066390195557487
NCOA3,1.8720168351620319
NCOA6,8.984251565876704
NCOR1,0.06295125160961207
NCOR2,0.7113388674038245
ND1,0.7496282848946749
ND2,6.647572110665278
ND3,3.518721426725826
ND4,15.91921099634504
ND4L,0.3354345050980549
ND5,3.9860139175064595
ND6,2.1511623729121254
NDST1,35.76837800267436
NDST2,4.513720855383004
NDST3,0.019462942544334894
NDST4,0.024005586560330774
NDUFA1,218.93668805983424
NDUFA10,38.34524075777185
NDUFA11,72.93229245594976
NDUFA12,18.865253464684784
NDUFA13,1203.3725820319378
NDUFA2,10.074558194557211
NDUFA3,17.334339215108034
NDUFA4,5.078997043129548
NDUFA5,19.258590539696197
NDUFA6,32.343212515790725
NDUFA7,5.138075839979126
NDUFA8,136.78043571005955
NDUFA9,44.49112114461954
NDUFAB1,137.44156408118147
NDUFB1,43.899996794294665
NDUFB10,90.40918728531699
NDUFB2,255.21558274873186
NDUFB3,80.59714153942745
NDUFB4,108.0768063761919
NDUFB5,152.1830339978481
NDUFB6,17.129718653510885
NDUFB7,126.27419258913768
NDUFB8,58.77664674574912
NDUFB9,33.09966627706552
NDUFC1,30.288007954290464
NDUFC2,6.690955274523825
NDUFS1,43.61358282702037
NDUFS2,32.61923475906027
NDUFS3,285.96758324164676
NDUFS4,76.12647158157328
NDUFS5,267.7375434093378
NDUFS6,32.581247202798494
NDUFS7,33.11777699168191
NDUFS8,89.41195502998943
NDUFV1,45.42209207224437
NDUFV2,35.8453704546343
NDUFV3,10.462481537099976
NEDD4,2.0185926092453603
NEDD4L,1.9024185367617148
NEK1,0.6443509672585115
NEK11,1.209624670809487
NEK2,2.1043852611679235
NEK3,0.3092003861853849
NEK4,1.972166795807895
NEK5,0.0011685316539914187
NEK6,0.7484509262806203
NEK7,19.27197874141769
NEK8,0.2905978866283609
NEK9,0.63380857486218
NEU1,1.3245122528900901
NEU2,0.0009288299130983887
NEU3,0.19280362568946877
NEU4,0.0007194393439823551
NEURL1,0.14715923590013888
NEURL1B,4.760588649311349
NGLY1,3.252347740625157
NHLRC1,0.519832602909097
NIT2,778.6955423918472
NKTR,1.4776904301309992
NLK,1.4956527831608006
NLN,41.92293916461143
NME1,4228.830060569085
NME2,375.88328649387586
NME3,8.314826164815079
NME4,32.18170194103116
NME6,0.5565111187644327
NME7,0.8323415582760476
NMNAT1,1.3881276018195545
NMNAT2,0.04750088472916121
NMNAT3,0.7914586509520506
NMRK1,2.9351673795914386
NMT1,58.34578618423806
NMT2,0.4690044596457153
NNMT,8.493915627755065
NNT,1.4695263020327878
NOL9,2.3922409958218025
NOS1,0.4326547597434778
NOS2,0.920403037923682
NOS2P1,0.3354345050980549
NOS2P2,0.3354345050980549
NOS3,1.0060807546386892
NOX1,0.05704093005385438
NOX3,0.09198887034239282
NOX4,0.11344052843831252
NOX5,0.026486129212836083
NPAS2,10.76835882318115
NPC1,13.68084407804691
NPC1L1,0.008781387878172753
NPR1,0.4350541304028158
NPR2,0.05709244837728222
NQO1,94.63073641857127
NQO2,163.9995510515851
NR1D1,3.7224674308059686
NRF1,0.8650400923830314
NSD1,4.88292502999357
NSD2,0.8117852405670956
NSD3,0.8238692165195934
NSDHL,1412.2552104869549
NSF,31.052972004321163
NT5C,150.99310565606535
NT5C1A,0.058725969276404735
NT5C1B,0.0037918935260175674
NT5C1B-RDH14,0.037698419756150243
NT5C2,133.44315163436752
NT5C3A,4.209671716104311
NT5DC3,1.2049854662799384
NT5E,44.70662830317052
NT5M,0.6611536341734027
NTAN1,1.270394956520712
NTRK1,0.08292959920509223
NTRK2,1.2029875458124784
NTRK3,0.00029121612843442
NUAK2,42.70040231608424
NUDT10,0.0019731593936119056
NUDT11,0.047669678308908864
NUDT12,1.04777904352992
NUDT2,11.16250486642929
NUDT3,1.6878082653410842
NUDT4,0.014482089921138072
NUDT5,192.28657051389308
NUDT9,7.338247102849203
OARD1,11.970020898409903
OAT,264.2389413169032
OBSL1,0.2443501378847466
OCRL,4.156147695846653
ODC1,8.182479836703404
OGA,13.207835039605774
OGDH,400.8108684055278
OGT,11.410948714773
OLAH,0.021177756310501606
OPLAH,4.593477178854244
OTC,2.3305572451444374
OTUD5,33.0831440166007
OXCT1,78.30267417521767
OXCT2,0.0022460952829790547
OXSM,3.2175361945442917
OXSR1,25.154062577731004
P4HA1,9.184351798582943
P4HA2,114.62502118331832
P4HA3,0.1383727322518236
P4HB,2263.289063278381
PADI1,76.84830440792838
PADI2,0.31354889299519795
PADI3,27.393077336981328
PADI4,0.00654261083380438
PADI6,0.3354345050980549
PAFAH1B2,556.9509132660709
PAFAH1B3,280.3256968059243
PAFAH2,2.8864718444007766
PAH,0.00028183893449407703
PAICS,246.7270041066959
PAK1,47.54942335924263
PAK2,110.98078894156423
PAK3,0.0025236527335442296
PAK4,0.7030637975434844
PAK5,0.1843105272396382
PAK6,16.642494323181758
PAM,0.28313588029558834
PAN2,1.3072518420228867
PANK1,0.04719185758932476
PANK2,10.917869916211798
PANK3,2.918023689264531
PANK4,6.47408691739838
PAOX,3.369923927843361
PAPOLA,3.52947990703551
PAPOLB,0.2752111007254826
PAPOLG,0.9556824217878539
PAPSS1,45.43624687915002
PAPSS2,0.3981878759702686
PARP1,52.01206975808448
PARP10,1.833291383281215
PARP11,0.5318133417458328
PARP12,4.965940635522599
PARP14,22.07753165067603
PARP15,0.008605567528334072
PARP16,1.9162239646334454
PARP2,7.551488728442822
PARP3,13.145670822084092
PARP4,2.5103645720502685
PARP6,16.920082475766712
PARP8,1.0500495892678072
PARP9,29.08996068913142
PARS2,1.1252089918216355
PASK,0.44652825402430796
PBK,2.2361743302706216
PC,109.16734535195414
PCBD1,22.800299243542575
PCBD2,3.1994626448533454
PCCA,1.7095400225723223
PCCB,5.051361084491358
PCK1,0.0026721980968060573
PCK2,8.435977900657914
PCMT1,559.4545431963033
PCYOX1,43.70307534151959
PCYT1A,23.502514473212234
PCYT1B,0.00024998511193129457
PCYT2,3.7859616732573405
PDE10A,0.04039128246637718
PDE11A,0.00021408504919347317
PDE1A,0.037488003851812966
PDE1B,0.08142363505786598
PDE1C,0.0035502062352966365
PDE2A,0.7289950047559507
PDE3A,0.034925641836594044
PDE3B,0.032734653801998935
PDE4A,0.6797185626587515
PDE4B,0.3305626939606904
PDE4C,0.0030880531246917655
PDE4D,0.31811155937205277
PDE5A,0.1102703033574967
PDE6A,0.032736324802708196
PDE6B,0.006162557319054914
PDE6C,0.0006443414601341199
PDE6H,0.0016840101941910691
PDE7A,1.5887632528070659
PDE7B,0.05931568051930813
PDE8A,2.973717729838872
PDE8B,0.06353602856243562
PDE9A,1.0445175182765767
PDF,0.6458406017367854
PDGFRA,1.068750138138124
PDGFRB,8.913853176937081
PDHA1,133.23355242628605
PDHA2,8.963593332760542
PDHB,27.79408326095517
PDHX,6.6263188429543725
PDIA2,0.016872796921772938
PDIA3,1210.1132794272962
PDIA4,1039.9881302292233
PDIA5,39.89811378219926
PDIA6,400.95078766290254
PDK1,0.4217524699091323
PDK2,10.702582747214363
PDK3,1.0774408767275996
PDK4,0.49268212456043325
PDP1,11.951787270751653
PDP2,0.6903396422911451
PDPK1,0.48435815195788384
PDPR,2.04619391477071
PDXK,14.52957508388236
PDXP,22.468640509839393
PDZD4,0.13313884985878668
PEAK1,0.6512823330571321
PECR,29.10207789970556
PEMT,9.425922341383687
PEPD,28.617327740516615
PEX11A,2.2324977091929425
PFAS,35.44668301765973
PFKFB1,0.013000597430795083
PFKFB2,1.0438397431530722
PFKFB3,14.318248929126744
PFKFB4,1.2710036288366435
PFKL,79.92669260081837
PFKM,11.317435724976406
PFKP,1296.731414665174
PGAM1,148.13386663673927
PGAM2,2.813785318779143
PGAM5,76.0104472406726
PGAP1,0.2514798425959565
PGD,6134.989386698506
PGGHG,0.02991860446325157
PGK1,436.9368984427343
PGK2,0.7677151444111209
PGLS,1192.0154387354653
PGLYRP1,0.32538737203659523
PGLYRP2,0.002151461757528145
PGLYRP3,22.03841440086336
PGLYRP4,0.9538183636696781
PGM1,145.33037901519467
PGM2,418.67560742319637
PGM2L1,0.1501479440372631
PGM3,35.77806592515075
PGP,22.248142760606967
PGS1,7.034825340118044
PHEX,0.049607284035904066
PHGDH,206.82974545102442
PHKA1,0.18353682400776797
PHKA2,1.1561358775552666
PHKB,4.8408703366160575
PHKG1,0.008316742263359286
PHKG2,2.8344987811087936
PHLPP1,2.0750955347002376
PHLPP2,0.13386643345398888
PHOSPHO1,0.030375323118044667
PHPT1,46.74973128751915
PHYH,1.242112762659689
PHYKPL,0.6462009571960334
PI4K2A,1.9635983402433093
PI4KA,0.7124212715257164
PI4KB,0.8183236242253525
PIGA,3.56712007693336
PIGB,1.9641841201834698
PIGC,15.039803294065438
PIGF,1.6111470679537714
PIGG,10.430438666252128
PIGH,3.7505458945645604
PIGK,2.9356245600604622
PIGL,1.7707696489861815
PIGM,1.0581311443803882
PIGN,5.385443059328728
PIGO,8.54501712791503
PIGP,2.0428537908561553
PIGQ,7.309251073906438
PIGS,14.002519625841735
PIGT,6.972121626772294
PIGU,1.432179621878996
PIGV,3.3901574406995723
PIGW,4.8044591968510995
PIGX,1.417110116632438
PIGY,53.87071109882027
PIGZ,1.2302356379489356
PIK3C2A,0.46633293997950503
PIK3C2B,1.5977405312493123
PIK3C2G,0.052680138679828264
PIK3C3,0.10562793727792144
PIK3CA,4.0673128891751045
PIK3CB,0.2618734946945586
PIK3CD,3.108082834276466
PIK3CG,0.09953643033995259
PIK3R1,0.3805434654478034
PIK3R2,26.03666254414163
PIK3R3,1.2195837795975955
PIK3R4,22.040845191415904
PIK3R5,0.2901259724331659
PIKFYVE,0.8516599018819223
PIM1,147.72136501145908
PIM2,3.1843158971732732
PIM3,51.69328272935189
PIN1,643.7215532362627
PIN4,0.5405337433119167
PINK1,71.6285062768392
PIP4K2A,3.8177811608427703
PIP4K2B,3.241983087211841
PIP4K2C,49.0822919958283
PIP5K1A,0.4038841003112697
PIP5K1B,0.0034496344226953033
PIP5K1C,14.098793034572111
PIP5KL1,0.2648100179162629
PIPOX,0.020093536440960007
PISD,1.6179910372419788
PJA1,10.301347014175226
PJA2,18.461037242370786
PKLR,0.0005894816625329472
PKM,541.3891072832749
PKMYT1,15.185281882523393
PKN1,10.069583715894009
PKN2,3.7084490852188763
PKN3,1.7378623912532727
PLA2G10,0.002965276222481721
PLA2G12A,0.354796430248017
PLA2G12B,1.1304561412675453
PLA2G15,3.971479957555337
PLA2G16,0.47451195401728397
PLA2G1B,0.03449129925337993
PLA2G2A,0.1737493714188322
PLA2G2C,0.3354345050980549
PLA2G2D,0.010480972074236747
PLA2G2E,0.0030636874610271026
PLA2G2F,0.3347682918706193
PLA2G3,4.722492153401882
PLA2G4A,15.75437558424505
PLA2G4B,0.04608827380900322
PLA2G4C,0.23979219439846378
PLA2G4D,0.06872239750499536
PLA2G4E,19.89801919547686
PLA2G4F,3.7918900559847653
PLA2G5,0.0004582633830878837
PLA2G6,0.688201194884935
PLA2G7,1.1789444805830587
PLB1,0.15526481625230965
PLCB1,0.14706088969954254
PLCB2,0.22322881126269115
PLCB3,4.273370051906948
PLCB4,0.2535978632491737
PLCD1,14.34045939322195
PLCD3,11.410754551746518
PLCD4,1.8840185245728172
PLCE1,0.04923394757157595
PLCG1,0.8126543800770758
PLCG2,1.655179961467236
PLCH1,0.011245155701067813
PLCH2,15.10287716106332
PLCL1,0.03224917785201901
PLCL2,0.06343912923293824
PLCXD2,0.05554212689747236
PLCZ1,0.008720364454750548
PLD1,6.982569523492512
PLD2,59.7552360609388
PLD3,10.490359140396798
PLD4,0.3438286420780491
PLD6,1.2146045206652656
PLG,0.0003942687241187147
PLIN1,0.0030031307000124483
PLIN2,8.16413611923969
PLIN3,436.86443952828745
PLIN4,0.07638612454431098
PLK1,5.500640103040098
PLK2,84.778127565355
PLK3,7.345049623676757
PLK4,2.8107446825168703
PLOD1,26.365339851634996
PLOD2,31.799235040624147
PLOD3,26.728804814125393
PLPBP,1.3790311261442316
PLPP1,5.389883230682263
PLPP2,2.123055391477898
PLPP3,4.2032094621878
PLPP4,0.019762828557283812
PLPP5,0.0656688155578048
PLPP6,0.050042688733332445
PLPP7,1.1305815492037874
PLPPR2,0.3307009692228308
PLPPR3,0.9307949846236876
PLPPR4,0.11900942508124815
PLPPR5,0.012456429933028047
PLTP,134.02347110543562
PLXNB3,0.8281279128356052
PMM1,7.961785807753656
PMM2,195.51794368776999
PMPCA,59.68814792937957
PMVK,286.6413098945725
PNCK,0.09680765095183994
PNKP,20.609307224596094
PNLIP,0.01735944451270558
PNLIPRP1,0.04876262171622993
PNLIPRP2,0.3354345050980549
PNLIPRP3,0.5712512710708371
PNMT,0.008675880272187075
PNP,2244.375696055376
PNPLA2,23.81005894256739
PNPLA3,0.007573791375643992
PNPLA4,3.0637427171802787
PNPLA6,0.45615577767897364
PNPLA7,0.07819136011657431
PNPLA8,6.695185556227694
PNPO,12.83001859317382
PNPT1,2.985585959899734
POLA1,2.577980425180644
POLA2,4.502775986891027
POLB,13.533119267036767
POLD1,1.827140982951455
POLD2,10.485368978392898
POLD3,0.46048934178851214
POLD4,129.33926056766902
POLE,0.077586967962124
POLE2,2.1185565856515485
POLE3,70.01993373641477
POLE4,18.450462606621226
POLG,10.31206958839362
POLG2,0.8138017128791147
POLH,1.174245978472293
POLI,0.26054238402992796
POLK,1.0791188230912974
POLL,4.08563071600781
POLM,2.2820414957411423
POLN,0.03651481963613425
POLQ,0.760664030103017
POLR1A,0.840013427081337
POLR1B,0.6793457441314485
POLR1C,17.67008148166987
POLR1D,32.59761950333493
POLR1E,22.614255281124844
POLR2A,6.619826328179415
POLR2B,9.512086463406213
POLR2C,67.1978139469421
POLR2D,19.50924246456456
POLR2E,72.92643402116363
POLR2F,18.15180641066301
POLR2G,22.90761292150074
POLR2H,290.0312531380791
POLR2I,17.45180142628447
POLR2J,11.06341175604717
POLR2K,43.45541370378078
POLR2L,329.43798768053443
POLR3A,0.27084326116869845
POLR3B,1.2897828017444959
POLR3C,0.6384058137167309
POLR3D,7.450765440590251
POLR3E,10.590109676779536
POLR3F,3.142322194116511
POLR3G,1.2498370205092832
POLR3GL,9.000263197380365
POLR3K,11.430842769981028
POLRMT,4.4682155527455185
POMGNT1,14.470886836631983
POMT1,5.351020209935992
POMT2,1.7172047582095045
PON3,0.028352205728894273
POR,241.0739555293672
PPA1,940.6315500624486
PPA2,163.64608815665923
PPARA,0.9506629086524184
PPAT,7.405301308556861
PPCDC,2.4262410346763628
PPCS,67.05716464433522
PPEF1,0.020267685190536296
PPEF2,0.0475767992202525
PPIA,293.3909715553626
PPIAL4A,0.3354345050980549
PPIAL4C,0.3354345050980549
PPIAL4E,0.010924671703075269
PPIAL4G,9.09035244177926
PPIB,2170.344873496085
PPIC,46.908837358526455
PPID,452.5587775082222
PPIE,6.341027943627586
PPIF,544.4047394402511
PPIG,9.907258423056987
PPIH,831.4342328814786
PPIL1,100.77800942781585
PPIL2,0.9625683740138583
PPIL3,29.028596044362338
PPIL4,1.8475163978651554
PPIL6,0.03083619962819832
PPIP5K1,0.7689435200658666
PPIP5K2,1.8094642294086187
PPM1A,0.7366757075494911
PPM1B,3.2613145901387113
PPM1D,1.1685187559479253
PPM1E,0.0035787283726258583
PPM1F,25.27419256485437
PPM1G,27.207035943623914
PPM1K,0.4206527116864522
PPM1M,1.8236866153920983
PPOX,3.6947685377321364
PPP1CA,426.8449208014345
PPP1CB,302.48017294282016
PPP1CC,89.05697791359161
PPP1R1A,4.771473722035403
PPP1R1B,0.13764688569596983
PPP1R2,34.34691682529022
PPP1R3A,0.06646892507772041
PPP1R3B,4.036471940854738
PPP1R3C,27.310649679045415
PPP2CA,247.15772500408815
PPP2CB,47.9118422891258
PPP2R1A,806.6035558788261
PPP2R1B,14.326218456913562
PPP2R2A,142.16183365610266
PPP2R2B,0.027443540705230897
PPP2R2C,47.45974201663075
PPP2R3A,2.1683042719170973
PPP2R3B,0.3978171660350045
PPP3CA,350.7957528075996
PPP3CB,8.599315855051982
PPP3CC,3.1945692390162517
PPP3R1,151.7383053426024
PPP3R2,2.4370537589271226
PPP4C,141.33221694776864
PPP5C,26.131308733701747
PPP6C,161.91035717350098
PPT1,5.490577246374247
PPT2,0.36163249297977956
PPWD1,8.617081933305258
PRAG1,0.3354345050980549
PRDX1,21630.087552129462
PRDX2,2238.6253657819907
PRDX3,63.84172672391029
PRDX6,942.4428026452805
PREP,101.27769202743886
PRKAA1,8.92767789508733
PRKAA2,0.03610474395197905
PRKAB2,1.8282187260491813
PRKACA,373.3998481736905
PRKACB,9.258489624963076
PRKACG,0.0005848222462868669
PRKAG2,2.630039861798352
PRKAR1A,13.978682477253306
PRKAR1B,7.785379472160706
PRKAR2A,9.878681798203901
PRKAR2B,3.7472736317561504
PRKCA,0.18673413723584428
PRKCB,0.15423652503452492
PRKCD,3.147202342372068
PRKCE,0.4668471675051717
PRKCG,0.0602178001701215
PRKCH,14.015405883503794
PRKCI,5.004016438238053
PRKCQ,1.3595725708966573
PRKCSH,438.41965923782675
PRKCZ,7.165617161858276
PRKD1,0.012742918266180474
PRKD2,30.43384302338459
PRKD3,2.691210490197759
PRKDC,1.5395799312429082
PRKG1,0.048288783310061034
PRKG2,0.03377450374807432
PRKN,0.21524163632635238
PRKX,2.284620552939786
PRKY,0.3607555401120727
PRODH,1.5714933194708534
PRODH2,0.047452249121563574
PRPF19,451.7650118441232
PRPF4,416.90287823085765
PRPF4B,11.81042675682578
PRPS1,326.2401839627139
PRPS1L1,3.099943161057947
PRPS2,14.78943896984761
PRRT2,0.011807325807384236
PSAP,29.763203345541438
PSAT1,155.77662500776492
PSKH1,8.168170408551246
PSKH2,0.11813839957802594
PSPH,611.6407646863389
PSPHP1,0.3354345050980549
PTDSS1,69.35372338030216
PTDSS2,11.012841691094753
PTEN,4.7278685702621175
PTGDS,10.159544853796074
PTGES,67.32846288297148
PTGES2,90.49050608946068
PTGES3,4491.332379174239
PTGIS,0.4861240423478286
PTGR1,339.9087352582041
PTGS1,23.579636693305375
PTGS2,10.121030887992704
PTK2,3.39641133864622
PTK2B,7.302602127264574
PTK6,66.13127803729282
PTK7,2.7177427048254015
PTP4A2,1.0059216827624746
PTP4A3,4.113375576793288
PTPDC1,1.038924395397848
PTPMT1,11.786528708592636
PTPN1,37.377427155374434
PTPN11,9.923139010315104
PTPN12,6.143027759204515
PTPN13,18.300605304505012
PTPN14,2.4781774198347724
PTPN18,5.04394229125923
PTPN2,6.302058292499864
PTPN21,2.3749600068043084
PTPN22,0.21227341601940766
PTPN23,7.433496565708111
PTPN3,2.719949092770289
PTPN4,1.1741176396254909
PTPN5,0.013924507720280293
PTPN6,11.484318998563182
PTPN7,0.6489685154033893
PTPN9,0.4086576645281442
PTPRA,0.2595450653962686
PTPRB,0.22838035811814528
PTPRC,1.8023781034070843
PTPRD,0.01564847730704243
PTPRE,6.504323123236368
PTPRF,297.2242713532254
PTPRG,0.34293334782858925
PTPRH,0.68344796801873
PTPRJ,0.17861959667909408
PTPRK,13.334392447963927
PTPRM,0.47786637077496746
PTPRN,0.00043838643616605106
PTPRN2,0.19355912854966387
PTPRO,0.025339504822305046
PTPRQ,0.0010073587321132885
PTPRR,0.0019258730845874306
PTPRS,4.693788447654947
PTPRT,8.441910739726748e-05
PTPRU,2.972364758422352
PTPRZ1,11.565792500982996
PTRH1,8.080296236818096
PTRH2,1263.7539683311177
PTS,19.674132180011096
PUS1,9.199154328819992
PXDN,2.865073072661299
PXDNL,0.006021348089329319
PXYLP1,0.3900283303635837
PYCR1,20.594145648703574
PYCR2,362.0470866205377
PYCR3,18.52640291410028
PYGB,495.57474135609186
PYGL,226.50634492607728
PYGM,0.009760900372162774
PYURF,0.6402221518630032
QARS,315.0412961443455
QDPR,282.5805630142865
QPCT,0.5184478598286931
QPRT,0.06714827771453742
QTRT1,27.593574617150306
QTRT2,3.0803803903498332
RAD1,0.6428279140978146
RAD18,0.9132240055145062
RAD9A,3.974158381137809
RAF1,0.2471656564789932
RAG1,0.3418025543057039
RALBP1,36.75847042279287
RARS,371.88482629868656
RARS2,11.638483223264238
RBBP6,0.1963950947379164
RBKS,0.3865519782922401
RBP1,232.51997166801942
RBP2,0.44262896504099397
RBP4,75.02555780605796
RCHY1,1.0896004404717436
RCL1,9.242335975060909
RDH10,2.5980593488613932
RDH11,218.58248034419867
RDH12,13.463325464804978
RDH13,7.9519030455533946
RDH14,0.7131651145115219
RDH16,1.014636871791019
RDH5,0.009098376496694937
RDH8,0.0005269668481460447
REG3A,15.598236131061894
RENBP,0.682261490529378
RET,0.06218402041073558
REV3L,0.9377610833381668
RFC5,24.27027419542807
RFK,8.890056423682694
RFWD3,9.026096835100784
RGL1,0.4252606921729954
RHAG,0.3012257575781964
RHBG,0.1784483242537999
RHCG,10631.336755310558
RING1,2.226916917212862
RIOK1,0.7720457953488212
RIOK2,0.1541644494740483
RIOK3,55.33678202078787
RIPK1,7.443246881156113
RIPK2,2.939258692344463
RIPK3,11.323497220988276
RIPK4,42.32283161257617
RIPOR1,1.8350848174091228
RNF103,2.988367363631277
RNF115,10.81388856896353
RNF123,6.232395666132527
RNF125,0.11458404989055775
RNF126,38.833841735439265
RNF128,0.24377734156780997
RNF13,14.424960778670817
RNF130,18.97200096886544
RNF133,0.003117280295805989
RNF138,3.279974697154925
RNF139,8.641509564941172
RNF14,4.245837422270232
RNF144A,0.723713217418758
RNF144B,6.883214137528123
RNF146,3.9615365111900345
RNF149,40.97512017355139
RNF152,0.43459442575627866
RNF167,106.762037414091
RNF180,0.021619335392330758
RNF182,0.003744878351729041
RNF185,11.783800162588282
RNF187,110.21230373393357
RNF19A,8.408690429118321
RNF19B,35.8988730547088
RNF2,4.404811931386996
RNF20,1.797976970973075
RNF216,4.206634515107651
RNF217,2.48502976147179
RNF25,16.90430386024934
RNF31,13.080320441633695
RNF40,1.9914469908626016
RNF41,7.260965419297504
RNF5,0.00016219936966659377
RNF8,4.648322808919213
RNGTT,2.922530552420183
RNMT,21.99875764852766
ROCK1,3.059260211867716
ROCK2,4.372514522511786
ROR1,0.07905045742978958
ROR2,0.02060222800983321
RORA,1.0149994408686935
ROS1,0.00031860610110852664
RPAP2,2.5371165913655624
RPE,37.61531010166611
RPE65,3.011840146847153
RPIA,17.583344306645646
RPL14,666.3085685951662
RPN1,1270.3180700350863
RPN2,449.70292600082
RPP14,21.90050752015519
RPS6KA1,43.47058716968061
RPS6KA2,6.525160847481631
RPS6KA3,1.3263082398838284
RPS6KA4,2.8007641631473605
RPS6KA5,0.5060228659569762
RPS6KA6,0.00920818188932092
RPS6KB1,1.654667101480161
RPS6KB2,95.63130218011965
RPS6KC1,0.3854884618980223
RPUSD4,0.7181905720366355
RRM1,41.38511175803006
RRM2,17.53146701862624
RRM2B,3.2976675415944663
RTCA,1.6973780629584712
RWDD2A,0.7697820158309963
RXRA,51.9620625672992
RYK,13.942923862588623
SACM1L,5.242560097472099
SAE1,303.7902011641473
SAP130,0.6596755916570112
SARDH,0.13035004937748287
SARS,160.81252124595784
SARS2,7.199985881573724
SAT1,973.8399412148545
SAT2,22.134514662513595
SBK1,0.07518569472375053
SC5D,1.7142905425756392
SCARB1,2.087281652019303
SCARF2,0.3542310821551545
SCD,39.65660761934655
SCD5,3.4500250531469066
SCLY,0.009898803364880665
SCP2,133.97467840031004
SDC1,123.71176247370387
SDHA,121.31617386016273
SDHB,292.36762295890344
SDHC,6.972948285931631
SDHD,1.907709580579276
SDR16C5,27.817974974054792
SDR42E1,2.877202425492139
SDR42E2,0.3354345050980549
SDR9C7,12.570430656514075
SDS,1.3518006767335773
SDSL,2.389197787360486
SEC11A,224.68806303409775
SEC11C,3.069765350331605
SELENOI,0.1784505883933933
SEPHS1,210.1227767670792
SEPHS2,21.75811799382084
SERPINA1,1.408535415515936
SERPINA3,0.6298212040029603
SETD1A,0.1866224632004943
SETD1B,4.19146110432115
SETD2,0.02268356388960294
SETD5,10.44325954273876
SETD7,2.9407461594728295
SETDB1,0.1466615689447323
SETDB2,0.2164141684100268
SETMAR,0.8561689062520265
SFXN3,1131.7426385497865
SGK1,102.37467741497187
SGK2,0.003025381706734904
SGK3,0.0006143237182980308
SGMS1,6.655880043697376
SGMS2,5.546992696755922
SGPL1,48.14870373666938
SGPP1,5.0058514857646585
SGPP2,13.779745890083433
SGSH,9.102798713016584
SH3RF1,2.913705423648049
SH3RF2,19.84254599556684
SH3RF3,0.4093011250218323
SHMT1,224.2420483106086
SHMT2,867.534431734123
SHPK,2.319222686520385
SHPRH,0.22017771347524565
SI,0.18373547314711697
SIAE,6.729627342163039
SIAH1,2.2233978022323466
SIAH2,39.753464467236306
SIK2,1.90255348752557
SIK3,2.7631583959072143
SIN3A,2.939672626783694
SIN3B,0.0765130637597893
SIRT1,1.484457926020715
SIRT2,29.941777067188426
SIRT3,4.718845743313854
SIRT5,1.3978977326245043
SIRT6,11.28216669885094
SIRT7,27.831834820383964
SLC10A1,0.7013693927428878
SLC10A2,0.058748703153154044
SLC10A6,7.231933791573011
SLC11A1,0.29086591863686134
SLC11A2,3.7143563435699214
SLC12A1,0.0005793812032453719
SLC12A2,1.03738162630742
SLC12A3,0.00047156026196589986
SLC12A4,0.3222363476537689
SLC12A5,0.0021581998708161674
SLC12A6,0.2005279257649004
SLC12A7,1.0230419885123136
SLC13A1,1.3898493503991496
SLC13A2,0.9791894450655247
SLC13A3,0.042510717206261546
SLC13A4,1.7257883252243376
SLC13A5,0.04774980890713403
SLC14A1,0.0003673169833181389
SLC14A2,0.00013850878123856678
SLC15A1,0.08661210998225356
SLC15A2,0.43202187873577413
SLC15A3,28.137170068954745
SLC15A4,7.3197932715381935
SLC16A1,54.899029178030744
SLC16A10,0.04888866838174841
SLC16A2,7.499676718739305
SLC16A3,43.97058268411002
SLC16A7,0.34976110271390526
SLC16A8,0.011464403279898285
SLC17A1,0.06505057075080632
SLC17A2,0.014797084619435076
SLC17A3,0.0004890425764083125
SLC17A4,0.016758172785412122
SLC17A5,2.1419591306125443
SLC17A6,0.03561924497624714
SLC17A7,0.02576191292106035
SLC17A8,0.00016200002232499424
SLC18A1,0.058656845323138175
SLC18A2,1.9127033917845586
SLC18A3,0.21567887479427153
SLC19A1,1.6613434804726308
SLC19A2,1.215966147452417
SLC19A3,0.01670178204762197
SLC1A1,0.5481277885340246
SLC1A2,0.00119133247355874
SLC1A3,0.8264907570670323
SLC1A4,1.5067679244297394
SLC1A5,206.54868366460332
SLC1A6,0.0013839414432871404
SLC1A7,0.0013132344322126259
SLC20A1,12.097463439655725
SLC20A2,37.46002239081894
SLC22A1,0.023907019626869554
SLC22A10,0.10034501076203277
SLC22A11,0.0003087146911506899
SLC22A12,0.0020851062324957286
SLC22A13,0.0013979519465253819
SLC22A16,0.0029841005302160294
SLC22A18,8.64318722139028
SLC22A2,0.6215418871526734
SLC22A3,1.2732628610888501
SLC22A4,0.4289582959408283
SLC22A5,1.88520610787659
SLC22A6,0.0017041879416877098
SLC22A7,0.3754031874781076
SLC22A8,0.6796964855365107
SLC22A9,0.11807453767167743
SLC23A1,0.00512163710246019
SLC23A2,2.1939783440982095
SLC24A1,0.2684625025760269
SLC24A2,0.009504023156249042
SLC24A3,1.7026477015891446
SLC24A4,0.0036552211752611916
SLC25A1,390.64575734115914
SLC25A10,26.389299505183498
SLC25A11,642.7104088261887
SLC25A12,111.73881987922256
SLC25A13,129.0039803540088
SLC25A14,1.0534555159621235
SLC25A15,1.1199759156595455
SLC25A16,1.2040624545492904
SLC25A17,7.358512813466155
SLC25A18,0.06727712964719489
SLC25A19,1.8505161354396307
SLC25A2,0.00653373151714674
SLC25A20,1.569625898859341
SLC25A21,4.048901947209254
SLC25A22,15.713130648316993
SLC25A26,2.743065932813443
SLC25A27,0.05770244498819304
SLC25A28,33.12975974736715
SLC25A29,3.0077459228302375
SLC25A3,1945.7650237210912
SLC25A37,4.2143220297018384
SLC25A4,27.438937773825394
SLC25A5,3832.6155791241886
SLC25A6,41.01736600702793
SLC26A1,0.027195399755809976
SLC26A11,1.5325676202992582
SLC26A2,0.87194148917997
SLC26A3,0.0011775789685941234
SLC26A4,0.013362568545570457
SLC26A6,2.0123885662027674
SLC26A7,0.00025473006393191894
SLC26A8,0.00018603221537192584
SLC26A9,0.29830996473173255
SLC27A1,0.6139997772706872
SLC27A2,0.6942746474681782
SLC27A3,6.27531735964305
SLC27A4,9.994823542005404
SLC27A5,0.26576689207267246
SLC27A6,0.03606919377856412
SLC28A1,0.0002014809901774743
SLC28A2,0.00031734013808611003
SLC28A3,0.7895331680637109
SLC29A1,15.37260934996415
SLC29A2,0.650687073987693
SLC29A3,0.90356720928935
SLC29A4,0.11044736632019013
SLC2A1,143.80206123867217
SLC2A10,0.2025342739499111
SLC2A11,0.08358661010665665
SLC2A12,0.43605248119793905
SLC2A13,0.12177156248731932
SLC2A14,0.012054606452552394
SLC2A2,0.7271472329221568
SLC2A3,1.1646530780091369
SLC2A4,0.02262329101616867
SLC2A5,1.1384165369674597
SLC2A6,1.696605765317342
SLC2A7,0.011233733539527021
SLC2A8,11.517221308664748
SLC2A9,4.751700985709052
SLC30A1,3.2577546129285833
SLC30A6,4.249560463641686
SLC30A7,12.335639790749235
SLC31A1,10.320504982463673
SLC32A1,0.0002983628266403865
SLC33A1,527.2843683719021
SLC34A1,0.007909544706598179
SLC34A2,0.26550314124992286
SLC34A3,0.05652682984296396
SLC35A1,3.2379789277531024
SLC35A2,16.658949160836517
SLC35A3,3.2067917380951845
SLC35B2,0.6477863039689302
SLC35B4,1.5927605453862745
SLC35C1,25.494271197360618
SLC35D1,2.920003822631994
SLC35D2,15.775399818426811
SLC36A1,2.90250242315439
SLC36A2,0.00020041076659546
SLC36A4,0.8149787065740662
SLC37A1,9.766516329616287
SLC37A4,3.132986682593735
SLC38A1,22.914735339060282
SLC38A2,303.65480800012375
SLC38A3,0.033759298941916135
SLC38A4,0.5494487434342861
SLC38A5,9.756048841848106
SLC39A7,4.247138177983928
SLC3A1,0.00034503475647662855
SLC3A2,154.05286754511155
SLC40A1,3.081373785638032
SLC41A1,5.432575075027445
SLC41A2,0.14914201672082614
SLC43A1,0.16833976124416553
SLC43A2,2.0011455458334684
SLC46A1,0.010435637202736207
SLC47A1,0.40732123333486486
SLC47A2,0.11570329793325644
SLC4A1,0.0018167230231118153
SLC4A10,9.573897864564045e-05
SLC4A2,15.407345977842894
SLC4A3,1.2149062576350822
SLC4A4,0.005503150376167724
SLC4A5,0.3980984185954155
SLC4A7,0.18626004881722713
SLC4A8,0.01440069007697974
SLC4A9,0.0005626843242510947
SLC51A,0.15730939956507933
SLC51B,0.1317954273752661
SLC52A1,0.11277172956640528
SLC52A2,0.09357936368667576
SLC52A3,0.28454763876001143
SLC5A1,2.0364020981900146
SLC5A10,24.671694687218377
SLC5A11,0.00033888885021042336
SLC5A12,0.0021596484615999468
SLC5A2,0.0033734186234894337
SLC5A3,1.2062049694625208
SLC5A5,0.0023096102866685553
SLC5A6,6.009125199308578
SLC5A7,0.00011323867219854951
SLC5A8,0.3418527760399266
SLC5A9,0.002613015950392138
SLC6A1,0.09689293437162663
SLC6A10P,0.34956431505579005
SLC6A11,5.0567270537219855
SLC6A12,0.005260058058725553
SLC6A13,0.0016082197325126366
SLC6A14,5.86224462414923
SLC6A18,0.020564936803086797
SLC6A19,0.0002964278548790807
SLC6A2,0.2380066401489441
SLC6A20,0.000997218892245116
SLC6A3,0.01743540974832506
SLC6A4,0.045452424467861054
SLC6A5,0.10319845039380167
SLC6A6,0.4270606386475823
SLC6A7,0.0012306348231906615
SLC6A8,64.70780797477295
SLC6A9,12.503340509273999
SLC7A1,31.96544505651235
SLC7A10,0.0004412252472437449
SLC7A11,0.8422843773045227
SLC7A2,0.08881342887790268
SLC7A3,0.04448941571177317
SLC7A5,56.844390109341276
SLC7A6,2.8063728362822236
SLC7A7,0.8372430360574715
SLC7A8,23.650754134685734
SLC7A9,0.0023186755355935015
SLC8A1,0.09918685259288862
SLC8A2,0.001738647154784783
SLC8A3,0.0012280305157538669
SLC8B1,0.13932836983899105
SLC9A1,67.67548228323916
SLC9A2,0.0015925325826784767
SLC9A3,0.8496037156041807
SLC9A4,0.07428079946114209
SLC9A5,0.03754618434378061
SLC9A7,0.3116374096243024
SLC9A8,1.693882103201285
SLCO1A2,6.247405390457552e-05
SLCO1B1,0.5745214485775751
SLCO1B3,0.0002394839019873834
SLCO1C1,0.0013087868524476532
SLCO2A1,6.769147540234405
SLCO2B1,1.6017958561437118
SLCO3A1,5.982208698084627
SLCO4A1,16.755604659369567
SLK,54.35485507762874
SMARCD3,3.43621269944957
SMG1,0.44435630187809805
SMPD1,9.674819062526298
SMPD2,6.541858273188821
SMPD3,0.02903575055177937
SMPD4,7.007241273954886
SMS,113.37375629409914
SMURF1,9.827439312121797
SMURF2,3.8463959520402207
SMYD3,4.295706869436102
SNRK,6.867120358130567
SOAT1,2.4641713379883297
SOAT2,0.03851469660213973
SOD1,1248.950694973937
SOD2,242.40317846354273
SOD3,2.00096361909497
SORD,11.802438371331128
SPCS1,75.09921573419791
SPCS2,68.2471598513492
SPCS3,234.3256820461721
SPEG,0.2885543290054339
SPHK1,35.03331524732138
SPHK2,0.5833575847910891
SPR,260.87723785827274
SPRYD3,47.393349614221194
SPTLC1,50.57920485652216
SPTLC2,2.8763522375457176
SPTLC3,1.7167560117195448
SQLE,0.9126807222087323
SRC,19.672009727558773
SRD5A1,11.873031429545565
SRD5A2,0.0003206130519939565
SRD5A3,3.2001880004997263
SREBF1,28.639517974743693
SRM,680.0341008399063
SRMS,0.03847506260538657
SRPK1,8.590732707127534
SRPK2,17.116484555062183
SRPK3,0.01062433946728127
SSH1,6.873213434595072
SSH2,2.2191505281834902
SSH3,35.129731181503146
SSR4,546.0188497089647
SSU72,198.02601591531575
ST3GAL1,6.410463228105513
ST3GAL2,1.9032234492439304
ST3GAL3,1.7329553347120008
ST3GAL4,26.41978275518371
ST3GAL5,3.5493013352072467
ST3GAL6,0.19586628184634097
ST6GAL1,0.9774864000870622
ST6GALNAC1,6.292281010382415
ST6GALNAC2,13.687669486761287
ST6GALNAC3,0.027827849442790556
ST6GALNAC4,5.636878811148497
ST6GALNAC5,0.033364039955220096
ST6GALNAC6,24.348928602714018
ST8SIA1,0.012020913733594091
ST8SIA4,0.14766943844213185
ST8SIA5,0.004420555826336331
STAMBP,11.382957887833504
STAMBPL1,1.499970521759174
STARD3,18.534324559212095
STK10,0.4337530665503983
STK11,28.02903943136063
STK16,0.7778060608794287
STK17A,24.52034479160707
STK17B,5.180597803464153
STK19,0.6803650157488002
STK24,114.15817941498358
STK25,3.8789487278030066
STK26,0.629690691282171
STK3,12.795515251738216
STK31,0.025600377094577412
STK32A,0.00048157414529876826
STK32B,0.05038840767624399
STK32C,1.5794786220238988
STK33,0.0007332325869129245
STK35,13.245664397317807
STK36,0.4787032209924627
STK38,11.776908852869685
STK38L,9.237339436043486
STK39,34.808104555544894
STK4,1.1179426449217873
STRA6,0.08404914717045546
STS,0.4410347935509125
STT3A,15.16341346418011
STT3B,28.157134431706098
STUB1,26.962177980918657
STYK1,1.1771681984096558
STYXL1,47.61190363856808
SUCLA2,61.698812136920964
SUCLG1,320.93973132961656
SUCLG2,213.38039524983168
SULT1A1,0.19374268599202318
SULT1A2,0.01755765605641403
SULT1A3,3.7503041530200782
SULT1B1,0.32250206800412784
SULT1C2,1.4031706299134283
SULT1C4,0.031314234557257195
SULT1E1,1.624702111731311
SULT2A1,3.553854432798619
SULT2B1,447.1079872148221
SULT4A1,0.003886602714301174
SUOX,3.5464177557789336
SUV39H1,5.340607607688947
SUV39H2,1.2221576944034178
SYK,19.737139605467366
SYNJ1,0.01727097003507725
SYNJ2,0.0743697010150531
SYVN1,0.585173379076316
TAF1,1.0146302816818107
TALDO1,492.21201455487073
TAOK1,1.5691115915429459
TAOK2,11.907507941093545
TAOK3,8.557091571120784
TARS,420.7512864148046
TARS2,1.4618873946290898
TARSL2,3.6631717565031328
TAT,0.00027103082222441487
TBCB,96.86083298586401
TBK1,0.6425344911881474
TBL1X,4.756581329644503
TBL1XR1,5.936575797869202
TBXAS1,0.6221952422004589
TCIRG1,25.35164435060335
TDO2,0.6497911980762431
TECR,245.8908639661764
TECRL,0.11400593534832566
TENT2,0.15316461371698084
TENT4A,0.45357387630786017
TESK1,23.433009114036636
TESK2,0.848797053038313
TFRC,53.108390821849405
TGDS,1.6430686015747273
TGFBR1,26.583405544764624
TGFBR2,21.70458277698697
TGM1,3680.027142104086
TGM2,4.376754853742474
TGM3,3795.9717622428125
TGM4,0.08999714049435273
TGM5,9.485832667979402
TGM6,0.004303065036041311
TGM7,0.005274119906102532
TGS1,6.871365957519426
TH,0.1691722398888906
THNSL1,0.3059084177701769
THTPA,1.674325831244028
TIAM2,0.009562145681448317
TICRR,0.05167590734814967
TIPARP,34.36760371478126
TK1,198.42959020682085
TK2,1.6864046071154117
TKFC,17.655218887752373
TKT,181.73338785245713
TKTL1,0.00025264292299872977
TKTL2,0.0002650937700964316
TLK1,3.3963623368699056
TLK2,0.10886925110779379
TM7SF2,26.67296257920532
TMEM91,3.376998786094445
TMLHE,0.7447071366791209
TMX3,4.485466690143
TNFRSF21,127.15875139097726
TNIK,0.25614558641032753
TNK1,8.146358146885603
TNK2,10.825706851470459
TNKS,1.1197082623980943
TNKS2,11.974171316862046
TNNI3K,0.3354345050980549
TNS2,1.434061794943761
TOPORS,5.737985571916258
TP53RK,4.033009628563169
TPH1,0.003382261923712339
TPH2,0.0003368818035154297
TPI1,10075.911938563497
TPI1P2,14.843387781034714
TPK1,0.3999938565918532
TPMT,6.779188445159778
TPO,0.008148967192512142
TPP1,49.31256004589621
TPSAB1,47.63918718641894
TPSB2,48.655201094073526
TPSD1,2.2915040985158903
TPST1,3.6281544633231664
TPST2,18.29075957353042
TPTE,0.3354345050980549
TPTE2,0.002660063720109853
TRAF7,54.590870607141916
TRDMT1,0.05743068911306479
TREH,0.19097268827556715
TREX1,3.0576009610902757
TREX2,0.22732444612226038
TRHDE,0.0002684393983613458
TRIB3,10.88120581530993
TRIM11,12.589694609109046
TRIM32,2.337360893671437
TRIM33,2.414409207619864
TRIM63,0.0035198374680150382
TRIO,0.6555308617034145
TRIP12,13.518709271924667
TRIT1,9.549983620576107
TRMT1,4.179549054342837
TRMT11,1.6947177286401773
TRMT1L,2.494247595046327
TRMU,7.510465821506861
TRPM6,0.08087852329793115
TRPM7,1.1281872963248618
TSSK1B,0.01793943516604257
TSSK2,0.0231714118888251
TSSK3,0.1666607171666606
TSSK4,0.033442290236183184
TSSK6,0.20135751500890062
TST,79.12245476654033
TSTA3,690.7604740054097
TTC3,1.8035620393268623
TTK,0.2855317809515
TTL,0.6918880074551806
TTLL10,0.0034539233133472212
TTN,0.007355179671111865
TUSC3,0.28046153513072725
TUT1,0.2031500146527586
TUT4,0.6950417161591614
TUT7,0.1907089895411479
TXN,6410.723871003282
TXN2,34.342954610734296
TXNRD1,64.91481672692106
TXNRD2,7.678228900772242
TXNRD3,0.7526677707628174
TYMP,1064.8586294244205
TYMS,30.438050819443294
TYR,0.1046323172264974
TYRO3,4.039150508676965
TYRP1,0.001187901695226689
UAP1,42.74672479741879
UAP1L1,2.472754383663742
UBA1,736.7812503774024
UBA2,85.20917769369484
UBA3,30.690449426844935
UBA6,167.56304783267103
UBA7,10.351594290534715
UBE2A,49.499352162029574
UBE2B,25.45762318660378
UBE2C,22.334835265721285
UBE2D1,5.8526894815501
UBE2D2,27.74986848020179
UBE2D3,1084.8631253975618
UBE2D4,0.7623564895315832
UBE2E1,46.421050859243806
UBE2E2,3.9890414607670395
UBE2E3,7.160181933136307
UBE2F,1.2053762479418089
UBE2G1,22.543971289945162
UBE2G2,2.7563922750969962
UBE2H,245.33714234969335
UBE2I,741.676730408342
UBE2J1,7.183597362800329
UBE2J2,30.21809797378236
UBE2K,452.9304755553123
UBE2L3,956.8590096881579
UBE2L6,107.17527386766366
UBE2M,101.44342308663697
UBE2N,51.790931016752545
UBE2NL,13.63627231200777
UBE2O,6.791942241122574
UBE2Q1,4.411687292584194
UBE2Q2,1.977567762358618
UBE2QL1,0.05642534035978555
UBE2R2,13.737050653100248
UBE2S,36.39022399119261
UBE2T,4.549735665776583
UBE2U,0.023784263818109993
UBE2W,3.7899614027530792
UBE2Z,98.26230971442327
UBE3A,10.269937671332013
UBE3B,6.010001391604
UBE3C,4.685063228021758
UBE4A,0.5404288295190243
UBE4B,1.9615807563011887
UBLCP1,67.4308475869315
UBR1,0.2359214863783702
UBR2,2.027922264688542
UBR3,0.015321188770056317
UBR4,5.271696550519802
UBR5,0.3856960847186677
UBR7,8.697967722832864
UCK1,12.885005914305824
UCK2,6.756237628026064
UCKL1,9.32104162030181
UCP1,0.058364989262093596
UCP2,12.211845134732828
UCP3,0.03642397828778006
UEVLD,3.7698475272354877
UGCG,31.470676355868715
UGDH,67.40493321138167
UGGT2,0.34767740679144044
UGP2,1246.1252212029333
UGT1A1,0.003206444474253667
UGT1A10,0.12148739418353663
UGT1A3,1.0114790584917612
UGT1A4,0.0003341059735492553
UGT1A5,0.4044927492424471
UGT1A6,3.0889998224464783
UGT1A7,3.308238938603517
UGT1A8,0.03145245552983055
UGT1A9,0.009553300108905314
UGT2A1,0.3354345050980549
UGT2A3,1.2389146853275619
UGT2B10,1.2536713325042186
UGT2B11,0.23720441855058141
UGT2B15,0.00035813792353631233
UGT2B17,0.6033232516115735
UGT2B28,0.001265050301200672
UGT2B4,0.7544150219594951
UGT2B7,0.002141898254664097
UGT3A1,0.00029215197724883095
UGT3A2,0.0003319523579630294
UGT8,0.047764466394466874
UHMK1,11.691006213959048
UHRF1,1.6676176711960067
UHRF2,7.107802070216778
ULK1,7.663851812050501
ULK3,15.022526495885737
ULK4,0.08713511079098057
UMPS,135.44753464646084
UPB1,0.010159926130618216
UPP1,18.525542895366385
UPP2,0.3354345050980549
UPRT,0.9234588789057268
UQCR10,36.3792168177038
UQCR11,70.07428525743529
UQCRB,24.913465821023827
UQCRC1,1711.788366368863
UQCRC2,2157.9562235585263
UQCRFS1,221.63686676959463
UQCRH,38.158390059203164
UQCRQ,41.19841368652637
UROC1,0.0005233327670327948
UROD,44.83580879659677
UROS,17.7560828058921
USP1,9.740019697498578
USP10,5.574527951627376
USP11,12.574515575630373
USP12,1.5897415951329097
USP13,0.09872128777659797
USP14,87.95741722317482
USP15,3.1529088479393597
USP16,7.863164612701541
USP17L2,0.0005837953915780822
USP17L22,0.04998256910149056
USP17L30,0.050968258904732194
USP17L5,0.050968258904732194
USP17L9P,0.3354345050980549
USP18,4.261391326192305
USP19,0.5502447438428486
USP2,1.5264521391089256
USP20,3.4190821517062986
USP21,9.462880405742748
USP22,43.40554550232861
USP24,0.9285766176262227
USP25,0.06207423120347892
USP26,0.0002660233092336057
USP28,3.478798640739939
USP29,0.08228852752006045
USP3,0.41668890799590236
USP30,0.07330537520972315
USP31,1.402558625644782
USP32,0.4373988296634711
USP33,7.517449979323299
USP34,4.543594370532352
USP35,1.5995629864808254
USP36,5.738113370354526
USP37,0.9617468368534663
USP38,5.951030502744109
USP4,1.5501116154502426
USP40,0.34842927047186173
USP41,0.01834435481333142
USP42,1.7930253673764005
USP43,2.3943225904573904
USP44,0.07564205758581395
USP45,0.3055064307396518
USP46,0.9335235758927014
USP47,2.869845358974126
USP48,0.20605889259601665
USP49,0.018950540875803494
USP51,0.023676345675454027
USP6,0.035334090454301297
USP7,22.980069206452914
USP8,0.4640175808667938
USP9X,3.6418834759036662
USP9Y,0.8426845685893178
UST,0.7274237588593028
UXS1,12.593922528197243
VARS,30.338856064896305
VARS2,5.867597456281886
VKORC1,43.24805769917998
VNN1,0.010469238099293648
VNN2,0.0362625979242633
VNN3,0.03583288242199119
VRK1,52.09625361507431
VRK2,6.332617226035711
VRK3,9.590195681291995
WARS,3259.729523414482
WARS2,6.19175241778635
WDYHV1,4.165890464862409
WEE1,9.102855192557218
WEE2,0.0006174141364340892
WNK1,2.7953533328197953
WNK2,0.03620085581540019
WNK3,0.001355098536888254
WNK4,0.1599432917124024
WWOX,1.5301097348195773
WWP1,8.224577124967507
WWP2,0.12636373877548487
XDH,6.9128256718560515
XPO6,0.41829621626731867
XPO7,13.44616323039835
XYLB,0.16730620541989996
XYLT1,0.4520904203127835
XYLT2,11.688251117030717
YARS,3455.4159456766797
YARS2,28.270115207171106
YES1,18.57471183491489
ZADH2,1.6287630132894786
ZAP70,0.30498329369221877
ZC3HAV1,2.970690943500492
ZNRD1,0.8337137379118805
ZNRF1,7.5381257924798835
ZNRF2,4.108084785783876
ZSWIM2,0.015679988656711358
