A4GALT,0.522834267358995
A4GNT,0.21321462884586356
AACS,34.71237056227834
AADAC,0.0006090004090419951
AADAT,1.2680108838519832
AAK1,3.740436796235597
AANAT,0.028485592920991277
AARS,391.42409908893416
AARS2,6.637121455869978
AASDH,1.1666054724760628
AASDHPPT,5.745340235167866
AASS,0.40592968130659884
AATK,0.19882627621243998
ABAT,0.0342662772740683
ABCA1,0.11945184090575241
ABCA3,8.18385562765966
ABCA4,4.6828662829593934
ABCA8,0.0012530076575855747
ABCB1,0.04792128385403777
ABCB11,0.04664320692677182
ABCB4,0.010914054821760114
ABCB6,25.140187294206196
ABCC1,0.5664653846077193
ABCC11,0.7923730405300786
ABCC2,0.025665391382131163
ABCC3,0.1193791187439267
ABCC4,0.012707963000955889
ABCC5,5.397790789157539
ABCC8,0.0003321921274231762
ABCC9,0.007385619435675727
ABCD1,4.241016754623671
ABCD2,0.0017051177080227304
ABCD3,20.05714278549225
ABCG2,0.026330089537536017
ABCG5,0.006077779449214784
ABCG8,0.003604280012948257
ABHD12,13.659582151304036
ABHD5,9.367142794331091
ABHD6,0.21356738431859984
ABL1,6.941794386936839
ABL2,1.1270552047036988
ABO,0.004243072261921725
ACAA1,42.73694051939852
ACAA2,28.10123199399783
ACACA,13.57128678567981
ACACB,0.13778253139920424
ACAD10,13.309074603967552
ACAD11,0.014659118816731487
ACAD8,28.520424442143895
ACAD9,375.283037215624
ACADL,0.1425084327726163
ACADM,26.764969111289123
ACADS,12.076282661260473
ACADSB,9.42494193353118
ACADVL,593.9075306343025
ACAT1,78.22188881822981
ACAT2,13.53694992359577
ACE,2.2593157706323086
ACE2,0.01874269948711881
ACER1,0.012446493647036285
ACER2,0.015000779750091162
ACER3,0.4033384629599706
ACHE,0.0011965065865795852
ACLY,81.19272822855761
ACMSD,0.002247069352116887
ACO1,6.267381233206678
ACO2,10.457132184563863
ACOT1,0.2441275544159256
ACOT11,0.07881112094841278
ACOT12,0.0004530192565332931
ACOT13,10.894600454513323
ACOT2,0.47654936847525725
ACOT4,0.3773395766910442
ACOT6,0.0030428550391811927
ACOT7,16.160794898861543
ACOT8,13.765235332185224
ACOX1,1.3749930822866716
ACOX2,0.2213817419141798
ACOX3,19.003655842056965
ACP1,4834.85388480614
ACP2,3.500732852847348
ACP4,0.0036202735317779565
ACP5,14.580440242106487
ACP6,12.496087042573452
ACP7,0.44999467512671487
ACPP,0.0021918947054859837
ACSBG1,0.03682778139374427
ACSBG2,0.029634966246781035
ACSF2,3.751264787945778
ACSF3,6.325284163495967
ACSL1,2.24847843813385
ACSL3,3.090359480164444
ACSL4,1.3437308104761032
ACSL5,0.8605103510183498
ACSL6,0.05119821186306683
ACSM1,0.3493664029027431
ACSM2A,0.0585122933778039
ACSM2B,0.0003412626231139337
ACSM3,0.7479161450192546
ACSM4,0.24076687484729298
ACSM5,0.705556896032102
ACSS1,1.9849932993747081
ACSS2,0.3489796427506361
ACSS3,0.20782481867477068
ACVR1,5.091420255198452
ACVR1B,2.4525338706314064
ACVR1C,0.002569201213799514
ACVR2A,0.2048304713140914
ACVR2B,0.47318734079395003
ACVRL1,0.5548842431088901
ACY1,36.93120460947158
ACY3,0.6200395869501598
ACYP1,12.115408500285715
ACYP2,3.393762878603456
ADA,3.8065086701135966
ADCY1,0.02962372032391763
ADCY10,0.0020093098146756355
ADCY2,0.03229898061687945
ADCY3,2.7530954640594922
ADCY4,0.09184445402783296
ADCY5,0.015269345727323252
ADCY6,6.725327712618742
ADCY7,2.324844534091964
ADCY8,0.014297579939521729
ADCY9,0.6589969482325412
ADH1A,15.260920881477592
ADH1B,0.08637262231115336
ADH1C,0.0031375628653763474
ADH4,3.1026068878428408
ADH5,367.5730125700544
ADH6,0.006185572555547691
ADH7,0.11332845673771044
ADHFE1,1.4272999991300115
ADI1,98.83553129154464
ADK,26.710131700376767
ADO,11.615441826188752
ADPGK,17.838892033567966
ADPRH,4.436674059198273
ADSL,427.00960670198936
ADSS,354.46045894183015
ADSSL1,0.35065918789242373
AFMID,10.583593058090898
AGA,26.463255813436394
AGK,7.695461357589416
AGL,0.08948622452423168
AGMAT,0.17181167622826074
AGPAT1,1.8593829378922004
AGPAT2,68.4992785702845
AGPAT3,20.025055110291845
AGPAT4,0.25718140347658214
AGPAT5,6.830114533568687
AGPS,11.942751972463018
AGT,244.9044873220942
AGXT,1.1981950333722313
AGXT2,0.01612569402911584
AHCY,7021.046557639458
AHCYL1,4.280797043615428
AHCYL2,0.4993536900189916
AICDA,0.0002831011835574835
AK1,401.43500671932253
AK2,1146.1151386560937
AK3,4.428120837237979
AK4,165.82328760832468
AK5,0.035502551785408246
AK7,0.0007954708520904755
AKR1A1,508.74141856809297
AKR1B1,29.383989929241846
AKR1B10,0.6349195243406427
AKR1B15,0.15702042546209047
AKR1C1,18.754321202628844
AKR1C2,13.226256288766914
AKR1C3,29.948728435815738
AKR1C4,0.002399721043469375
AKR1C8P,0.3354345050980549
AKR1D1,0.0020098226805466152
AKR7A2,91.06945272131854
AKR7A3,0.023997123772599452
AKT1,3.457591882827446
AKT2,1.4130105637258397
AKT3,8.45696148291981
ALAD,296.3466510060469
ALAS1,25.539650427653598
ALAS2,0.014283864399646785
ALB,0.005648477779599576
ALDH18A1,291.1556920666008
ALDH1A1,1.444287216580806
ALDH1A2,0.001715060218275596
ALDH1A3,0.7113932008635747
ALDH1B1,13.112697822930619
ALDH1L1,3.350580127637841
ALDH1L2,0.7313043767395131
ALDH2,216.27504467998222
ALDH3A1,0.009200634772851131
ALDH3A2,53.8923245660081
ALDH3B1,3.397905675474238
ALDH3B2,6.851109645499494
ALDH4A1,2.2369490202012763
ALDH5A1,1.6067265648167566
ALDH6A1,0.24951503683774232
ALDH7A1,14.371064124778718
ALDH9A1,757.329955034547
ALDOA,7993.263027040072
ALDOB,0.00508021302926486
ALDOC,27.134221481711005
ALG1,2.3277757914821144
ALG10,0.09863293771902905
ALG11,0.21785214923768242
ALG12,7.524515945755408
ALG13,1.5404622429804078
ALG14,3.9517956656562276
ALG1L,0.36155227319513294
ALG1L2,0.0567431868533356
ALG2,34.90914814643354
ALG3,4.526182826584056
ALG5,33.10916947377664
ALG6,3.9840329021251843
ALG8,25.557987363516656
ALG9,2.0301193340512653
ALK,0.007955687186839323
ALLC,0.0032250664692524554
ALOX12,2.1017230845326513
ALOX12B,0.01797942362137391
ALOX15,0.4468759279308977
ALOX15B,0.14425408106246665
ALOX5,2.053250572351472
ALPG,2.1334538652401167
ALPI,0.09522613776587274
ALPL,6.447362993964818
ALPP,0.12394730653401177
AMACR,4.561627143524231
AMD1,37.95135278967992
AMDHD1,0.0018763649946269177
AMDHD2,8.491794600296489
AMFR,0.20649848953609132
AMHR2,0.06348622862741445
AMN,0.009382606908806542
AMPD1,0.007275175097819876
AMPD2,5.141485489478258
AMPD3,0.3388445315710555
AMT,2.1197414427736585
AMY1A,2.6438139326066277
AMY1B,2.6438139326066277
AMY1C,2.6438139326066277
AMY2A,0.0889939016823485
AMY2B,0.14814824335144033
ANAPC11,301.44966963355876
ANGPTL4,49.153210072401556
ANKRD1,0.2277234136474797
ANPEP,1.9599164610346862
ANXA3,216.25445999243553
AOAH,0.07169902360624107
AOC1,0.022327631781835014
AOC2,0.0028007925373662143
AOC3,0.3824854675861475
AOX1,0.00597254960723746
APOA1,0.006231409355132617
APOA2,1.694828684857289
APOA5,0.0012303359717282627
APOB,0.00020484221447963555
APOC1,251.76387672073938
APOC2,27.211319250515267
APOC3,46.87519708233557
APOE,1152.260149369929
APRT,4016.4501042954353
AQP1,4.907018954292276
AQP10,0.0037868645526527175
AQP2,0.00016220477751240303
AQP3,6.860389933120848
AQP4,0.9549852460753272
AQP5,0.01069577745062667
AQP7,0.02068612754407596
AQP8,0.007496671317707236
AQP9,0.0017293702792895698
ARAF,0.776409521264516
ARCN1,119.06722435963697
ARG1,4.130688498982625
ARG2,1.609695066490971
ARSA,10.653007783087187
ARSB,0.6725386537576294
ART1,12.508037072622695
ART3,0.8565793484858886
ART4,0.044531390194695375
ART5,0.031877419779505485
AS3MT,0.014254286546479006
ASAH1,24.772180030856624
ASAH2,0.005103479558056984
ASH1L,0.007232055537390103
ASL,147.81445637080716
ASMT,0.0566304971118221
ASNS,327.3734165548545
ASPA,0.0063012710619500005
ASPG,0.003119968314121138
ASPH,238.3380069735168
ASRGL1,3.886923909671939
ASS1,656.5142174709206
ATE1,0.5397775738119596
ATIC,775.7968867351981
ATM,0.11015079370920758
ATP10A,0.13073633323495062
ATP11A,1.1166207557404269
ATP11C,1.5491550596226846
ATP1A1,34.03662783873332
ATP1A2,0.006113245274694649
ATP1A3,0.009629329124934615
ATP1A4,0.002583759576923298
ATP1B1,109.50066431718851
ATP1B2,0.04698235749692516
ATP1B3,30.41273604579725
ATP1B4,0.0006169576432883052
ATP2B1,1.6379260399349607
ATP2B2,1.8362102270328453
ATP2B3,0.0005898619374359576
ATP2B4,21.43372200584885
ATP4A,0.0005284266465710083
ATP4B,0.2703572249398832
ATP5F1A,124.53265572432873
ATP5F1B,167.30632217246165
ATP5F1C,21.50971022167614
ATP5F1D,155.46511749348954
ATP5F1E,125.55773209538297
ATP5MC1,4.311892001287344
ATP5MC2,2.868050998110428
ATP5MC3,5.997867959791037
ATP5ME,117.38991896387836
ATP5MF,1.481717785000078
ATP5MG,179.57272888452187
ATP5MGL,23.718922705117464
ATP5PB,5.524565248774745
ATP5PD,6.7181129554220975
ATP5PF,4.959033242795014
ATP5PO,42.13932100131758
ATP5S,0.3354345050980549
ATP6V0A1,1.2534527658840666
ATP6V0A2,0.35563351665471704
ATP6V0A4,0.03488956255714982
ATP6V0B,1632.9364941340093
ATP6V0C,613.3118932877335
ATP6V0D1,399.1015095279576
ATP6V0D2,0.030528263852681998
ATP6V0E1,1003.934663540306
ATP6V1A,111.48751819411234
ATP6V1B1,2.0232632802494925
ATP6V1B2,118.97825261012893
ATP6V1C1,14.431675724408802
ATP6V1C2,0.6708931382757046
ATP6V1D,27.068714415555718
ATP6V1E1,198.1157212196101
ATP6V1E2,2.5739431511699724
ATP6V1F,54.6431166788278
ATP6V1G1,48.63059867252295
ATP6V1G2,0.013040083870852854
ATP6V1G3,0.009178115065501685
ATP6V1H,60.06185597763425
ATP7A,0.3980362888367911
ATP7B,0.03989305046394471
ATP8A1,0.5538095272494588
ATP8B1,0.9928339328720571
ATP8B2,0.12387684029410909
ATR,0.01838740605907888
AUH,1.180435657699852
AURKA,0.053632790873932
AURKB,9.517509963899673
AURKC,0.08186892980984835
AWAT1,0.0633604788899994
AWAT2,0.6905945531355334
AXL,0.004412556285366055
AZIN2,0.7963414524148358
B3GALNT1,3.99101553631099
B3GALNT2,8.190724716689783
B3GALT1,0.001049017365273728
B3GALT2,0.02885067557006111
B3GALT4,0.10890930891378024
B3GALT5,0.00020582960764322912
B3GALT6,56.893513959723606
B3GAT1,0.03211037978113706
B3GAT2,0.0004739867815664059
B3GAT3,126.55539902295156
B3GLCT,0.7866139610071975
B3GNT2,3.1983832012019873
B3GNT3,1.977382004484282
B3GNT4,0.05102991226772004
B3GNT5,3.299810056484399
B3GNT6,0.3354345050980549
B3GNT7,2.6865581493348616
B3GNT8,0.8665442934382058
B3GNT9,0.574241703268183
B3GNTL1,7.3579653227661135
B4GALNT1,2.74226041719332
B4GALNT2,0.2339334236115582
B4GALNT3,1.416536632224569
B4GALNT4,21.77015698753667
B4GALT1,18.108810605402727
B4GALT2,283.8764934367801
B4GALT3,150.08277832583798
B4GALT4,3.083110654166376
B4GALT5,5.666019250970553
B4GALT6,0.060240386628449605
B4GALT7,43.70100118640876
B4GAT1,2.277812689362301
BAAT,0.001899949815759523
BARD1,0.014531734162140113
BBOX1,3.1734561888926884
BCAP31,2820.747534896593
BCAT1,2.6176652962039424
BCAT2,27.637682184254547
BCHE,0.00822226829689594
BCKDHA,9.107868434035732
BCKDHB,1.8371129683746499
BCKDK,60.084741709191526
BCO1,0.06461878427195712
BCR,0.34379851961639807
BDH1,17.853052928125653
BDH2,1.383046376157627
BHMT,0.006899505666177831
BHMT2,0.28340778912809045
BIRC6,0.7810486833738959
BLK,0.0008202191387231821
BLVRA,269.88147196386694
BLVRB,1319.8093605120935
BMP1,3.5625337497968452
BMP2K,0.03146731629674944
BMPR1A,0.8432290635434064
BMPR1B,0.005853253824579093
BMPR2,0.7139279357078965
BMX,0.002771973069102577
BPGM,16.806787417223646
BPNT1,65.5939937153549
BRAF,0.17544163762974543
BRAP,0.13631452370464897
BRPF1,3.9700948905486158
BRSK1,5.636805703994029
BRSK2,0.003756559278075303
BSCL2,0.6178292139116512
BSG,115.42967991761485
BTD,3.109082031347857
BUB1,4.777098288578196
BUB1B,0.1283727704263576
C1GALT1,2.126032658908355
CA1,0.0017956287327100427
CA12,13.481165564346925
CA13,80.7175001769282
CA14,0.14273495363752575
CA2,123.8156716277327
CA3,14.464119825091505
CA4,0.0009620270247693173
CA5A,0.08417582761312976
CA5B,0.048808477389104474
CA6,0.23173376272855428
CA7,0.060556108384990384
CA8,7.12870734781394
CA9,0.05173041870924008
CAD,57.64264451728559
CALM1,65.76319435431522
CAMK1,2.1572527362138163
CAMK1D,0.8913788159090447
CAMK1G,0.014222362755253808
CAMK2A,0.0023081492380291253
CAMK2B,0.015027416224927922
CAMK2D,120.13949393704016
CAMK2G,6.1375197718306715
CAMK4,0.00038410318158616343
CAMKK1,8.318457455418105
CAMKK2,10.023094761233772
CANT1,14.760051945080777
CARM1,13.648752176564265
CARNS1,0.008068488050055122
CARS,59.71620684622584
CARS2,43.97502597697781
CASK,29.381791122682632
CAT,67.603218432193
CBLC,17.706393395590702
CBLL1,2.7517222880911203
CBLL2,0.027434690025870352
CBR1,0.18869747030164477
CBR3,142.8149478108035
CBR4,33.13035049893096
CBS,75.29486611935904
CBSL,0.3354345050980549
CBX1,118.08801250188276
CCNB1IP1,34.47904517360058
CD36,0.3959923916300217
CD38,0.0516464438131021
CDA,5.729162459271762
CDC14A,0.22113565534270366
CDC14B,0.07768394953199101
CDC25A,5.158004274433041
CDC25B,54.60282121349838
CDC25C,4.634749150477902
CDC34,12.29580753865988
CDC42BPA,0.6244867375287811
CDC42BPB,0.4256808710349004
CDC42BPG,6.102890224724681
CDC7,0.31799245703045537
CDIPT,147.88259712991396
CDK1,12.633489357071893
CDK10,40.398640581238645
CDK11A,3.6271429649403286
CDK11B,14.382765913919302
CDK12,2.244530914195216
CDK13,2.017358128046213
CDK14,3.808749732438817
CDK15,0.43740773339117117
CDK16,53.790520529144054
CDK17,0.7193116687521022
CDK18,10.339575000506311
CDK19,2.4861752104697366
CDK2,15.945467092221577
CDK20,3.177598316330456
CDK3,1.5727061588340354
CDK4,30.986833432452404
CDK5,27.354021555597754
CDK6,54.999309473799585
CDK7,84.03091736590774
CDK8,1.2303679760508412
CDK9,39.608566055615434
CDKL1,0.18687585588700464
CDKL2,0.00528554643794453
CDKL3,1.0790495675813154
CDKL4,0.019602105639856315
CDKL5,0.003038069933286198
CDKN3,5.777969166967114
CDO1,0.2731759232534799
CDS1,5.714867349359682
CDS2,0.7542442972832022
CDY1,0.256335927830294
CDY1B,0.256335927830294
CDY2A,0.04923577690024244
CDY2B,0.04923577690024244
CEL,0.6405577808088642
CEPT1,2.909926776665362
CERCAM,22.118283068012666
CERK,4.292021439930207
CERS1,0.4977898285207986
CERS2,457.1487362157013
CERS3,0.204503049429499
CERS4,96.8368249347245
CERS5,17.76341667318747
CERS6,1.7770951335245921
CES1,0.09989107423596864
CES2,13.551296271186493
CES3,0.7253084221673191
CES5A,0.03703753789261324
CFTR,0.0011383222787215395
CH25H,0.04747043603640496
CHAT,0.014545141103376102
CHD9,0.4074847434649625
CHDH,23.790459960268283
CHEK1,1.6573450583520528
CHEK2,2.782224296568963
CHFR,3.842519904149354
CHI3L1,32.75303940822676
CHIA,0.028704098894084554
CHIT1,0.017656451849790297
CHKA,5.420286900277777
CHKB,0.0350811561651647
CHMP4A,60.725355281969186
CHPF,91.54062533585194
CHPF2,16.19783293963405
CHPT1,33.583214831616935
CHST1,1.2492107250374538
CHST10,2.5466397768063316
CHST11,0.1594580189845044
CHST12,5.64293844555226
CHST13,0.018300877529092985
CHST14,0.2795012381593231
CHST2,2.4374406558074724
CHST3,1.5642689557986718
CHST4,0.7533788142067549
CHST5,0.037789193915544354
CHST6,1.5642292336207457
CHST7,0.1802697694378555
CHST8,0.013556904580698602
CHST9,0.04058712962563558
CHSY1,5.961802210787546
CHSY3,0.024048128791739027
CHUK,0.7762059411877126
CHURC1-FNTB,0.0002696587800187772
CIDEA,0.03911482996306678
CINP,1.1301469410704212
CIT,0.5524035765247871
CKB,20.56110132559278
CKM,0.27246682213797246
CKMT1A,0.016446329552069632
CKMT1B,0.1087168107730162
CKMT2,0.008688145684355254
CLC,0.015026283775297892
CLCF1,0.8322295834204884
CLK1,0.4414265105024013
CLK2,24.7044105698917
CLK3,0.6078946638570488
CLK4,0.2669204062912106
CLOCK,0.3193915649374188
CLPS,0.005470860894282616
CLTRN,0.5786685643266595
CLYBL,1.2155746663183533
CMA1,0.09648096840686647
CMAHP,0.08038361718889096
CMAS,45.90013549909748
CMPK1,873.8510835783017
CMPK2,0.09837853902924017
CMTR1,4.115778316984253
CNDP1,0.03577096735535049
CNDP2,57.72058118656545
CNOT4,1.127370141898632
CNP,31.649574153897586
COASY,947.9877104024885
COL4A3BP,0.6660761562732133
COLGALT1,4.827811645801103
COLGALT2,0.08819212596505183
COMT,215.65639653352926
COMTD1,2541.2127347781184
COP1,0.4785008438550989
COPA,209.37421013833404
COPB1,98.76514343693084
COPB2,48.60705563086912
COPE,1156.8836850100527
COPG1,181.5150251670668
COPG2,183.65157775567047
COQ2,4.573068622049814
COQ3,7.323436967428389
COQ5,2.6621212554838625
COQ6,4.120392443275474
COQ7,0.13889415742395342
COX1,7.766401376158287
COX17,74.02673432433224
COX2,5.3369352212394165
COX3,0.33446363282071023
COX4I1,2218.9314691763075
COX4I2,1.7199288943166342
COX5A,357.4194530947384
COX5B,1170.4762300966097
COX6A1,29.618642321371386
COX6A2,2.1594511708694366
COX6B1,237.4248000722785
COX6B2,0.0015139174520906568
COX6C,680.8387171879109
COX7A1,1.0821951667489542
COX7A2,72.95250440691574
COX7A2L,289.8563670672981
COX7B,948.0306273952192
COX7B2,0.04846499275576488
COX7C,712.824365711375
COX8A,2012.7226335461166
COX8C,0.026090307380619182
CP,1.137256359129301
CPA1,0.0018672887890089252
CPA2,0.5276879012970577
CPA5,0.536221013262941
CPA6,0.05651024032218487
CPOX,29.174205467309914
CPS1,0.007688102265303333
CPT1A,0.10541854036673999
CPT1B,0.030146338809971206
CPT1C,0.34328053061829095
CPT2,81.78458796598935
CRAT,7.403585100856676
CREBBP,0.04911824424664054
CRLS1,3.788442043439537
CROT,1.8189114043149248
CS,2088.3355431212362
CSAD,1.157808123430469
CSF1R,5.138376145491181
CSGALNACT1,0.3717343492011064
CSGALNACT2,1.3204062529414082
CSK,31.60027818868208
CSNK1A1,54.24345348338283
CSNK1A1L,0.04028394533136597
CSNK1D,52.44009241832446
CSNK1E,1.6675111485999197
CSNK1G1,0.46435785042967653
CSNK1G2,60.3759986504339
CSNK1G3,1.559120797116272
CSNK2A1,121.87441002878462
CSNK2A2,220.92094796727903
CSNK2B,77.32045244651329
CTBP1,126.06285143053047
CTDP1,1.3772562363846077
CTDSP1,31.710970966619445
CTDSP2,14.588184554705448
CTDSPL,6.836672851389757
CTDSPL2,0.3940396662763772
CTGF,0.3354345050980549
CTH,2.7945190683548256
CTPS1,0.2774814774265704
CTPS2,2.4405487995680497
CTSA,98.88181409850041
CTSB,212.16630606094816
CTSC,58.02533610574475
CTSD,1517.8969255540298
CTSE,5.1882201086958215
CTSF,64.05586747930663
CTSG,0.0360885666509522
CTSH,6.1344815207943215
CTSK,4.532058126764525
CTSL,22.309476873829027
CTSO,3.9909214889055216
CTSS,0.8091157467785308
CTSV,0.5139622638412911
CTSW,0.2147191411167328
CTSZ,9.948414242788981
CUBN,0.011206643742560415
CWC27,13.142214637683924
CYB5D1,5.62328173920597
CYB5R1,92.19796184799813
CYB5R2,68.74842275824221
CYB5R3,1073.601864334064
CYBB,0.26968770966773287
CYBRD1,0.445340399659275
CYC1,2582.9070353048346
CYLD,0.9810732431621645
CYP11A1,0.11308726816475648
CYP11B1,0.8426372984421979
CYP11B2,0.08105018928386314
CYP17A1,0.0022553852301086382
CYP19A1,0.005066873016897412
CYP1A1,0.4120444268680603
CYP1A2,4.881250664873969
CYP1B1,276.7646049788406
CYP21A2,0.00033797807999211163
CYP24A1,0.0010428018371423761
CYP26A1,0.0015270279060383815
CYP26B1,1.3071098013987703
CYP27A1,3.15309817218516
CYP27B1,2.761755869011693
CYP2A13,0.04638837469548625
CYP2A6,0.05377674440315811
CYP2A7,0.05996477628878289
CYP2B6,0.0002505404773659613
CYP2C18,0.00032212312804138626
CYP2C19,0.1750227487879086
CYP2C8,0.09094518983779004
CYP2C9,0.13627582512980346
CYP2D6,0.05279023477753554
CYP2E1,0.3905486549714528
CYP2F1,0.0005099023696970258
CYP2J2,3.730980509315959
CYP2S1,0.028040529093221172
CYP2U1,0.1762165735952068
CYP39A1,1.3207275830549563
CYP3A4,0.0007392819976096153
CYP3A43,0.001049687100279774
CYP3A5,0.01249412680237744
CYP3A7,0.15747794336040138
CYP46A1,0.07020388009772432
CYP4A11,1.6372931884537043
CYP4B1,0.0010557480196916383
CYP4F11,0.23793753313732527
CYP4F12,0.0013748092159059893
CYP4F2,0.000932827699079904
CYP4F22,0.16698666175401092
CYP4F3,0.007517202087504351
CYP4F8,0.001254524432479195
CYP4V2,1.294918462621768
CYP4X1,0.17266941044395212
CYP4Z1,0.03674469205058569
CYP51A1,67.28300457138651
CYP7A1,0.015615087844251259
CYP7B1,0.426650458363563
CYP8B1,0.06506011931437974
CYTB,10.283962318241796
DAD1,620.2018057606588
DAGLA,0.16315097408040238
DAGLB,5.280231952637429
DAO,0.000614285423136205
DAPK1,1.2185360519790451
DAPK2,0.24794028265201562
DAPK3,7.158151608127288
DARS,2340.871728643942
DARS2,4.203433279413194
DBH,0.0002879370477026582
DBI,452.13804866135973
DBT,0.45640623348314896
DCK,3.2343333089207773
DCLK1,1.4160677292699706
DCLK2,0.04661699302230174
DCT,0.45229416967959896
DCTD,13.692783731658132
DCTPP1,337.39751400327134
DCXR,215.88314451472888
DDAH1,7.824794305899553
DDAH2,13.86425862344374
DDC,0.05283428621560255
DDO,1.140972537444261
DDOST,499.43314237002375
DDR1,35.25596796159896
DDR2,0.003398704477702558
DECR1,205.02504315294416
DECR2,16.644457732775255
DEGS1,31.670526575500134
DEGS2,3.4726538888236216
DERA,28.832292048044614
DGAT1,41.16442703500369
DGAT2,105.43048350888915
DGKA,6.269117560726023
DGKB,7.16714140773902e-05
DGKD,2.662685101864648
DGKE,0.2995594616242835
DGKG,0.013537514091333962
DGKH,0.005562678263582599
DGKI,2.7533581834433747
DGKQ,19.116371494306293
DGKZ,26.938503920340327
DGUOK,72.46585400784916
DHCR24,6.828635833660884
DHCR7,37.671243560327234
DHDH,0.24907419361977215
DHFR,451.81469299205247
DHODH,5.35117055145568
DHRS2,0.13099967382694766
DHRS3,3.6836781949384343
DHRS4,166.20763981643591
DHRS9,0.0013465199952900036
DIO1,0.022887607879833943
DIO2,0.03800536833559601
DIO3,0.001918480730909484
DLAT,329.5251028412672
DLD,696.4673282191509
DLST,62.57977174109796
DMGDH,0.002289527647150759
DMPK,8.786289580464045
DNAJC6,0.2495779278019386
DNMT1,12.71422816605371
DNMT3A,2.8758649992122245
DNMT3B,0.2714349044195986
DNMT3L,0.011715396516280804
DOLPP1,10.53179936931257
DOT1L,4.577805704026744
DPAGT1,12.480187782159375
DPEP1,0.04355796125385853
DPEP2,0.0589277977126253
DPEP3,0.0005459613139882484
DPH5,70.01170062738422
DPM1,422.9353900767606
DPM2,148.72974599929472
DPM3,105.89366333665788
DPYD,0.1508412690613963
DPYS,0.007349549563388672
DPYSL2,274.51789547537925
DPYSL3,87.84864142966329
DSTYK,2.7817581255593113
DTYMK,77.92826264223415
DUOX1,1.37711206392989
DUOX2,0.06766222921224901
DUPD1,0.11783200419515537
DUSP1,35.758504050105955
DUSP10,0.6872116013409213
DUSP11,7.838607155813614
DUSP12,18.174422469285386
DUSP13,0.23291295690378316
DUSP14,2.3008121970913606
DUSP15,0.041944682297236434
DUSP16,1.402433311355812
DUSP18,0.021377580206425537
DUSP19,0.02020867951080156
DUSP2,19.98131167934293
DUSP21,0.08186674790155296
DUSP22,30.66942955363728
DUSP23,442.15037410982023
DUSP27,0.014627127475781099
DUSP28,0.9575503332843699
DUSP3,55.31819673958234
DUSP4,0.04836912249162894
DUSP5,0.9744916488983094
DUSP6,0.5484137089055888
DUSP7,6.404087132025776
DUSP8,3.2474989816878894
DUSP9,3.45245624683008
DUT,258.05059215905703
DYRK1A,6.611955666112452
DYRK1B,4.356284704919112
DYRK2,3.622791206234484
DYRK3,12.387073617132975
DYRK4,11.999826665766749
DZIP3,0.3041414272844335
EARS2,1.5449940774438298
EBP,627.5086858160736
ECH1,238.04628263359623
ECHDC2,74.92187201965056
ECHS1,206.87714301657022
ECI1,307.08861102714985
ECI2,14.651518674995748
EGFR,0.14414771111293007
EHHADH,0.0851899442914407
EHMT1,0.5126018409513227
EHMT2,0.28568873604109274
EIF2AK1,84.13212840384293
EIF2AK2,10.373587262459855
EIF2AK3,1.613513385824993
EIF2AK4,0.09676791380952919
EIF4EBP3,16.20817260321135
ELOVL1,23.254000461976275
ELOVL2,0.002984104407149662
ELOVL3,0.007472950086791003
ELOVL4,0.4098887869401941
ELOVL5,0.9671632787527579
ELOVL6,5.153385864240445
ELOVL7,1.784455932789031
ELP3,1.1341498559319299
ENGASE,4.827712440701763
ENO1,1421.1528175933677
ENO2,0.5329757592755113
ENO3,18.219219909749214
ENOPH1,201.62988629200476
ENPP1,0.011189299017952212
ENPP2,0.09441265979303634
ENPP3,0.002841271304486917
ENPP6,0.004860656825353116
ENPP7,0.2621620114119895
ENTPD1,0.8462378667691635
ENTPD2,0.9904225855893799
ENTPD3,0.08928657124402663
ENTPD4,1.2454257696644118
ENTPD5,0.08947415552939218
ENTPD6,9.554698034334566
ENTPD8,0.04494486854711309
EP300,0.1621239228280062
EPHA1,4.355365535859999
EPHA10,0.3779817071920987
EPHA2,0.23813784931273377
EPHA3,0.001012234189455998
EPHA4,0.057630789102407
EPHA5,0.0001766545419865129
EPHA6,0.00041775441152072803
EPHA7,19.37387776015411
EPHA8,0.01254528270683057
EPHB1,1.3941508144494175
EPHB2,0.024802744382184678
EPHB3,135.61482047617784
EPHB4,1.8161138296577068
EPHB6,0.3160162209392489
EPHX1,303.93893925063674
EPHX2,7.730788505407153
EPM2A,0.606091111162821
EPRS,149.3360820594463
EPX,0.03402892013274151
ERBB2,0.43996000322044865
ERBB3,22.863081430721035
ERBB4,0.0007948248577636149
ERN1,0.012379190419959631
ERN2,0.008381368880754437
ESD,879.6286721888241
ETFA,1781.7834556878317
ETFB,5595.59579827031
ETFDH,10.912407391817602
ETNK1,2.720672179061767
ETNK2,2.614889277888097
ETNPPL,1.3663166774328985
EXT1,25.890906090401398
EXT2,16.530356578073086
EXTL1,0.05523445157594495
EXTL2,1.380234189332072
EXTL3,2.9533451426625703
EYA1,0.021241801797962586
EYA2,2.2744393245058214
EYA3,0.9280557943799177
EYA4,0.00010321762382985771
EZH1,3.6554929106545466
EZH2,0.15641369252242393
F13A1,0.07896937290664618
F13B,0.952082265681838
F2,0.01551712544606982
FAAH,10.496759716731816
FAAH2,0.47356209117032577
FABP1,53.54695633547291
FABP12,0.07361943011456162
FABP2,2.0423800119197857
FABP3,3.198272369249904
FABP4,2.5727221342330844
FABP5,1332.9668020271404
FABP6,0.00972435676170016
FABP7,1.441849369677556
FABP9,1.0553661478381027
FADS1,4.225872180198762
FADS2,5.360580832119965
FADS3,0.4682962595203967
FADS6,0.045754222922604657
FAH,11.813690700429097
FAM20B,14.263663031886255
FANCL,7.837189645175274
FAR1,11.8559626317464
FAR2,1.3122410714357566
FARS2,2.8827092512351946
FARSA,2223.441876581586
FARSB,6.618828534543576
FAS,1.436308561935358
FASN,106.64352744515298
FASTK,88.73748629790458
FAXDC2,0.014854582046724449
FBP1,0.19356744606255852
FBP2,0.011991095546502746
FDFT1,48.52944626810443
FDPS,209.65260909256145
FDXR,16.57995555613113
FECH,1.7584367878980298
FER,0.05085312296969974
FES,0.4172757605541451
FGA,6.990622680771628
FGFR1,0.4143069091116931
FGFR2,0.24256691044631498
FGFR3,0.04502894945507899
FGFR4,10.655455906531639
FGGY,1.715108365391502
FGR,0.08247635203584784
FH,1910.4315923534514
FHIT,15.22071901946015
FHL2,2.4028806485075758
FIG4,3.3472506290827546
FITM1,0.05409967514689983
FITM2,0.05764649166033666
FKBP10,113.56418007177855
FKBP11,74.92065973656766
FKBP14,0.2970637282314859
FKBP1A,368.1886376339214
FKBP1B,0.10692818860565602
FKBP2,1366.9283885355017
FKBP3,455.3556909652258
FKBP4,1452.9374006015457
FKBP5,0.8728554551928202
FKBP6,0.053486055902429254
FKBP7,7.022853184290824
FKBP8,49.033099984415344
FKBP9,40.6876116260162
FKBP9P1,0.3354345050980549
FLAD1,29.938273302620583
FLT1,0.25222618274049846
FLT3,0.032370143662719376
FLT4,0.4286052721701487
FLVCR1,3.227112563174101
FMO1,0.0751279864662711
FMO2,0.22289455989459514
FMO3,0.01169124375826677
FMO4,0.6638563783599872
FMO5,0.1252358207420253
FMO6P,0.3354345050980549
FN3K,16.55600685344549
FN3KRP,40.73135881542514
FNTA,254.8219424670319
FNTB,0.011845910835245657
FOLR1,13.364745726633222
FOLR2,1.4460279739483997
FOLR3,0.0038624640722908885
FOSL1,11.22967761576888
FPGS,2.5912189820711293
FPGT,1.8665363484920614
FRK,0.5689565140404393
FRMPD2,0.0028479911205882774
FTCD,0.024526504916696765
FTMT,5.083764204223694
FUCA1,2.4334065554821582
FUCA2,26.526333569757576
FUK,8.04862632726872
FUT1,0.6552977973007817
FUT10,0.08285240566562369
FUT11,0.3754860436713756
FUT2,0.23287582516653393
FUT3,0.882919698306141
FUT4,0.19306092389790147
FUT5,0.008048843684717578
FUT6,0.01957617754264056
FUT7,0.010781683928436293
FUT8,0.16646335381570437
FUT9,0.05185627458902739
FYN,29.445706474461588
G0S2,2.494663166112442
G6PC,0.2573661812362027
G6PC2,0.018216384410824384
G6PC3,54.83481296101564
G6PD,488.6791400554001
GAA,94.48428653909045
GAD1,0.008226918908208354
GAD2,0.0002628497028278479
GAK,2.488631240721818
GAL3ST1,0.009298850736506577
GAL3ST2,0.0007021387991784216
GAL3ST3,0.00022300290605275241
GAL3ST4,1.3026078525873093
GALC,0.40542780848615606
GALE,91.5750517561169
GALK1,439.84354612474607
GALK2,13.070578540658133
GALM,0.7815789191966055
GALNS,3.627356281160146
GALNT1,10.708065727251789
GALNT10,0.08008298528712365
GALNT11,14.12414310192742
GALNT12,0.027853595081054477
GALNT13,0.2359455867224141
GALNT14,2.1433725737426683
GALNT15,0.0116113720313577
GALNT2,51.63746203361632
GALNT3,1.4339505396828816
GALNT4,0.0002972831185845822
GALNT5,0.4286643739430109
GALNT6,22.025505834922548
GALNT7,0.1312315933126984
GALNT8,0.03984975304637445
GALNT9,0.0018126649644978762
GALNTL5,0.43999999999999995
GALT,17.751912515644026
GAMT,49.07121051691871
GANC,0.09993205660400117
GAPDH,35301.596089896186
GAPDHS,0.37246340549563284
GARS,344.13356182493106
GART,146.1341614146572
GATM,0.346731894232619
GBA,24.04101716719428
GBA2,9.860147373257277
GBA3,0.3354345050980549
GBE1,3.479234790047841
GBGT1,16.31378650489056
GC,0.1128901827185453
GCAT,146.56918360136032
GCDH,28.833026412906126
GCH1,0.4079469027657174
GCK,0.0016890193403254006
GCLC,4.591827653476151
GCLM,8.904749831814614
GCNT1,1.8218713801702373
GCNT2,7.722012350048778
GCNT2P,0.3354345050980549
GCNT3,0.11205169704065177
GCNT4,0.000212655854200013
GCNT7,0.0004304066656751706
GCSH,2.146503862316061
GDA,0.013753472004701664
GDE1,7.821520639827684
GDPD2,0.027729041394261498
GFPT1,145.65043896166486
GFPT2,2.8012972136634238
GGCT,306.85267600774847
GGH,61.63622638726759
GGPS1,855.941007083453
GGT1,1.4267014478005002
GGT2,1.2557625587889092
GGT3P,0.025768224646661314
GGT5,2.08494376345214
GGT6,1.802404289583676
GGT7,0.39736085823374706
GGTLC1,0.011597607754431458
GGTLC2,0.14073883408771454
GIF,0.3354345050980549
GK,0.38393052734544336
GK2,0.9456388863331135
GK3P,0.00933777596890013
GLA,18.55971150518329
GLB1,14.342352661171708
GLB1L,1.2133787733957282
GLCE,0.06701991787488569
GLDC,0.005736880647657505
GLIPR1,1.5267348593481591
GLO1,1732.7896269018015
GLRX,80.0353332159071
GLRX2,43.52379205181978
GLS,149.79812721683794
GLS2,0.3019074114698936
GLT6D1,0.06930364432416915
GLT8D1,1.0921609324167876
GLT8D2,0.17169597537409012
GLTP,12.363681346277236
GLUD1,556.5816204406999
GLUD2,7.214512238442608
GLUL,8.18306283486869
GLYAT,26.66571856032572
GLYCTK,0.2958310296680512
GM2A,11.29844381654632
GMDS,304.37589282572577
GMPPA,21.11167071902226
GMPPB,306.5593350066058
GMPR,14.652383317414262
GMPR2,23.086817650300432
GMPS,276.7632282805357
GNE,1.3362644008256772
GNMT,0.019012151603077697
GNPAT,54.10957953416521
GNPDA1,45.71253797327025
GNPDA2,4.638338546555155
GNPNAT1,43.74077964896159
GNPTAB,2.419455144161418
GNS,9.409123299231545
GOT1,2917.9909995817293
GOT2,1221.5910837137556
GPAA1,884.0322980570373
GPAM,0.08331223266242162
GPAT2,0.674093116748825
GPAT3,0.6582069289240687
GPAT4,1.352005973421296
GPCPD1,0.4816777643312265
GPD1,0.054298196389267084
GPD2,86.90339588289628
GPHN,3.4812091639482903
GPI,2206.2729903150844
GPIHBP1,0.02528993548271464
GPLD1,0.005968557909051662
GPT,1.5427138910420632
GPT2,21.98163448724398
GPX1,130.62215155394406
GPX2,0.0706464495957685
GPX3,42.33539504899286
GPX4,342.61469389156287
GPX5,0.793289329058847
GPX6,2.01032323162201
GPX7,3.6906860177106275
GPX8,9.368604412738694
GRHL1,17.863734047645586
GRHPR,322.9067208138547
GRK1,0.000420787498494516
GRK2,4.014622265826703
GRK3,1.2623639556998993
GRK7,0.0050273879430496795
GSR,190.47956650152076
GSS,110.56624762982403
GSTA1,6.4167477250739875
GSTA2,5.619549002346362
GSTA3,3.8201241689736465
GSTA4,14.276762875474903
GSTA5,0.58469847618054
GSTK1,208.14936250192346
GSTM1,0.05448293570884271
GSTM2,0.2631201113406284
GSTM3,15.493791733588479
GSTM4,1.8245139188505373
GSTM5,1.8987388381963535
GSTO1,2205.729648240578
GSTO2,23.278490431525267
GSTP1,19164.296766183597
GSTT1,6.253116807790133
GSTT2,0.0035660904060592913
GSTZ1,5.098103745350311
GTF2F1,11.689394684588006
GTF3C4,0.47626652456961405
GUCA1A,0.03247022169361255
GUCY1A1,2.9663227089166733
GUCY1A2,0.0036705947861208647
GUCY1B1,1.0453859436592674
GUCY1B2,0.0017285786774365874
GUCY2C,0.034205327283546375
GUCY2D,0.004129682061978357
GUCY2F,0.13808747592085474
GUK1,980.0191476789636
GUSB,3.3290442717212096
GYG1,38.93193946543532
GYG2,0.7953064600430293
GYS1,28.716235630187448
GYS2,0.003567980679168045
H6PD,2.0638616177237497
HAAO,5.493445128880669
HACD1,0.6699772991826155
HACD2,3.095013644366691
HACD3,4.330319334841662
HACD4,0.5979568033382378
HACE1,0.30693437831380244
HACL1,4.392367618775428
HADH,1882.2536510011596
HADHA,1260.8316832930132
HADHB,98.14274039445245
HAGH,58.09130710477186
HAGHL,64.80186438310339
HAL,0.9040553123549947
HAO1,0.0005425037798958889
HAO2,2.123937704953015
HARS,359.5786056595246
HARS2,37.56068595720471
HAS1,0.003927903043553535
HAS2,0.007070090023761606
HAS3,0.026796201686877193
HAT1,61.50697964410161
HCCS,8.751419898798314
HCK,0.5433524815902468
HCST,1.8520219943088683
HDAC3,1.5929673593504925
HDC,0.00030587846180897717
HDLBP,168.12833233690506
HECTD1,0.8616569029545642
HECTD2,0.2109908489402428
HECTD3,3.7738260111165713
HECW1,0.008243231792348133
HECW2,0.21345805688492286
HELZ2,0.16199531088786426
HEPH,1.808726510032378
HERC1,0.040698428909552074
HERC2,0.033389913841545334
HERC3,0.22536897355985366
HERC4,7.817224913479277
HEXA,10.423488414574715
HEXB,0.406650753433833
HEXDC,0.3354345050980549
HGD,1.8253080708626097
HIBADH,19.315843817538767
HIBCH,17.070633404913227
HIF1AN,4.248563532645138
HIGD2A,31.098816179227633
HIPK1,0.7668415261276829
HIPK2,1.22029314329395
HIPK3,0.08289320706676888
HIRIP3,0.23474097036782915
HK1,356.3087176113072
HK2,27.78027694296767
HK3,0.07171195572108607
HKDC1,0.13833051958301731
HLCS,5.243591337654712
HLTF,0.061487900076567646
HMBS,184.37643140660614
HMGCL,378.6968815560414
HMGCLL1,0.4079896600132612
HMGCR,9.134918323051245
HMGCS1,12.062801923071948
HMGCS2,0.0817131476036418
HMOX1,36.08700063242922
HMOX2,311.01818029809914
HNMT,0.49461109634973816
HPD,0.05904217969757844
HPGD,0.040259004511308545
HPGDS,0.1279534663904784
HPRT1,758.3358666205296
HS2ST1,1.5024612013208891
HS3ST1,0.21504313215834045
HS3ST2,0.37411419207851965
HS3ST3A1,0.00387939003268385
HS3ST3B1,0.0004398114950520773
HS3ST4,0.0034590357786394225
HS3ST5,0.00197545438577385
HS3ST6,0.4955719298685293
HS6ST1,15.902902267517613
HS6ST2,1.558601208152877
HS6ST3,0.1860294995344589
HSD11B1,0.007520522575173037
HSD11B1L,6.8885595949956135
HSD11B2,2.3885847457114897
HSD17B1,39.643216517384154
HSD17B10,226.6224687626237
HSD17B11,4.41617120788599
HSD17B12,168.77606666810217
HSD17B14,1.081533008168416
HSD17B2,2.706804221005726
HSD17B3,0.03795063725917382
HSD17B4,33.17188507982937
HSD17B6,0.4864622466714492
HSD17B7,2.1984604712084006
HSD17B7P2,0.12103652970790733
HSD17B8,0.3289480109779933
HSD3B1,0.8561440324619417
HSD3B2,0.9278984217862639
HSD3B7,3.773687859572011
HSPG2,0.019200115627060897
HTATIP2,42.006282438099625
HUNK,0.761724219352705
HUWE1,1.8673245248471182
HYAL3,5.901430063834245
HYALP1,0.3354345050980549
HYI,15.133447674791238
HYKK,0.3304860018863759
IARS,842.1889324778874
IARS2,92.5996602005347
ICK,0.9637398195463485
ICMT,11.623344621786629
IDH1,21.921685117229007
IDH2,150.41550085804764
IDH3A,336.20576875858575
IDH3B,186.86486411502966
IDH3G,140.58819381030827
IDI1,25.14107344875784
IDI2,3.9048989601271322
IDO1,0.029765462480708226
IDO2,0.0650322570798734
IDS,6.035726795234187
IDUA,8.057720379646446
IGF1R,0.17154381158836657
IKBKB,62.472289991000736
IKBKE,5.886766314331345
IL4I1,0.20665641532128498
ILK,17.68825165481811
ILKAP,25.96104733068167
IMPA1,94.18580450548643
IMPA2,57.5272161820671
IMPDH1,40.76644400494498
IMPDH2,1210.1249047307867
INMT,0.024463024745017825
INPP1,133.28335133260472
INPP4A,1.1185403869783137
INPP4B,0.02441093713511525
INPP5A,2.4006689854342844
INPP5B,3.0327830161539806
INPP5D,0.8675231834066064
INPP5E,11.154448490041787
INPP5F,0.22599627397080033
INPP5J,0.2538571067116411
INPPL1,3.729234598207637
INSL3,0.05513625005000061
INSR,12.681830577173896
INSRR,0.0004212040412569727
IP6K1,15.955381490196693
IP6K2,27.717216116199353
IP6K3,0.00027908594119238227
IPMK,0.25608614947123476
IRAK1,94.36961382643518
IRAK2,0.8031814795014404
IRAK3,0.0059610923910697194
IRAK4,2.0847199106319434
IREB2,1.1664087091408442
ISYNA1,185.53444879375314
ITK,0.002710681194572589
ITPA,733.9091426016416
ITPK1,5.452758727798313
ITPKA,0.0059764599166164546
ITPKB,4.303213539627393
ITPKC,22.97006529757414
IVD,140.32465764829502
JAK1,21.318371712516413
JAK2,0.11236760824471417
JAK3,0.15094749466995777
JMJD7-PLA2G4B,0.19276672646590834
KALRN,0.20951720513214553
KANSL3,5.4294288531863
KARS,660.801861499772
KAT2A,62.89274540764984
KAT2B,0.3102841629123907
KAT5,8.375867340993397
KAT6A,19.43333221551403
KAT6B,0.23999114485617182
KAT7,3.9792110537256837
KAT8,17.4714846801685
KCNJ11,0.02980411963089508
KCNJ8,0.4655162675000744
KDR,0.7400980643173009
KDSR,11.61783813890064
KHK,1.6349480675655597
KIT,7.206145468961822
KL,0.0008599193558276876
KMO,0.030112026645238595
KMT2A,0.1132089503784727
KMT2B,0.3354345050980549
KMT2C,0.02724143815923862
KMT2D,0.256842919373976
KMT2E,0.08892210317369556
KMT5A,0.08744585611927874
KMT5B,0.052531638327043204
KMT5C,0.3350355754164824
KPNA6,35.33384192919759
KYAT1,0.41426786262502635
KYAT3,10.315561941178165
KYNU,28.87915811853475
L1CAM,0.5662184999107364
L2HGDH,0.12294720865827316
LALBA,0.012383467622206868
LAP3,862.6598691808895
LARS,480.56208498218757
LARS2,3.7402812847473865
LATS1,0.017699096200941962
LATS2,0.24831170047707
LBR,111.40368905588855
LCAT,1.7355125664409037
LCK,0.7837240490869518
LCLAT1,1.5181019691914668
LCT,0.5756535877346417
LDHA,5976.237532851434
LDHAL6A,0.0003155859287778019
LDHAL6B,0.0024316458856676834
LDHB,4300.043363169264
LDHC,0.10028734195125202
LDHD,0.7588357728404758
LDLR,0.4366961255286491
LGALS13,0.16621830202908744
LGMN,26.45519728632401
LGSN,0.059118472577440906
LHPP,86.35649078680918
LIAS,0.6709270089756935
LIMK1,7.747078363037302
LIMK2,31.162977168576838
LIPA,6.92483612744733
LIPC,0.0056533499197636
LIPE,1.0053736108168438
LIPF,1.3406968406403874
LIPG,0.24184375794249133
LIPT1,1.218469259190705
LIPT2,0.8171423310748759
LMTK2,0.6180651268801679
LMTK3,0.8931161290892592
LOC102724197,0.3354345050980549
LOC286297,0.0041840248437860165
LOC344967,0.023309490251406995
LOX,0.2984733849116436
LOXL2,9.467757580767794
LPCAT1,12.330435877565787
LPCAT2,0.46975133888314385
LPCAT3,11.088650874577546
LPCAT4,0.8178890234465275
LPIN1,2.9920041183880306
LPIN2,0.6018753062104346
LPIN3,0.3278555703394129
LPL,0.2372172792072379
LPO,0.0011843000650757413
LRAT,0.4369660492616469
LRP1,0.3021504352001373
LRP2,0.027029410116608373
LRRK1,0.026116468654160355
LRRK2,0.0027325569318742337
LRSAM1,13.051496535953834
LRTOMT,0.9391877871084413
LSS,70.27787256951608
LTA4H,435.55487859410783
LTC4S,3.1097415388954976
LTK,0.006682393531819433
LYN,11.815718825747881
LYPLA1,207.05409184485276
LYPLA2,388.0994721986897
LYZL1,0.0015644424727612302
MACROD1,14.303320596030112
MACROD2,0.009978190028692732
MAGEA2B,0.1626710879648594
MAK,0.11141201120379338
MAN1A1,2.1335556339091863
MAN1A2,0.3968022378326301
MAN1B1,5.6019562923024315
MAN1C1,0.04128644880104046
MAN2A1,0.5659192957683236
MAN2A2,0.4161007890834036
MAN2B1,22.813393597062905
MAN2C1,7.227982947312565
MANBA,4.537082551703028
MANSC1,5.478694248287143
MAOA,7.293784041217665
MAOB,78.556141310057
MAP2K1,102.6109762673065
MAP2K2,382.7633678342575
MAP2K3,25.71326989624323
MAP2K4,12.306707937497396
MAP2K5,2.208747436341277
MAP2K6,1.8051694169162178
MAP2K7,2.1870092194732877
MAP3K1,0.9445766064840231
MAP3K10,2.0780479962157696
MAP3K11,25.9931309989739
MAP3K12,0.07284820206070981
MAP3K13,0.6744157044775466
MAP3K14,3.378395126890831
MAP3K15,0.0013032924399315154
MAP3K2,1.5549243026360158
MAP3K20,0.20179825659102824
MAP3K21,0.03839897316107535
MAP3K3,2.557281894043561
MAP3K4,4.208044179206083
MAP3K5,20.44162972882809
MAP3K6,5.071843073709453
MAP3K7,0.2526401397855141
MAP3K8,0.18521969014335907
MAP3K9,0.044843184389113694
MAP4K1,0.11403855601842915
MAP4K2,8.81939754305671
MAP4K3,1.5303342614634141
MAP4K5,5.082556543553497
MAPK1,74.42636626287529
MAPK10,0.9534786848785037
MAPK11,6.212973778152641
MAPK12,24.240551249476493
MAPK13,10.6984689201138
MAPK14,19.83785237032362
MAPK15,154.20342039906234
MAPK3,77.75297285912718
MAPK4,0.005253152131733825
MAPK6,2.6275910266710425
MAPK7,3.0901073763506464
MAPK8,1.4821200502103946
MAPK9,3.683866682209184
MAPKAPK2,5.445752184218828
MAPKAPK3,12.732130781265798
MAPKAPK5,16.988426578597615
MARCH1,0.13276445079282048
MARCH10,0.0005812820871185493
MARCH11,0.0029824159989872466
MARCH2,13.993359206326184
MARCH3,0.37999017081828934
MARCH4,0.006299312261190344
MARCH5,6.554162648744868
MARCH6,16.656584518687175
MARCH7,6.838835845847796
MARCH8,0.08730382522083933
MARCH9,4.937645824131784
MARK1,0.24799600762431429
MARK2,33.58256398469435
MARK3,4.299131915140665
MARK4,7.4899030477971555
MARS,155.44688006006174
MARS2,1.834926291627376
MAST1,0.05359296292520515
MAST2,24.007279060576593
MAST3,0.8322149525712047
MAST4,0.1863713897973929
MASTL,0.06863941722149096
MAT1A,0.9288350726556045
MAT2A,71.51805202615265
MAT2B,103.40917619178232
MATK,12.073354037587244
MBOAT1,0.45363275562853317
MBOAT2,2.7119028943581323
MCAT,19.831541783659794
MCCC1,41.28697355853127
MCCC2,30.818591455629967
MCEE,7.851583755503421
MDH1,4009.0559636575545
MDH1B,0.20978136773682346
MDH2,22443.87816949297
MDM2,0.017107609553903586
MDP1,20.29501931187598
ME1,371.6451316240785
ME2,17.785573005527073
ME3,1.7509780106409805
MECR,38.9213041789633
MED1,0.22347761749023462
MELK,0.2855562261554663
MERTK,1.5895460782952184
MET,1.5807483778566416
METTL1,86.94363868124675
METTL3,7.198763104017401
MGAM,0.005189854612454642
MGAT1,57.063839024109484
MGAT2,0.8265253743734833
MGAT3,0.017665049121063307
MGAT4A,0.3791741454639897
MGAT4B,127.96545923167099
MGAT4C,0.0021527958809483354
MGAT4D,0.02696149145334556
MGAT5,6.539792995953585
MGAT5B,0.012778028912428697
MGLL,1.0845042342017452
MGMT,15.848071902855617
MGRN1,6.646205693102269
MGST1,2815.8624913888616
MGST2,35.45061250301761
MGST3,360.9367519728796
MIA3,5.781011304923561
MIB1,1.3575039095234662
MIB2,19.43255099428379
MID1,0.14478059737457416
MIF,140.49615036235662
MINK1,0.15394641689919797
MINPP1,3.8086937933946055
MIOX,0.1291585928174569
MIP,0.003713709466403755
MKNK1,5.995985382408859
MKNK2,39.6414014919733
MKRN1,29.29043991032436
MKRN2,9.05998025886204
MKRN3,0.6809439560871148
MLKL,10.853637770084454
MLYCD,3.654969455556293
MMAA,0.8887119193467387
MOCS1,0.6366362481684272
MOCS2,28.55512148671922
MOGAT1,0.0284975785158468
MOGAT2,1.1491130511227186
MOGAT3,0.06832763191888709
MOGS,98.80452973640772
MOK,2.8517927600366724
MOS,0.09191795284698573
MOXD1,0.4606354059159351
MPC1,27.8052229308476
MPC2,12.311032245951754
MPI,9.119331128693283
MPO,15.056847408591949
MPST,3720.395018312206
MRPL58,13.330417578133794
MSMO1,12.375101795860536
MSRA,3.6080953075563285
MST1R,1.4475735013393254
MT1A,0.011020954692497757
MT2A,160.1007856269008
MT3,0.0024799432923604597
MT4,0.3354345050980549
MTAP,453.2257128781598
MTFMT,0.8470749298535296
MTHFD1,92.84640405931128
MTHFD1L,21.38240170429687
MTHFD2,38.25428204955087
MTHFD2L,2.0513085588614377
MTHFD2P1,0.3354345050980549
MTHFR,0.49128973751487737
MTHFS,0.4416576020518451
MTMR1,1.1335742732776957
MTMR14,12.187268618617038
MTMR2,0.7444930340467961
MTMR3,0.040711461869374584
MTMR6,0.9076476626882722
MTMR7,0.1005367157058066
MTMR8,0.03818759515088053
MTPAP,2.9676696575747457
MTR,0.18959885124172277
MTRR,6.2089507772342065
MTTP,0.009109889810368678
MUL1,5.899381636574576
MUSK,0.02328751946053523
MUT,0.3354345050980549
MVD,161.1326787102722
MVK,12.451689269567238
MYBBP1A,87.39635884383397
MYCBP2,0.019132709969452648
MYLIP,0.947287485103234
MYLK,0.196428013321438
MYLK2,0.18887488083126838
MYLK3,0.0033285319589829113
MYLK4,1.8033290392680983
MYO3A,0.0007041547937782414
MYO3B,0.22775288796451568
MYO5B,1.0135133177238347
NAA10,261.53896764058027
NAAA,4.509783384830256
NADK,27.347894337036923
NADSYN1,34.00888854477374
NAGA,1.5659229903172025
NAGK,87.75678697795853
NAGLU,12.173621701880798
NAGPA,8.514551647614391
NAGS,0.7307376876615258
NAMPT,177.7334036204088
NANP,0.3118770907879833
NANS,1243.7358875183752
NAPRT,25.164291606310147
NAPSA,0.06729408289630484
NARS,1647.4700617896715
NARS2,5.293797196159705
NAT1,3.4676050807084735
NAT2,0.6611008221496693
NCOA1,1.9792557493213225
NCOA2,0.04961969724240735
NCOA3,0.20008945097225342
NCOA6,1.3198898362340932
NCOR1,0.037234444501358474
NCOR2,0.386296170725889
ND1,0.7496282848946749
ND2,6.647572110665278
ND3,3.518721426725826
ND4,15.91921099634504
ND4L,0.3354345050980549
ND5,3.9860139175064595
ND6,2.1511623729121254
NDST1,10.005940908893797
NDST2,1.3151439639440585
NDST3,0.0030974922572820276
NDST4,0.024005586560330774
NDUFA1,771.2770388948115
NDUFA10,74.00199540560146
NDUFA11,229.37390491920704
NDUFA12,22.863174995624124
NDUFA13,3890.7062278367926
NDUFA2,44.957945860428325
NDUFA3,60.22909141091829
NDUFA4,22.850604813808076
NDUFA5,23.882670720018893
NDUFA6,29.72165084513015
NDUFA7,13.237880822374773
NDUFA8,188.14177243395
NDUFA9,60.02708496457042
NDUFAB1,529.6205203060197
NDUFB1,51.12626760094235
NDUFB10,367.637791624459
NDUFB2,1420.457883242097
NDUFB3,151.71748987910325
NDUFB4,141.71971931991507
NDUFB5,185.4866837605381
NDUFB6,29.53053803921629
NDUFB7,399.60618081941755
NDUFB8,92.93996640050577
NDUFB9,115.9173297130663
NDUFC1,45.617368098761744
NDUFC2,22.47130485587605
NDUFS1,32.32449791060628
NDUFS2,107.70834299047169
NDUFS3,539.3557795782075
NDUFS4,233.66154068514447
NDUFS5,1117.8938909644676
NDUFS6,197.11107063402582
NDUFS7,94.50369272571422
NDUFS8,261.1312207282307
NDUFV1,125.79057194791359
NDUFV2,45.33335929318321
NDUFV3,66.14328774428243
NEDD4,0.35033393751720276
NEDD4L,0.9095382309177342
NEK1,0.5010666754428444
NEK11,1.856358992883967
NEK2,6.443825082215158
NEK3,1.3531962284028416
NEK4,1.2282908352497524
NEK5,0.004751347728314198
NEK6,0.9078062689290817
NEK7,11.658145184142544
NEK8,0.5198233635760312
NEK9,0.25337083640689245
NEU1,2.048868331179284
NEU2,0.0009748584060640806
NEU3,0.05098970762991184
NEU4,0.00197545438577385
NEURL1,0.14715923590013888
NEURL1B,1.6898161339560929
NGLY1,6.358530456989389
NHLRC1,0.3601063955803201
NIT2,1785.0634171905895
NKTR,1.5289073061065512
NLK,2.0390090590986762
NLN,106.49116723212441
NME1,18629.65496152253
NME2,1625.1714159936244
NME3,140.94167827652967
NME4,271.4519757577295
NME6,0.6926839660692117
NME7,1.5115197240750846
NMNAT1,2.074937928620993
NMNAT2,0.15628750850394496
NMNAT3,0.8090104864581098
NMRK1,2.9351673795914386
NMT1,35.812170885075446
NMT2,1.982983275222628
NNMT,10.364471315967458
NNT,6.27634821544191
NOL9,0.8378445758604565
NOS1,9.259908046730866e-05
NOS2,0.003886622305172332
NOS2P1,0.3354345050980549
NOS2P2,0.3354345050980549
NOS3,1.1486072534440848
NOX1,0.23042770532325796
NOX3,0.09198887034239282
NOX4,0.05300191532772197
NOX5,0.29996127276306067
NPAS2,0.13695671988846791
NPC1,4.885845724026598
NPC1L1,0.006292982146332043
NPR1,0.9035895246958399
NPR2,0.07606680209585816
NQO1,757.7869189341556
NQO2,492.6093837322332
NR1D1,11.03114783095419
NRF1,0.714530753326154
NSD1,3.373125140052947
NSD2,0.8117852405670956
NSD3,0.8238692165195934
NSDHL,853.7992311107411
NSF,31.95549286231906
NT5C,219.17373098984314
NT5C1A,0.0010189868268749886
NT5C1B,0.0006925334804521998
NT5C1B-RDH14,0.037698419756150243
NT5C2,33.6367731940237
NT5C3A,4.209671716104311
NT5DC3,4.057133969951789
NT5E,0.41088796253828064
NT5M,7.823186258296962
NTAN1,2.451346098683342
NTRK1,0.006636256135802364
NTRK2,0.6210355541091978
NTRK3,0.0017516757080542234
NUAK2,0.022744562196407726
NUDT10,0.032328136903549076
NUDT11,5.188830586507165
NUDT12,0.33975033205543187
NUDT2,47.5175136452613
NUDT3,2.320410442177574
NUDT4,0.11448733541153304
NUDT5,422.8197878994814
NUDT9,9.553994194658602
OARD1,11.970020898409903
OAT,392.8945578146213
OBSL1,2.190287752972949
OCRL,3.780856936650146
ODC1,18.090420907578803
OGA,13.207835039605774
OGDH,130.33846282500446
OGT,19.01633442138324
OLAH,0.006044186001795665
OPLAH,32.724159977919136
OTC,0.005450193402979923
OTUD5,22.849423515180707
OXCT1,355.7763600660706
OXCT2,0.8883847934493984
OXSM,13.095175314827925
OXSR1,7.281346975535517
P4HA1,10.197625282539562
P4HA2,46.88695144872623
P4HA3,0.25177076331847914
P4HB,1879.70068203717
PADI1,0.1979086992249419
PADI2,4.097704587954381
PADI3,0.001078262013017478
PADI4,0.002575872595405994
PADI6,0.0016480744430589695
PAFAH1B2,644.0861174643435
PAFAH1B3,1436.2085494865128
PAFAH2,4.654425909389933
PAH,0.003574557550182671
PAICS,420.1750541667263
PAK1,21.401188288737007
PAK2,48.940048832522876
PAK3,0.0024192044314014062
PAK4,1.2150101536762195
PAK5,0.1843105272396382
PAK6,0.005110544119233537
PAM,2.4258034978187673
PAN2,1.2965384613926274
PANK1,0.15428140980772684
PANK2,2.4857459056050795
PANK3,2.0284299603917026
PANK4,11.895846462216097
PAOX,0.2484961820911192
PAPOLA,1.4757429000253992
PAPOLB,0.03679769091583947
PAPOLG,0.4766589139223726
PAPSS1,194.50266474797164
PAPSS2,21.373326989717356
PARP1,110.75679630017383
PARP10,10.710862169502303
PARP11,0.13799166352713543
PARP12,0.7578881134169827
PARP14,1.1084737181748954
PARP15,0.0007389158550552205
PARP16,0.632189517364052
PARP2,4.604160157321501
PARP3,2.009844405194127
PARP4,1.3568990348274148
PARP6,3.441307430049385
PARP8,0.13416019726085096
PARP9,0.9000364291396987
PARS2,4.150123049867538
PASK,0.7278890643035236
PBK,3.864423283931715
PC,73.7656743049813
PCBD1,104.800932977205
PCBD2,7.216574335848072
PCCA,2.642307755016211
PCCB,8.102657859376603
PCK1,0.0020357565458906366
PCK2,6.867667429406066
PCMT1,766.6537076409049
PCYOX1,19.768409425755223
PCYT1A,11.852783392870252
PCYT1B,0.05474929382012907
PCYT2,18.852050336343876
PDE10A,0.0015119047797994272
PDE11A,0.002116377719481554
PDE1A,0.07960294337051457
PDE1B,0.20269248036606255
PDE1C,0.00957734341987288
PDE2A,0.050231652071574935
PDE3A,0.09762192217639312
PDE3B,0.193411126005302
PDE4A,0.16322412081064386
PDE4B,18.410882788968372
PDE4C,0.0018251911927369552
PDE4D,0.04528607534653576
PDE5A,0.19512133731548822
PDE6A,0.0025888291083343996
PDE6B,0.6812086386699101
PDE6C,0.00026028127528023357
PDE6H,0.06102270572519733
PDE7A,5.8245405224514295
PDE7B,0.01203819051030722
PDE8A,0.5001948721180007
PDE8B,2.0144908525394998
PDE9A,1.9179842848259028
PDF,2.5109533602691543
PDGFRA,35.71416506707818
PDGFRB,2.3213801425569858
PDHA1,201.58606063818021
PDHA2,8.963593332760542
PDHB,52.61115552084064
PDHX,7.782765380815979
PDIA2,0.1444538244175227
PDIA3,1262.9077697374123
PDIA4,1083.1250129966395
PDIA5,45.00748468519722
PDIA6,432.41826006600957
PDK1,0.5814519899508445
PDK2,2.9661227089316986
PDK3,67.52176373659132
PDK4,0.8088014857990171
PDP1,3.6678310908576033
PDP2,0.7400218330044236
PDPK1,0.35202714020195613
PDPR,0.19050739378099002
PDXK,22.493281393080657
PDXP,41.40817783704412
PDZD4,0.168822897729637
PEAK1,0.32696294980029356
PECR,18.97603823334551
PEMT,48.02340509497374
PEPD,20.99466684496075
PEX11A,1.5786039573116182
PFAS,31.08238139976045
PFKFB1,0.013251670495056139
PFKFB2,0.681027907847447
PFKFB3,30.77105969539947
PFKFB4,0.9623652368700377
PFKL,288.57717201500924
PFKM,19.870254371331264
PFKP,2142.524881395862
PGAM1,66.36020181961545
PGAM2,3.115014802583561
PGAM5,97.82906975816753
PGAP1,0.3126131691410007
PGD,3269.856987764907
PGGHG,0.02991860446325157
PGK1,392.4958173585567
PGK2,0.3316986579007628
PGLS,2331.983504781536
PGLYRP1,0.001255436016529829
PGLYRP2,0.004535212659379355
PGLYRP3,0.01572942767765221
PGLYRP4,0.0364977508273322
PGM1,444.56223418746896
PGM2,170.33378499180697
PGM2L1,3.931934055365868
PGM3,21.67674544285831
PGP,70.21327888076355
PGS1,11.656879303568582
PHEX,0.017279087642306016
PHGDH,34355.594182924775
PHKA1,0.11876915879472476
PHKA2,2.1899632819422212
PHKB,4.315915592558798
PHKG1,0.07176279938465495
PHKG2,5.606027846133997
PHLPP1,1.442979367420439
PHLPP2,0.20336388702199207
PHOSPHO1,0.0037144975649656964
PHPT1,303.2169797407098
PHYH,9.596199342645793
PHYKPL,0.6462009571960334
PI4K2A,0.5877554739800221
PI4KA,1.0690324846211687
PI4KB,1.720870166965344
PIGA,0.6143734870831185
PIGB,1.2490606551180585
PIGC,25.06583521518089
PIGF,5.507956107078007
PIGG,3.970643136185886
PIGH,2.5719047397547325
PIGK,3.085224583274934
PIGL,2.7080641715213996
PIGM,3.9612500064311127
PIGN,9.244766138198637
PIGO,5.647633448545868
PIGP,18.7999645661698
PIGQ,40.8274356334559
PIGS,19.027031165367298
PIGT,4.1853956337009866
PIGU,0.9529684479606797
PIGV,4.421340717003556
PIGW,2.091123804785718
PIGX,1.2659324934974463
PIGY,204.26095317279916
PIGZ,0.15218587600804487
PIK3C2A,0.2150205953002298
PIK3C2B,0.6611686335213741
PIK3C2G,12.061246159981309
PIK3C3,0.05977120064326929
PIK3CA,1.2845126976126735
PIK3CB,0.17985583239977182
PIK3CD,0.37667172617819855
PIK3CG,0.0039756637358677556
PIK3R1,1.0301815596141435
PIK3R2,34.30998319432535
PIK3R3,11.328985980221873
PIK3R4,6.237460138326244
PIK3R5,0.06713886345037946
PIKFYVE,0.23683022957315125
PIM1,18.680653406724215
PIM2,7.157388638081693
PIM3,98.522602401088
PIN1,1049.132952714554
PIN4,1.9169545431810155
PINK1,14.216862277279619
PIP4K2A,2.9359000977011176
PIP4K2B,3.7806284098129925
PIP4K2C,20.514818992758336
PIP5K1A,0.3741046807497846
PIP5K1B,0.004960292736302308
PIP5K1C,8.345096546811135
PIP5KL1,0.9546177747265475
PIPOX,0.013359717251146683
PISD,0.5682695379442542
PJA1,3.371787687667446
PJA2,5.875616907206296
PKLR,11.218886523856392
PKM,541.3891072832749
PKMYT1,19.016420657847533
PKN1,138.14815791415603
PKN2,0.5318219387536828
PKN3,0.6556211239736927
PLA2G10,0.020910344903374282
PLA2G12A,0.7821246945669146
PLA2G12B,1.1304561412675453
PLA2G15,5.813555993307478
PLA2G16,38.39452267770595
PLA2G1B,0.03449129925337993
PLA2G2A,0.1415780053744027
PLA2G2C,0.003507418152881802
PLA2G2D,0.0008038577592662419
PLA2G2E,0.10480083352838437
PLA2G2F,0.017105401618544066
PLA2G3,0.0003169430842537307
PLA2G4A,5.976078322182991
PLA2G4B,0.039342242926225346
PLA2G4C,1.5639999487316372
PLA2G4D,0.00020060464764645798
PLA2G4E,0.008146921125803865
PLA2G4F,0.815752758436611
PLA2G5,0.016847081178024793
PLA2G6,0.9031076546198399
PLA2G7,2.0192530220531957
PLB1,0.049066258471876636
PLCB1,0.0978126681452271
PLCB2,0.22493777421158348
PLCB3,2.3034143860535248
PLCB4,0.8181652909307294
PLCD1,2.342854348222561
PLCD3,2.445307169986918
PLCD4,0.8996494320806719
PLCE1,1.3833721559793277
PLCG1,0.2986503166891213
PLCG2,5.312245263471485
PLCH1,0.2399102334236592
PLCH2,0.3954557019858376
PLCL1,0.0036454680143750027
PLCL2,0.20828315594544067
PLCXD2,0.33802318648347274
PLCZ1,0.0538721312048364
PLD1,0.3018280550966412
PLD2,15.796777236911153
PLD3,17.448355682916908
PLD4,0.2162565341055155
PLD6,4.84904246725033
PLG,0.002363593207325503
PLIN1,0.06170730710449815
PLIN2,129.9319113800081
PLIN3,90.59369900746758
PLIN4,0.41109780588654576
PLK1,7.008148421377672
PLK2,72.61048518318653
PLK3,9.599232256764283
PLK4,0.7009605520792372
PLOD1,29.127295406620892
PLOD2,11.280142593848826
PLOD3,33.06013710146995
PLPBP,1.3790311261442316
PLPP1,5.389883230682263
PLPP2,2.123055391477898
PLPP3,4.2032094621878
PLPP4,0.019762828557283812
PLPP5,0.0656688155578048
PLPP6,0.050042688733332445
PLPP7,1.1305815492037874
PLPPR2,0.3307009692228308
PLPPR3,0.9307949846236876
PLPPR4,0.11900942508124815
PLPPR5,0.012456429933028047
PLTP,45.126495036834946
PLXNB3,5.288970173814342
PMM1,5.63096505862443
PMM2,199.99076096359525
PMPCA,114.48232642729253
PMVK,1096.3438155818628
PNCK,0.09367743952814024
PNKP,27.088833385851082
PNLIP,0.01735944451270558
PNLIPRP1,0.0006818755576131644
PNLIPRP2,0.3354345050980549
PNLIPRP3,0.0009620270247693173
PNMT,0.1208665186294799
PNP,1286.6534715873893
PNPLA2,135.1121375781449
PNPLA3,0.002609279676145815
PNPLA4,2.0792460203600447
PNPLA6,0.7857012943282081
PNPLA7,0.6744589567097533
PNPLA8,1.6563530581600918
PNPO,44.63711418929592
PNPT1,2.5202856364032744
POLA1,2.098451880396602
POLA2,4.050710464444813
POLB,176.09079270015042
POLD1,3.072881778963268
POLD2,16.616666001376142
POLD3,0.46868396247659216
POLD4,58.50901257064317
POLE,0.07763169818860187
POLE2,0.6110875499905848
POLE3,44.67146898137485
POLE4,20.074904005892403
POLG,2.317657043130233
POLG2,4.6591637111551085
POLH,4.590981175638083
POLI,0.6255042516459163
POLK,1.026187294100583
POLL,15.036519315611931
POLM,4.173933831347477
POLN,0.050500248367766246
POLQ,0.16893537031411568
POLR1A,0.5152932453237992
POLR1B,0.7292275379228057
POLR1C,50.298066953285904
POLR1D,27.813270206172767
POLR1E,81.29623254201192
POLR2A,1.7267033531754474
POLR2B,7.782972806302104
POLR2C,59.44401175508791
POLR2D,34.487385022490336
POLR2E,135.01400216583775
POLR2F,44.84859408592573
POLR2G,55.612219394701576
POLR2H,803.7436454539915
POLR2I,40.57702720571512
POLR2J,33.45292498586032
POLR2K,219.92428976561777
POLR2L,925.2922845384534
POLR3A,0.20324709060084262
POLR3B,1.260027105020249
POLR3C,1.3206927735509675
POLR3D,24.447151902193035
POLR3E,22.966365509774246
POLR3F,3.007417103205795
POLR3G,3.2260039578906534
POLR3GL,10.43672024143639
POLR3K,111.79215982863923
POLRMT,9.215503082458781
POMGNT1,60.73529591716985
POMT1,12.7347876564948
POMT2,1.4555228672027143
PON3,0.6767409613497996
POR,242.33347278209988
PPA1,1431.728325529673
PPA2,387.5015084318565
PPARA,0.23676246690307423
PPAT,10.816720528196587
PPCDC,3.736443260089909
PPCS,98.58907311416245
PPEF1,0.028333741556788354
PPEF2,0.0031681256118921072
PPIA,503.4699697901342
PPIAL4A,0.3354345050980549
PPIAL4C,0.3354345050980549
PPIAL4E,0.024197267247596795
PPIAL4G,17.448076249699536
PPIB,1605.8895961174057
PPIC,43.71337448643737
PPID,673.672461747756
PPIE,16.26093388854319
PPIF,458.9838436929587
PPIG,6.79629949405787
PPIH,2474.9118120563567
PPIL1,128.05570759058142
PPIL2,0.7372340418825071
PPIL3,22.630820617362698
PPIL4,1.354434623404433
PPIL6,1.0311393867514127
PPIP5K1,0.2417204516963028
PPIP5K2,6.8706678552070555
PPM1A,0.39600524646048896
PPM1B,1.564785071923852
PPM1D,1.4695244417933344
PPM1E,0.002111751094508417
PPM1F,9.38013691272272
PPM1G,50.39711645435227
PPM1K,1.3999604116762943
PPM1M,6.776450617373715
PPOX,17.97535329588503
PPP1CA,311.9852052244647
PPP1CB,183.23586965891255
PPP1CC,130.78964154324504
PPP1R1A,0.15632501923770686
PPP1R1B,204.7224170217101
PPP1R2,32.052457317407125
PPP1R3A,0.06646892507772041
PPP1R3B,1.4202320018467192
PPP1R3C,26.332393145529007
PPP2CA,178.24604662555632
PPP2CB,27.00617803873763
PPP2R1A,849.7973491791674
PPP2R1B,7.833021105005944
PPP2R2A,49.09471141030123
PPP2R2B,0.024414900848531068
PPP2R2C,0.2422816693060414
PPP2R3A,1.813471249053567
PPP2R3B,1.275285794175209
PPP3CA,313.6986280105821
PPP3CB,9.190615464853696
PPP3CC,2.492569711877399
PPP3R1,146.83107762020973
PPP3R2,2.4370537589271226
PPP4C,155.54005530216173
PPP5C,42.440613230707534
PPP6C,92.16353175363089
PPT1,11.154760508062274
PPT2,0.08079098014218337
PPWD1,8.373597038702275
PRAG1,0.3354345050980549
PRDX1,72797.68873746024
PRDX2,6128.547329642462
PRDX3,217.01419412404638
PRDX6,3092.166924558355
PREP,51.96490313299785
PRKAA1,7.5020488282166955
PRKAA2,0.10024469434121952
PRKAB2,3.4388615376400025
PRKACA,350.7253062455343
PRKACB,13.82328223269638
PRKACG,0.004198864046763331
PRKAG2,2.4223208819119564
PRKAR1A,7.562290032811685
PRKAR1B,11.814346190483388
PRKAR2A,1.815925316376082
PRKAR2B,7.6756034547611645
PRKCA,0.2345994186140816
PRKCB,0.0015931406102116339
PRKCD,4.973885143620124
PRKCE,0.5829641908577011
PRKCG,0.4497238722756322
PRKCH,0.8655864587911979
PRKCI,1.2841688408836809
PRKCQ,0.006265643266618097
PRKCSH,831.3317340760788
PRKCZ,11.484365052091631
PRKD1,0.08476828867799886
PRKD2,17.8842597789403
PRKD3,2.329485010160872
PRKDC,2.944317611168685
PRKG1,0.3204067333259338
PRKG2,1.8796005228080683
PRKN,0.21524163632635238
PRKX,12.395321143128987
PRKY,0.09050373616192406
PRODH,0.556068621268588
PRODH2,0.047452249121563574
PRPF19,699.4214198578657
PRPF4,185.40199056708133
PRPF4B,7.590323562519138
PRPS1,419.00228710404247
PRPS1L1,2.074147646943466
PRPS2,12.771188557046568
PRRT2,0.1153013363661698
PSAP,59.329508359428154
PSAT1,51.204382231537295
PSKH1,10.298055973239881
PSKH2,0.0009574330176578067
PSPH,953.6192045650432
PSPHP1,0.3354345050980549
PTDSS1,213.69084574331526
PTDSS2,20.555817308241085
PTEN,7.383758813715012
PTGDS,0.45103960122839
PTGES,7.77413840250879
PTGES2,136.66780908891468
PTGES3,6223.226844415601
PTGIS,8.341479891706532
PTGR1,135.29265429155507
PTGS1,0.7034687086651833
PTGS2,0.006796571703917178
PTK2,4.452178925701794
PTK2B,1.931399233714989
PTK6,2.6223681672486863
PTK7,2.1630178472523953
PTP4A2,2.3153508945208108
PTP4A3,108.8510145374716
PTPDC1,0.535856357123935
PTPMT1,26.738472859907404
PTPN1,5.696150364250358
PTPN11,7.7083892141710315
PTPN12,1.7391547515631045
PTPN13,0.19058019202687712
PTPN14,8.466678198982676
PTPN18,24.89600422663587
PTPN2,5.339795542917965
PTPN21,0.33450755009551275
PTPN22,0.0047324394370969166
PTPN23,7.2791841051777
PTPN3,1.0016535697146476
PTPN4,0.658457633419121
PTPN5,0.0002414111786151641
PTPN6,11.276159468255347
PTPN7,0.06558345959522278
PTPN9,0.1570207857525208
PTPRA,0.13976391885064776
PTPRB,0.03215319727926353
PTPRC,0.04424593039059678
PTPRD,0.0054809098231832784
PTPRE,0.20711110333002195
PTPRF,298.6426449078786
PTPRG,0.0335017213456859
PTPRH,0.002107438713894474
PTPRJ,0.07337191888297893
PTPRK,27.3986153544275
PTPRM,8.492810711397333
PTPRN,0.003157562023794365
PTPRN2,0.018175523220917197
PTPRO,0.014064575134694033
PTPRQ,0.025034110140701674
PTPRR,0.010603834412532482
PTPRS,0.2935652480800645
PTPRT,0.0013429994584730689
PTPRU,10.59236907859522
PTPRZ1,0.0032380150128052602
PTRH1,17.58935440327695
PTRH2,2887.8107921025985
PTS,31.856321947500394
PUS1,24.074565218501252
PXDN,0.3425761008896148
PXDNL,0.5818721046738157
PXYLP1,0.3900283303635837
PYCR1,332.8663090203659
PYCR2,3382.254042979471
PYCR3,18.52640291410028
PYGB,185.68510788655593
PYGL,44.18129648977098
PYGM,0.02926955498398585
PYURF,0.6402221518630032
QARS,474.7492945463028
QDPR,698.4487165253179
QPCT,1.5141569351126913
QPRT,0.7014001555542188
QTRT1,109.61041045410758
QTRT2,3.0803803903498332
RAD1,1.5562018193922451
RAD18,1.6228061028578527
RAD9A,5.506512107721721
RAF1,0.21769389357706584
RAG1,0.0012776613093220671
RALBP1,21.797378961343284
RARS,495.82701988294804
RARS2,10.46332861058
RBBP6,0.1522823890383066
RBKS,1.2533287388555174
RBP1,32.20461286829498
RBP2,0.005132821983318061
RBP4,0.4271737577395662
RCHY1,1.4490350659663673
RCL1,17.29274413810139
RDH10,4.214729363161257
RDH11,99.31608111186672
RDH12,0.017045964026344798
RDH13,12.50192710296606
RDH14,1.0254732252270806
RDH16,0.013358184936797834
RDH5,0.0007807489497971777
RDH8,0.0005565651722473861
REG3A,15.598236131061894
RENBP,28.051104269890928
RET,0.0018808299544595733
REV3L,0.2715982267316937
RFC5,18.470049947834102
RFK,9.483138596074985
RFWD3,3.837564497356037
RGL1,0.769751787256537
RHAG,0.3012257575781964
RHBG,0.02981732736367519
RHCG,0.2410611058267881
RING1,2.44922224625806
RIOK1,1.3856070557342297
RIOK2,0.25941763741088064
RIOK3,12.50373267524003
RIPK1,4.1857586297095715
RIPK2,20.6840743866727
RIPK3,0.32938834468313677
RIPK4,12.522021080569937
RIPOR1,1.8350848174091228
RNF103,2.51200810919071
RNF115,7.082229015225147
RNF123,6.601284673768081
RNF125,0.025155918361190587
RNF126,64.58784927046035
RNF128,0.1255510538860312
RNF13,5.958573025683929
RNF130,131.3210026263618
RNF133,0.0065441843524825
RNF138,2.7074855644618654
RNF139,18.541016291949393
RNF14,16.278747780306382
RNF144A,0.8579863583089719
RNF144B,1.724250036767836
RNF146,5.603743601111939
RNF149,25.96385010432585
RNF152,0.08524930528848838
RNF167,198.37707696740674
RNF180,0.47644647511717086
RNF182,0.04615420696358894
RNF185,2.403085426920553
RNF187,183.84845198182373
RNF19A,5.893000679425861
RNF19B,30.247827756819774
RNF2,5.091474097515535
RNF20,1.379750529863472
RNF216,2.986323489981253
RNF217,0.1448620376174642
RNF25,20.415024389454935
RNF31,3.9319223477497065
RNF40,1.3479760108400187
RNF41,4.3746137068876365
RNF5,6.652941399447523e-05
RNF8,3.746017016500974
RNGTT,2.583487028482323
RNMT,17.12324290144056
ROCK1,1.1866870055581662
ROCK2,0.9475321125602028
ROR1,0.10000835522106971
ROR2,0.011294676257475744
RORA,0.016210607199460093
ROS1,7.402342084823066e-05
RPAP2,0.8937888859955216
RPE,26.90391978734728
RPE65,0.008589547746685034
RPIA,34.32349499005486
RPL14,5290.8571769313085
RPN1,1167.4077042298918
RPN2,319.00060927817634
RPP14,25.16007847448747
RPS6KA1,42.222398121204236
RPS6KA2,0.3785418707144196
RPS6KA3,0.3108320245487661
RPS6KA4,0.4543228295267133
RPS6KA5,0.11678709867549432
RPS6KA6,0.3464344515079609
RPS6KB1,1.1258749722724342
RPS6KB2,47.11442143440537
RPS6KC1,0.2943968549997649
RPUSD4,1.5269062765213262
RRM1,46.812678591885344
RRM2,9.341225095300802
RRM2B,25.99480840922467
RTCA,1.6973780629584712
RWDD2A,0.8336421208830607
RXRA,13.620315067830827
RYK,15.75119842357953
SACM1L,4.753383857081991
SAE1,308.5010856202486
SAP130,0.29585032481472195
SARDH,0.024662201535340555
SARS,249.60330246203995
SARS2,12.618189935151795
SAT1,756.6987617491585
SAT2,126.70190269215242
SBK1,0.27802540906036755
SC5D,1.7142905425756392
SCARB1,96.4621915332341
SCARF2,1.3054356943497323
SCD,5.322985730738969
SCD5,19.90936282920059
SCLY,0.03267778540902792
SCP2,127.43329042571196
SDC1,119.38634988457126
SDHA,265.45477550137696
SDHB,237.56482579015895
SDHC,14.175928001112377
SDHD,1.786092336963338
SDR16C5,0.013751629445723638
SDR42E1,3.0479575618195853
SDR42E2,0.3354345050980549
SDR9C7,0.6181733836443202
SDS,4.261864764333813
SDSL,23.567798463107675
SEC11A,214.14271521613566
SEC11C,11.271221759449611
SELENOI,0.1784505883933933
SEPHS1,487.65580761682634
SEPHS2,78.76867525325821
SERPINA1,44.707671155319034
SERPINA3,801.1794987158559
SETD1A,0.13578965992766678
SETD1B,2.1651814432486858
SETD2,0.01585528428479738
SETD5,5.932845535235501
SETD7,4.118372653991463
SETDB1,0.4208802789721631
SETDB2,0.12901100213232378
SETMAR,10.597227261289975
SFXN3,1575.364548032286
SGK1,5.341320761383393
SGK2,0.0031340302991262
SGK3,0.014233749956695595
SGMS1,6.670654150419144
SGMS2,0.9860827727310759
SGPL1,8.066378355417598
SGPP1,0.14384361602360668
SGPP2,0.022033408732520784
SGSH,9.476365909484056
SH3RF1,3.1899474001173234
SH3RF2,0.13298661246258098
SH3RF3,0.0423911537384397
SHMT1,103.89702935430269
SHMT2,1657.5923651324636
SHPK,1.3786182984513802
SHPRH,0.024898506125823783
SI,0.0004484383365514582
SIAE,5.74942532947349
SIAH1,2.778458965865996
SIAH2,18.410279653217177
SIK2,0.5765008473576975
SIK3,0.8750209164380198
SIN3A,1.222740197382049
SIN3B,0.061504833903660974
SIRT1,1.0326821557418737
SIRT2,28.420875875498016
SIRT3,6.159404548280003
SIRT5,1.7560579757300887
SIRT6,29.235225924331907
SIRT7,32.7283206671182
SLC10A1,0.7013693927428878
SLC10A2,0.058748703153154044
SLC10A6,0.0006680979469321637
SLC11A1,0.282588781174277
SLC11A2,3.51881179593044
SLC12A1,0.15625001327474314
SLC12A2,1.1666300948583264
SLC12A3,0.3836436624241189
SLC12A4,0.11841155590557487
SLC12A5,0.004299471325118468
SLC12A6,0.016812400113971296
SLC12A7,4.342465482549223
SLC13A1,1.3898493503991496
SLC13A2,0.0036420365122103926
SLC13A3,0.11977318061795683
SLC13A4,0.02843567764548414
SLC13A5,0.001542066824360451
SLC14A1,0.002203749062561452
SLC14A2,0.0006787015430911776
SLC15A1,0.07308823017933731
SLC15A2,0.8043882785873867
SLC15A3,2.9318993245836897
SLC15A4,17.691887199977067
SLC16A1,17.37171294437031
SLC16A10,0.0284765061928301
SLC16A2,0.21958721154476604
SLC16A3,5.59377399613065
SLC16A7,0.034728197683701806
SLC16A8,0.020505229017430418
SLC17A1,0.06505057075080632
SLC17A2,0.014797084619435076
SLC17A3,0.0480606884147512
SLC17A4,0.016758172785412122
SLC17A5,19.09873999265243
SLC17A6,0.03561924497624714
SLC17A7,0.0011859519310139022
SLC17A8,0.023326127399307364
SLC18A1,0.0002617436244971234
SLC18A2,1.4305015916705954
SLC18A3,0.00034536611903066667
SLC19A1,67.03599429327399
SLC19A2,3.238143106342569
SLC19A3,0.05649068041662491
SLC1A1,0.21921492978562418
SLC1A2,0.0021078294108675326
SLC1A3,0.636646189456702
SLC1A4,0.7630970757909915
SLC1A5,224.51658929190927
SLC1A6,0.042417992904794956
SLC1A7,0.001373033403331318
SLC20A1,17.282166481794363
SLC20A2,19.66227661716598
SLC22A1,0.06609428224940371
SLC22A10,0.10034501076203277
SLC22A11,0.00032799188835270674
SLC22A12,0.0002340467855576603
SLC22A13,0.0003195150212512597
SLC22A16,0.030651731577290953
SLC22A18,1.9189654347944467
SLC22A2,0.6215418871526734
SLC22A3,0.0015875786534776926
SLC22A4,0.13027075811794736
SLC22A5,1.2248573768952735
SLC22A6,0.00038865419692184515
SLC22A7,0.3754031874781076
SLC22A8,0.6796964855365107
SLC22A9,0.11807453767167743
SLC23A1,0.007467696258879387
SLC23A2,0.8310732796745041
SLC24A1,0.12647011466397964
SLC24A2,0.0029277481606776955
SLC24A3,0.31758912339765566
SLC24A4,0.00045759589514580984
SLC25A1,1188.321847398399
SLC25A10,67.47362881010622
SLC25A11,1298.6616788611605
SLC25A12,130.40874333010314
SLC25A13,67.1659481968164
SLC25A14,3.2382059648661423
SLC25A15,1.4352482501067774
SLC25A16,1.3317634617849228
SLC25A17,5.334013373626634
SLC25A18,0.1512477461476105
SLC25A19,5.940149487208829
SLC25A2,0.004928516050164261
SLC25A20,5.938212212067438
SLC25A21,0.01184425012559662
SLC25A22,66.68660065202994
SLC25A26,9.875039492387963
SLC25A27,0.4777214046047795
SLC25A28,39.90415506689305
SLC25A29,34.0784308608933
SLC25A3,1927.373235119834
SLC25A37,11.743887733891667
SLC25A4,74.24319097451428
SLC25A5,4735.674370468386
SLC25A6,259.69839568769237
SLC26A1,0.0680340674441002
SLC26A11,6.540240454554099
SLC26A2,0.2113894317078913
SLC26A3,0.0032158203495847144
SLC26A4,0.0031217201123535537
SLC26A6,1.8874652582150464
SLC26A7,0.008437744801679097
SLC26A8,0.003528953432027223
SLC26A9,0.16449592115829176
SLC27A1,1.4557736015383236
SLC27A2,0.13029131447966766
SLC27A3,6.24701505137569
SLC27A4,3.6414833602883734
SLC27A5,21.941918167950266
SLC27A6,0.016252447374073574
SLC28A1,0.02160526792117186
SLC28A2,0.0015407677914509922
SLC28A3,0.015428338808950559
SLC29A1,126.86859639209943
SLC29A2,13.134797287487853
SLC29A3,1.1722513308700064
SLC29A4,0.9000537272774721
SLC2A1,62.04972892271297
SLC2A10,0.12533128452020312
SLC2A11,4.493836971349377
SLC2A12,0.08328100453908795
SLC2A13,0.042606460406592946
SLC2A14,0.051942455856310986
SLC2A2,0.01157895082410419
SLC2A3,0.31407346781724244
SLC2A4,0.015132004972477471
SLC2A5,0.026247197896634464
SLC2A6,0.20396196409685965
SLC2A7,0.000645980858495118
SLC2A8,2.9453158305200735
SLC2A9,0.6632350729016098
SLC30A1,5.759429702313169
SLC30A6,2.8448989079931484
SLC30A7,3.4538123830705962
SLC31A1,4.336933076182218
SLC32A1,0.0014496181722515025
SLC33A1,282.0824505954183
SLC34A1,0.005807128579471228
SLC34A2,3.03003872271703
SLC34A3,0.01285454093048539
SLC35A1,7.805290293783187
SLC35A2,20.621432202789812
SLC35A3,0.6035165911222238
SLC35B2,1.6297792574342806
SLC35B4,0.9579135751791181
SLC35C1,10.20534970051532
SLC35D1,1.0134548912252068
SLC35D2,14.400241359283223
SLC36A1,0.9772791904686412
SLC36A2,0.07419499914014951
SLC36A4,2.571318146538492
SLC37A1,15.689513373866001
SLC37A4,18.0936745114589
SLC38A1,15.01768170791374
SLC38A2,7.15378157409939
SLC38A3,0.34393805042395353
SLC38A4,0.0007924333445378983
SLC38A5,0.1584673473705771
SLC39A7,5.869720431653205
SLC3A1,0.09614744970619415
SLC3A2,96.26953973628459
SLC40A1,0.6559849045806639
SLC41A1,5.053137876534376
SLC41A2,0.29359749537667196
SLC43A1,5.744743969115856
SLC43A2,3.8408725313652474
SLC46A1,0.5939020518762408
SLC47A1,0.027413678332233543
SLC47A2,0.00034995891189926236
SLC4A1,0.001188271221921454
SLC4A10,0.15590695398661464
SLC4A2,48.91511174414437
SLC4A3,1.4738976285281686
SLC4A4,0.022147649916545664
SLC4A5,1.7224802750953288
SLC4A7,0.25388609286428887
SLC4A8,0.013577269805896132
SLC4A9,0.0015492453595188544
SLC51A,0.15730939956507933
SLC51B,0.1317954273752661
SLC52A1,0.11277172956640528
SLC52A2,0.09357936368667576
SLC52A3,0.28454763876001143
SLC5A1,0.15911090404465977
SLC5A10,7.18425607030173
SLC5A11,0.01523677159003992
SLC5A12,0.0008607755702307923
SLC5A2,0.03597879308425342
SLC5A3,0.5926380021693383
SLC5A5,0.25104234397319103
SLC5A6,98.4102502744105
SLC5A7,0.07302190367296232
SLC5A8,0.3418527760399266
SLC5A9,0.03233310419194463
SLC6A1,0.006794479619855379
SLC6A10P,0.11707161269108217
SLC6A11,0.1941804081006069
SLC6A12,0.06089192312796859
SLC6A13,0.0006430887583604915
SLC6A14,0.0921556247837144
SLC6A18,0.020564936803086797
SLC6A19,0.1185497404542115
SLC6A2,0.002054255422659027
SLC6A20,0.02252873065677858
SLC6A3,0.0008061200314200195
SLC6A4,0.0009864802661632623
SLC6A5,0.10319845039380167
SLC6A6,0.06616160495922165
SLC6A7,0.0033590686204867794
SLC6A8,42.62021114841539
SLC6A9,6.0199188315521805
SLC7A1,3.137679463181577
SLC7A10,0.00046692552161941057
SLC7A11,0.02535920481392746
SLC7A2,17.079101803568868
SLC7A3,0.04448941571177317
SLC7A5,19.220627275983844
SLC7A6,2.0639282976157314
SLC7A7,0.4988178346691514
SLC7A8,0.8726300963266426
SLC7A9,0.03096019064169857
SLC8A1,0.009814420674954314
SLC8A2,0.00426692130945137
SLC8A3,0.23722842177089118
SLC8B1,0.13932836983899105
SLC9A1,9.328925738676023
SLC9A2,0.02452387980435546
SLC9A3,4.900407520300348
SLC9A4,0.314551529377227
SLC9A5,0.2554888836358044
SLC9A7,7.123674884827184
SLC9A8,0.6938359556275441
SLCO1A2,6.382548895864183
SLCO1B1,0.14131613918222857
SLCO1B3,0.0002551549802045219
SLCO1C1,0.0005245487518636136
SLCO2A1,0.3100808944915907
SLCO2B1,0.49936053325691687
SLCO3A1,0.4037443242416172
SLCO4A1,0.26066702834251465
SLK,5.190269968389669
SMARCD3,7.096200793293517
SMG1,0.21811579258258607
SMPD1,3.147583747104518
SMPD2,6.0570967239606155
SMPD3,0.14450936246742288
SMPD4,6.725669604457582
SMS,195.52720772723615
SMURF1,4.932718737461693
SMURF2,1.7176433756803433
SMYD3,19.881409340829414
SNRK,1.1604550094164932
SOAT1,2.29851072124598
SOAT2,0.0004278238042063865
SOD1,13367.74404741972
SOD2,107.22020908874009
SOD3,1.6617399379769742
SORD,3.666832254196838
SPCS1,254.9206633040534
SPCS2,115.47699674874984
SPCS3,153.12150645825312
SPEG,0.3106930956206819
SPHK1,22.008241168227823
SPHK2,1.0919949023568822
SPR,635.3484701605837
SPRYD3,46.634372586061275
SPTLC1,21.877759553336684
SPTLC2,0.7231044527883801
SPTLC3,0.25101676192556743
SQLE,0.5760005872958835
SRC,3.185489944138404
SRD5A1,16.248850252544454
SRD5A2,0.3354345050980549
SRD5A3,32.62419589628263
SREBF1,19.030872987485722
SRM,1833.7209612209801
SRMS,0.022922960717745085
SRPK1,8.90767063954889
SRPK2,4.088585784866826
SRPK3,0.1994024099281932
SSH1,1.187133149935833
SSH2,0.6428237519184065
SSH3,19.12442549006841
SSR4,1483.6917985661248
SSU72,525.0853345304714
ST3GAL1,1.92959962780089
ST3GAL2,1.3620543105021872
ST3GAL3,23.606267216382246
ST3GAL4,16.110928239571866
ST3GAL5,0.052096190199077075
ST3GAL6,2.765839779609069
ST6GAL1,2.9110598508601
ST6GALNAC1,0.0008408068753673504
ST6GALNAC2,3.2335163878787814
ST6GALNAC3,0.024937273561857484
ST6GALNAC4,62.921628408499025
ST6GALNAC5,0.513907286740028
ST6GALNAC6,25.300919146188033
ST8SIA1,0.5303972172707675
ST8SIA4,0.034656975099536115
ST8SIA5,0.0014122907300627141
STAMBP,14.578147483363855
STAMBPL1,1.5860467601614905
STARD3,19.919716424276654
STK10,0.4010015742404884
STK11,48.36092135264631
STK16,1.5165495609486053
STK17A,1.25513773955668
STK17B,0.7202086118147693
STK19,1.1731350706238133
STK24,26.243193401358454
STK25,7.169688559000852
STK26,0.629690691282171
STK3,11.865008170854075
STK31,0.0009009858333120567
STK32A,0.0005091307726734857
STK32B,0.004853074295562481
STK32C,4.225044216018697
STK33,0.3660389469387471
STK35,2.416626859622562
STK36,1.0680545428010702
STK38,5.2563783193998335
STK38L,1.268176111782067
STK39,20.64687171837918
STK4,0.21238466456395166
STRA6,0.027331154670823664
STS,0.28018692522222366
STT3A,22.328221854139823
STT3B,11.149709481018139
STUB1,80.00101311437481
STYK1,0.5606735351091673
STYXL1,31.62258132232
SUCLA2,36.49386981009743
SUCLG1,585.8046987457253
SUCLG2,359.69013682676695
SULT1A1,30.89916988959774
SULT1A2,1.251358224589155
SULT1A3,3.7503041530200782
SULT1B1,11.156590094172376
SULT1C2,0.015872486337549226
SULT1C4,0.0015126589913942831
SULT1E1,0.031032398744953532
SULT2A1,3.553854432798619
SULT2B1,0.8063485239040528
SULT4A1,0.2858885701998867
SUOX,4.7651412109180855
SUV39H1,4.959810144171802
SUV39H2,2.0410826756852236
SYK,2.1292068042744425
SYNJ1,0.009624972557914791
SYNJ2,0.021972814014787526
SYVN1,0.5585129413384642
TAF1,0.505281058978162
TALDO1,1447.0385066472074
TAOK1,0.6452061393286342
TAOK2,5.361447852843705
TAOK3,2.5463344807999433
TARS,615.2395167833101
TARS2,2.5512519873335293
TARSL2,1.0509779295985435
TAT,0.027546592457916023
TBCB,226.53993851467737
TBK1,0.5023361773332405
TBL1X,5.048258264971475
TBL1XR1,4.811285359152041
TBXAS1,1.457844846021024
TCIRG1,54.3539684145913
TDO2,0.3886578598187261
TECR,179.90628463127794
TECRL,0.11400593534832566
TENT2,0.15316461371698084
TENT4A,0.45357387630786017
TESK1,16.408215334437653
TESK2,1.5508367545757307
TFRC,102.40361358103621
TGDS,2.290983145381615
TGFBR1,1.4505644553995187
TGFBR2,1.2569749995135429
TGM1,0.06933195172144949
TGM2,0.6704409236751473
TGM3,0.12124668710309891
TGM4,0.0023787147085930762
TGM5,2.3201120022640676
TGM6,0.0003723303933502331
TGM7,0.02161265538170533
TGS1,9.059383762891699
TH,0.04114767809682256
THNSL1,2.340799284437775
THTPA,2.3077717958157353
TIAM2,0.0017285786774365874
TICRR,0.05167590734814967
TIPARP,0.45714825110233415
TK1,86.89826364159018
TK2,4.92079040458314
TKFC,17.655218887752373
TKT,2277.018071400675
TKTL1,0.3737600241231325
TKTL2,0.0007359979261264037
TLK1,3.5340995254019716
TLK2,0.13074630928718395
TM7SF2,3.618911135425609
TMEM91,1.0076756613012252
TMLHE,0.620638217789794
TMX3,4.163046194102311
TNFRSF21,5.148730938466443
TNIK,2.817203127550627
TNK1,16.729123861911823
TNK2,7.941107885719506
TNKS,0.6424988403620857
TNKS2,2.671059989787199
TNNI3K,0.3354345050980549
TNS2,1.434061794943761
TOPORS,1.5881995983357804
TP53RK,3.014660816367949
TPH1,0.02115220678027286
TPH2,0.08567194949607831
TPI1,10609.28384685671
TPI1P2,13.616486557403242
TPK1,0.07233909781791567
TPMT,2.4818054221512806
TPO,0.0010982267070006242
TPP1,13.891816555115243
TPSAB1,0.205604598440394
TPSB2,0.18954396872360432
TPSD1,0.021500467457226197
TPST1,0.5244259463506565
TPST2,2.3848172500371505
TPTE,0.3354345050980549
TPTE2,0.0004054691653591339
TRAF7,49.90707525422069
TRDMT1,0.25379830061138964
TREH,0.0059586201330823485
TREX1,6.0152616486666615
TREX2,0.7427954049960437
TRHDE,0.16805755992133736
TRIB3,6.9255462278206315
TRIM11,45.43718849878483
TRIM32,0.6460746534384109
TRIM33,1.1435080415081602
TRIM63,0.0013953365266814676
TRIO,0.3079258652596137
TRIP12,6.750882204061884
TRIT1,23.61624952186489
TRMT1,10.900954528134536
TRMT11,3.5075272691839476
TRMT1L,2.5271181396322535
TRMU,14.587349597351052
TRPM6,0.021831780053528836
TRPM7,0.5268013980792181
TSSK1B,0.0015278804564820632
TSSK2,0.0231714118888251
TSSK3,0.837599244572764
TSSK4,0.003640132525944822
TSSK6,0.21324918185472694
TST,38.79217127581934
TSTA3,2038.3667473211924
TTC3,25.973737258095547
TTK,0.13010403165012854
TTL,0.4680949218530645
TTLL10,0.006676485482930035
TTN,0.001130030655305515
TUSC3,2.1649811147888487
TUT1,0.40075025778259976
TUT4,0.6950417161591614
TUT7,0.1907089895411479
TXN,4575.981789354433
TXN2,43.75676585584675
TXNRD1,129.44838410272217
TXNRD2,15.887299396603533
TXNRD3,0.6386189012686292
TYMP,133.22890121510997
TYMS,18.10331765604092
TYR,0.1046323172264974
TYRO3,1.1909815753789852
TYRP1,0.04168700400217227
UAP1,39.321200971774715
UAP1L1,1.847360164960075
UBA1,596.5002189955782
UBA2,73.93922346910186
UBA3,44.918669050529964
UBA6,31.431798684571245
UBA7,3.917519050399958
UBE2A,39.308206201589655
UBE2B,43.72228412896041
UBE2C,11.205523788089657
UBE2D1,3.7276311939771274
UBE2D2,44.223780836255784
UBE2D3,916.1184286260662
UBE2D4,2.813161223253838
UBE2E1,96.66261139553133
UBE2E2,9.921927839205804
UBE2E3,6.289447397210309
UBE2F,1.134378555171518
UBE2G1,9.59500709498279
UBE2G2,9.654786257532901
UBE2H,117.91559489727689
UBE2I,1509.2431875412326
UBE2J1,6.459463395165401
UBE2J2,109.23146902052574
UBE2K,460.63351204214825
UBE2L3,953.4394044618351
UBE2L6,30.29682007477036
UBE2M,270.30342071008283
UBE2N,43.31483248617645
UBE2NL,5.702029670679712
UBE2O,8.589404619452386
UBE2Q1,13.910196711792956
UBE2Q2,0.5173231221943388
UBE2QL1,0.03207269818096218
UBE2R2,14.22099655646921
UBE2S,114.2943460374976
UBE2T,19.387968179215868
UBE2U,0.0009831782293500543
UBE2W,7.083677514590826
UBE2Z,62.48815247600217
UBE3A,5.874061771674079
UBE3B,2.361239031450589
UBE3C,3.1568614529760946
UBE4A,0.4998954764952693
UBE4B,2.38212068972167
UBLCP1,54.68586821566978
UBR1,0.09283925366211641
UBR2,0.7855407890461951
UBR3,0.010131876118238141
UBR4,2.6729650542321823
UBR5,0.43930958867946435
UBR7,4.117306645737985
UCK1,14.03138039387281
UCK2,14.818628116572574
UCKL1,17.400324814843277
UCP1,0.058364989262093596
UCP2,5.772740193765331
UCP3,0.08796408603738122
UEVLD,0.8903995288852073
UGCG,0.1679170422104185
UGDH,21.50988948501712
UGGT2,1.7213772139257457
UGP2,2092.643921483172
UGT1A1,0.5818457107151666
UGT1A10,0.0009193281744709823
UGT1A3,1.0114790584917612
UGT1A4,0.0951329295757727
UGT1A5,0.4044927492424471
UGT1A6,14.085484910291596
UGT1A7,0.817507176308654
UGT1A8,1.0317632379929431
UGT1A9,0.006289533973976401
UGT2A1,0.00021429338288324784
UGT2A3,9.543112361988541e-05
UGT2B10,0.00016537140208283956
UGT2B11,0.01946844814430141
UGT2B15,0.6704297803167216
UGT2B17,0.6033232516115735
UGT2B28,0.01577988117037005
UGT2B4,0.7544150219594951
UGT2B7,0.1550237091590488
UGT3A1,0.00011905338659582005
UGT3A2,0.0494868784154801
UGT8,0.9356512863642048
UHMK1,10.52280274455778
UHRF1,0.4858164524580193
UHRF2,3.8684212668279936
ULK1,7.440022293168263
ULK3,5.282137477267655
ULK4,0.5301375474134943
UMPS,126.80728227429258
UPB1,0.003980576797515897
UPP1,3.1093992490908193
UPP2,0.0056151767198105215
UPRT,2.847032375376137
UQCR10,45.23195109153315
UQCR11,528.5291728626115
UQCRB,134.38409934073195
UQCRC1,2649.8597458945496
UQCRC2,1943.8942563501616
UQCRFS1,374.36517728817745
UQCRH,212.86366944741403
UQCRQ,158.49262964232477
UROC1,0.0037620141390529815
UROD,182.76122398989827
UROS,32.352158638515675
USP1,12.993243153165388
USP10,3.5625405308461255
USP11,9.282930745818195
USP12,0.5479504444061563
USP13,2.0398939187455825
USP14,62.12835841385282
USP15,1.355590266157842
USP16,8.239382891821895
USP17L2,0.7544524097088302
USP17L22,0.04998256910149056
USP17L30,0.050968258904732194
USP17L5,0.050968258904732194
USP17L9P,0.3354345050980549
USP18,0.5344829971298993
USP19,0.7306499091768068
USP2,0.7763679893011871
USP20,6.503502837628324
USP21,22.54923544805454
USP22,49.30212707026028
USP24,0.8096855993243158
USP25,0.10871610275034409
USP26,0.0026235014936727566
USP28,1.4045885137342884
USP29,0.08228852752006045
USP3,0.26164394717089073
USP30,0.09985180728483911
USP31,1.1306028062167959
USP32,0.1496583176648513
USP33,5.369676161126702
USP34,2.832385547698532
USP35,1.0333449795257568
USP36,3.308237800221601
USP37,0.722112367379341
USP38,2.0306891888796006
USP4,1.165445604968151
USP40,0.3288551087017609
USP41,0.01834435481333142
USP42,1.4137126805501883
USP43,2.2612230946753504
USP44,0.0005321462329206542
USP45,0.2511071022864158
USP46,1.5354509110273031
USP47,1.6830849115502482
USP48,0.11494666103538477
USP49,0.01923603626253237
USP51,0.06143604332523585
USP6,0.011303112046958518
USP7,25.567835215641736
USP8,0.1183527996306883
USP9X,2.296895475444797
USP9Y,4.82464283447e-05
UST,1.2197339766281075
UXS1,16.604692244561914
VARS,46.48656511480231
VARS2,10.390269841957258
VKORC1,419.86789059205245
VNN1,0.0021714120507037742
VNN2,0.018027249661457658
VNN3,0.3354345050980549
VRK1,42.9688757579255
VRK2,2.665582857237183
VRK3,15.952999447491292
WARS,266.27668162349795
WARS2,5.047364601785479
WDYHV1,49.036212212239036
WEE1,19.25101849284563
WEE2,0.0006509491564904026
WNK1,0.9967039430659751
WNK2,29.50597447103991
WNK3,0.006705149499529786
WNK4,0.008173032442527721
WWOX,1.2478614929246843
WWP1,11.955797752267962
WWP2,0.07529298736971572
XDH,0.06414835430208414
XPO6,0.42083558088732237
XPO7,7.634135984898691
XYLB,0.38782225119572983
XYLT1,0.08134602486152338
XYLT2,6.03679660985823
YARS,5510.134312988893
YARS2,28.06251152249873
YES1,4.845263421526298
ZADH2,1.0250497251765434
ZAP70,0.06631891169499282
ZC3HAV1,1.1693771161983821
ZNRD1,1.1972427694164085
ZNRF1,8.474034456272902
ZNRF2,6.985011185086826
ZSWIM2,0.015679988656711358
