A4GALT,100.31526531534023
A4GNT,0.011546113794705564
AACS,50.17768536211403
AADAC,0.003962543374996774
AADAT,0.19479288353791577
AAK1,7.336140690517869
AANAT,0.8038925880696804
AARS,407.8762368513342
AARS2,4.927495892551501
AASDH,3.80562201194286
AASDHPPT,12.897933245984271
AASS,0.8475983025527155
AATK,0.3107493978974645
ABAT,4.987551799590363
ABCA1,13.229267416753768
ABCA3,0.8589575940556536
ABCA4,0.0038934162146478965
ABCA8,0.0453357469684202
ABCB1,0.7301205132268216
ABCB11,0.001620795264570526
ABCB4,19.19241234255188
ABCB6,13.624859884801104
ABCC1,1.6389813566533
ABCC11,0.0009205629124671482
ABCC2,0.015652821795825687
ABCC3,2.5964931611477984
ABCC4,4.236484499376531
ABCC5,2.107319245562808
ABCC8,0.0003653290318117491
ABCC9,0.5615760218452486
ABCD1,10.69044537730215
ABCD2,0.29053413239812786
ABCD3,38.96917004912575
ABCG2,2.2027258719694465
ABCG5,0.003349004630666682
ABCG8,0.0008265073550498738
ABHD12,28.367276451477675
ABHD5,3.6401338430833348
ABHD6,13.847900475490537
ABL1,21.47314142351813
ABL2,1.4424786038078703
ABO,0.05636007339421873
ACAA1,57.97098675319476
ACAA2,155.69524982604096
ACACA,11.746804697344196
ACACB,1.5954454355048941
ACAD10,7.206062366748947
ACAD11,0.160063082345819
ACAD8,30.002360281189187
ACAD9,268.37160943912147
ACADL,0.007397424526825564
ACADM,82.02658989811903
ACADS,7.006148660763056
ACADSB,26.824389235596644
ACADVL,480.6873165757989
ACAT1,39.937464136737944
ACAT2,59.6223273352863
ACE,1.106471504304635
ACE2,0.0035327503358413355
ACER1,0.011195179602577479
ACER2,1.5776833380481432
ACER3,4.257208497794794
ACHE,12.791361470387516
ACLY,109.26016554207132
ACMSD,0.0336393339372381
ACO1,20.66561720820055
ACO2,81.91160363355726
ACOT1,0.46048836942082927
ACOT11,0.22205817233919792
ACOT12,0.0012113498264797744
ACOT13,6.805076118849757
ACOT2,1.7842476293433895
ACOT4,0.3159843601526638
ACOT6,0.0124344322018724
ACOT7,71.9040200912155
ACOT8,44.741412416714404
ACOX1,3.5854004033782094
ACOX2,0.3721192657122619
ACOX3,11.620483293728164
ACP1,5210.348688756562
ACP2,14.737476431633224
ACP4,0.0036202735317779565
ACP5,186.2326917538109
ACP6,6.024673301713684
ACP7,0.44999467512671487
ACPP,2.004707762922476
ACSBG1,0.024578759955591254
ACSBG2,0.035277335109635516
ACSF2,19.727991050602412
ACSF3,9.830055326769594
ACSL1,13.421463525527374
ACSL3,5.4277608293993795
ACSL4,4.1209164846721045
ACSL5,8.786338526293676
ACSL6,0.03842655390425697
ACSM1,0.09905893538387206
ACSM2A,0.0007192924873542354
ACSM2B,0.0009269740308375581
ACSM3,0.24493408374199965
ACSM4,0.0035605830748353926
ACSM5,0.21488383149201537
ACSS1,20.818951147488736
ACSS2,1.9674267432676202
ACSS3,0.4993646013075083
ACVR1,7.99449377167756
ACVR1B,2.4847865644261864
ACVR1C,0.0029419735428803085
ACVR2A,1.1174288050462353
ACVR2B,0.7748416803012647
ACVRL1,14.868695728310035
ACY1,14.483120086064261
ACY3,809.6972217242754
ACYP1,43.08782629316827
ACYP2,5.887150698827401
ADA,83.21952812450819
ADCY1,0.0660148110634419
ADCY10,0.004946595242609392
ADCY2,0.0026512080839604167
ADCY3,15.04784637812953
ADCY4,1.556725542879036
ADCY5,0.13501830399929338
ADCY6,1.3785855919667387
ADCY7,22.64680419752232
ADCY8,0.10844658669179806
ADCY9,2.6371773164723264
ADH1A,0.004332325055528231
ADH1B,0.06977196013206836
ADH1C,0.0017934746781681544
ADH4,0.018455639060842126
ADH5,345.9149551806026
ADH6,0.049860840205309204
ADH7,0.11332845673771044
ADHFE1,0.607030905070853
ADI1,184.18513841628473
ADK,8.501575459632477
ADO,18.39416804167878
ADPGK,97.41724607688619
ADPRH,43.93766636433436
ADSL,1260.5578444146647
ADSS,234.8275146981779
ADSSL1,0.18982139032614365
AFMID,18.522742159114024
AGA,76.73159528944304
AGK,10.246698040646013
AGL,0.3356691369910585
AGMAT,0.590997882188492
AGPAT1,1.5395311857650935
AGPAT2,66.24716911234256
AGPAT3,27.235121326420074
AGPAT4,0.06935696331591736
AGPAT5,13.627589636964865
AGPS,14.609065823433589
AGT,0.024599500226755614
AGXT,1.1981950333722313
AGXT2,0.07273189725255508
AHCY,7633.8152169766
AHCYL1,19.658820618846512
AHCYL2,4.276085582387284
AICDA,0.009877531418556176
AK1,64.16029396375527
AK2,606.4797355517891
AK3,9.525122945024115
AK4,100.70893436007697
AK5,0.18671948180758613
AK7,7.267213791871839
AKR1A1,519.7441376939256
AKR1B1,31.15655901705333
AKR1B10,1.7328366357799747
AKR1B15,2.0793115605776
AKR1C1,0.3159120930841062
AKR1C2,0.053631104753566194
AKR1C3,1.117338511553052
AKR1C4,0.005849809770301195
AKR1C8P,0.3354345050980549
AKR1D1,3.5763124860476507
AKR7A2,153.33680076577932
AKR7A3,0.05768102848092876
AKT1,9.485577344928153
AKT2,2.7259748892485307
AKT3,1.9854766779093223
ALAD,303.1471879890825
ALAS1,32.88523044953443
ALAS2,0.0011049423609968028
ALB,0.0010329039246981724
ALDH18A1,181.9041334279609
ALDH1A1,1.5474712537109114
ALDH1A2,0.07085861117548953
ALDH1A3,16.620990351498953
ALDH1B1,10.222192015966359
ALDH1L1,0.008533272539203678
ALDH1L2,0.6239720731923837
ALDH2,523.4479584405185
ALDH3A1,0.0010275231089257643
ALDH3A2,24.30062371859782
ALDH3B1,4.322628069278547
ALDH3B2,3.4619020604714774
ALDH4A1,2.44369023878545
ALDH5A1,17.402439048325952
ALDH6A1,20.31517450334765
ALDH7A1,2.992710933414425
ALDH9A1,398.40850963618766
ALDOA,7388.092834286357
ALDOB,0.6064536664830832
ALDOC,6.8796486705477005
ALG1,5.903104936468467
ALG10,0.9835554846308763
ALG11,0.7078813171742677
ALG12,19.809480175509727
ALG13,6.474313578573963
ALG14,6.813252926071111
ALG1L,0.25767016058843073
ALG1L2,0.1256253223062467
ALG2,85.81399474361646
ALG3,4.596935051219033
ALG5,30.53481849016998
ALG6,8.445296744569813
ALG8,47.43979103726738
ALG9,3.499445295743456
ALK,0.0006691595976992222
ALLC,0.007733870542130436
ALOX12,0.5664693077122194
ALOX12B,0.013585026659024753
ALOX15,0.012394092061029946
ALOX15B,1.7461323443694596
ALOX5,144.46703488864395
ALPG,2.1334538652401167
ALPI,0.09522613776587274
ALPL,15.709752181321814
ALPP,0.0018583179158621619
AMACR,26.668671298657404
AMD1,48.57667665827475
AMDHD1,0.08584201287613509
AMDHD2,32.9934520151005
AMFR,0.6617081361454297
AMHR2,0.06348622862741445
AMN,0.08359522614542599
AMPD1,0.11167496795558433
AMPD2,13.246943166454725
AMPD3,19.354288057357074
AMT,2.499418024273056
AMY1A,0.00028198964782718427
AMY1B,2.6438139326066277
AMY1C,2.6438139326066277
AMY2A,0.01994129491338884
AMY2B,1.6235838459694523
ANAPC11,92.58750225669529
ANGPTL4,26.829143973367323
ANKRD1,0.015552167262525328
ANPEP,15.315922215282418
ANXA3,7.752508457935743
AOAH,24.61060834021148
AOC1,0.022327631781835014
AOC2,0.07654419444309572
AOC3,4.671718179691176
AOX1,0.24656598861653808
APOA1,0.020980788219498624
APOA2,0.007912384421024128
APOA5,0.001258256522012213
APOB,0.0007661646251296384
APOC1,1178.0142908630737
APOC2,27.211319250515267
APOC3,0.006769208858315358
APOE,4587.366769819153
APRT,1380.7205041923314
AQP1,22.509456863319308
AQP10,0.0037868645526527175
AQP2,0.00045916078982145375
AQP3,7.557362247079977
AQP4,0.00034361613457619604
AQP5,0.005711681339839029
AQP7,0.033429516687163624
AQP8,0.00880093388226448
AQP9,0.9187292935845487
ARAF,1.3644361355816486
ARCN1,225.6670383193229
ARG1,0.007384505178002884
ARG2,3.809620019172716
ARSA,26.91188948404271
ARSB,3.5071125655601594
ART1,12.508037072622695
ART3,0.006116610836922751
ART4,0.11849042448190139
ART5,0.004109015815861339
AS3MT,0.0022626557273752513
ASAH1,124.81412410395318
ASAH2,0.003943283083234593
ASH1L,0.01169098438824741
ASL,164.27763747064552
ASMT,0.12963095805825664
ASNS,179.3468553089421
ASPA,0.2131962368375018
ASPG,0.001225012471775705
ASPH,43.4108290874736
ASRGL1,3.7076773653317923
ASS1,23.163386860577763
ATE1,3.4469115600816065
ATIC,1097.562991718685
ATM,2.3522944678637034
ATP10A,0.9473260000453736
ATP11A,3.0025178648027877
ATP11C,10.845622182919849
ATP1A1,50.97928309871702
ATP1A2,0.004903999567055569
ATP1A3,0.4200791393025242
ATP1A4,0.1713701755803805
ATP1B1,13.195119493650326
ATP1B2,0.06188160457147751
ATP1B3,61.25613816217802
ATP1B4,0.00038596476887083287
ATP2B1,20.653477423298174
ATP2B2,0.0025647021156215864
ATP2B3,0.002080501720431872
ATP2B4,7.641238060156445
ATP4A,0.0005663625127992366
ATP4B,0.004343672669904231
ATP5F1A,124.53265572432873
ATP5F1B,167.30632217246165
ATP5F1C,21.50971022167614
ATP5F1D,155.46511749348954
ATP5F1E,125.55773209538297
ATP5MC1,4.311892001287344
ATP5MC2,2.868050998110428
ATP5MC3,5.997867959791037
ATP5ME,117.38991896387836
ATP5MF,1.481717785000078
ATP5MG,179.57272888452187
ATP5MGL,23.718922705117464
ATP5PB,5.524565248774745
ATP5PD,6.7181129554220975
ATP5PF,4.959033242795014
ATP5PO,42.13932100131758
ATP5S,0.3354345050980549
ATP6V0A1,1.1587923451449043
ATP6V0A2,1.758767141155018
ATP6V0A4,0.0050066062203218825
ATP6V0B,388.71197713389813
ATP6V0C,448.1160067504004
ATP6V0D1,893.1716466510178
ATP6V0D2,0.22522385781302362
ATP6V0E1,846.8774774739022
ATP6V1A,346.63217273886306
ATP6V1B1,0.0393799928275368
ATP6V1B2,796.9396289331859
ATP6V1C1,28.76567743553882
ATP6V1C2,0.2525496393945387
ATP6V1D,77.71038374909642
ATP6V1E1,181.59736917097845
ATP6V1E2,1.0242717303944324
ATP6V1F,85.46101574175078
ATP6V1G1,56.52515311388034
ATP6V1G2,0.10053643116501217
ATP6V1G3,0.3666461272452152
ATP6V1H,33.50281141722633
ATP7A,2.4891224815994373
ATP7B,0.0743668838179708
ATP8A1,10.698186097684037
ATP8B1,0.8500872095639939
ATP8B2,5.672367522335182
ATR,0.0803250553480553
AUH,2.04374051028086
AURKA,0.36687707841646244
AURKB,25.16025999130402
AURKC,0.42490654185406695
AWAT1,0.0633604788899994
AWAT2,0.0011117445526754857
AXL,0.013618173037127639
AZIN2,0.7963414524148358
B3GALNT1,27.560524286332914
B3GALNT2,2.4170606927356326
B3GALT1,0.3354345050980549
B3GALT2,0.010038932743060213
B3GALT4,2.3117132003492267
B3GALT5,0.1389037682866976
B3GALT6,9.822826822495024
B3GAT1,1.030139073233043
B3GAT2,0.005311866626599561
B3GAT3,56.93800121499725
B3GLCT,0.7866139610071975
B3GNT2,25.20829115000336
B3GNT3,0.05681896440581234
B3GNT4,0.09322246315195883
B3GNT5,0.40446118053823554
B3GNT6,0.011451876350241946
B3GNT7,9.766644110420296
B3GNT8,0.14659398572113785
B3GNT9,2.1225439453878154
B3GNTL1,11.003689697940372
B4GALNT1,0.3631838480387782
B4GALNT2,0.0011213926616841494
B4GALNT3,0.035644246581949
B4GALNT4,0.02760187157970814
B4GALT1,49.525583863586554
B4GALT2,15.265607978729358
B4GALT3,22.617623234768274
B4GALT4,25.387013501673252
B4GALT5,33.2152709999978
B4GALT6,0.12473952373608668
B4GALT7,45.79667137072647
B4GAT1,2.277812689362301
BAAT,0.0005728737246055776
BARD1,19.816004659843664
BBOX1,0.010634933326520369
BCAP31,1777.287104151091
BCAT1,4.263680326585513
BCAT2,10.921518952518426
BCHE,0.04630542376014071
BCKDHA,11.69163128500571
BCKDHB,7.769706978297729
BCKDK,48.89253001082719
BCO1,0.06461878427195712
BCR,0.33077197197132996
BDH1,27.101846915206156
BDH2,1.5240914595021156
BHMT,0.0022225322301330543
BHMT2,0.24688368407612388
BIRC6,5.510948880787563
BLK,177.59220599576537
BLVRA,1763.6490698397924
BLVRB,1954.317615388844
BMP1,8.350691415566377
BMP2K,1.1435600357130904
BMPR1A,0.29840014174389906
BMPR1B,0.009971311681774855
BMPR2,2.6547010099510877
BMX,0.028165238260214047
BPGM,8.857432855172721
BPNT1,194.80385590447787
BRAF,1.755711778929425
BRAP,0.2367313618595773
BRPF1,10.865518107327846
BRSK1,0.15346123210329732
BRSK2,0.006340032792494261
BSCL2,2.970302368818106
BSG,56.582128697526706
BTD,3.2711404964000113
BUB1,56.51853892021978
BUB1B,0.6445711937284965
C1GALT1,20.28808713766222
CA1,0.3354345050980549
CA12,9.715273433248905
CA13,3.5551408798881305
CA14,0.025449307501202945
CA2,18.30345385680589
CA3,0.08121412110184681
CA4,0.006102763370818874
CA5A,0.0066227146153767
CA5B,0.26770955137784885
CA6,0.04675200672493613
CA7,0.0032962481418369128
CA8,0.06805609876192406
CA9,0.0070264623346455125
CAD,85.10086670923862
CALM1,236.67982704205727
CAMK1,45.87664327641773
CAMK1D,0.4631291127077694
CAMK1G,0.3076297593157125
CAMK2A,0.015097932924853598
CAMK2B,0.21162398548336017
CAMK2D,602.3149735913947
CAMK2G,17.73567417422929
CAMK4,0.3493332157951587
CAMKK1,2.1653918779823216
CAMKK2,27.94265533133348
CANT1,30.281205980348695
CARM1,10.260027410668348
CARNS1,0.5381071174193647
CARS,38.08144606098202
CARS2,20.196051698798016
CASK,10.856070040225358
CAT,164.4043232560333
CBLC,0.004011427941475449
CBLL1,13.450936471443544
CBLL2,0.027434690025870352
CBR1,60.03643896191406
CBR3,58.260156937513145
CBR4,54.1194957213471
CBS,1.628096227607817
CBSL,0.3354345050980549
CBX1,262.5761712726104
CCNB1IP1,4.723718738863135
CD36,4.149197173894501
CD38,74.00121131935332
CDA,18.67974815205136
CDC14A,2.067961550581089
CDC14B,2.047448767117159
CDC25A,15.40325916600163
CDC25B,50.626858219890764
CDC25C,9.356592875986758
CDC34,7.328364506422568
CDC42BPA,0.381645526038072
CDC42BPB,0.8478787555002123
CDC42BPG,0.1534766983955524
CDC7,14.19113012121064
CDIPT,142.657159281394
CDK1,102.45095172610543
CDK10,32.90891884612228
CDK11A,9.265704533597305
CDK11B,25.031531764069367
CDK12,11.624453340841523
CDK13,19.90404428750117
CDK14,91.61302702214051
CDK15,0.00716470298430923
CDK16,35.37262851969718
CDK17,9.726709689097138
CDK18,4.175583312693168
CDK19,10.340056838314768
CDK2,116.84833437965979
CDK20,0.4330090272185961
CDK3,1.5727061588340354
CDK4,30.678707874169937
CDK5,70.49518058394327
CDK6,14.324549570011204
CDK7,134.98612097134296
CDK8,6.220106641415542
CDK9,62.62818298236225
CDKL1,1.4606315072179918
CDKL2,0.02908976209189664
CDKL3,1.0328129806545332
CDKL4,0.4581152391720778
CDKL5,0.4576324433693766
CDKN3,178.93386362356713
CDO1,0.2435706365359623
CDS1,0.022021241421214845
CDS2,10.991049306660734
CDY1,0.256335927830294
CDY1B,0.256335927830294
CDY2A,0.04923577690024244
CDY2B,0.04923577690024244
CEL,0.03874449354013909
CEPT1,13.210138428960319
CERCAM,23.008624947919344
CERK,29.475056225769706
CERS1,0.0071472699948257066
CERS2,72.83985641298041
CERS3,0.204503049429499
CERS4,34.14380364240107
CERS5,43.31255899833514
CERS6,0.5229043100605311
CES1,0.9422448149651018
CES2,5.430524395395835
CES3,0.0018473652296986172
CES5A,0.0009079729172678138
CFTR,0.0006883330126152156
CH25H,0.7099989699341281
CHAT,0.001982993603675864
CHD9,2.1909109493122227
CHDH,0.6398271932151872
CHEK1,3.332495117714421
CHEK2,31.16075988742581
CHFR,43.11655634863657
CHI3L1,44.79810958347257
CHIA,0.269384653777293
CHIT1,17.663542466918827
CHKA,5.080247231606075
CHKB,0.18228689214471713
CHMP4A,172.65889734179206
CHPF,9.024538613632625
CHPF2,40.93301972426609
CHPT1,13.91708698952115
CHST1,1.1207848108952394
CHST10,2.278189816536825
CHST11,9.18824127890674
CHST12,4.922802715004872
CHST13,0.02828907350332333
CHST14,1.0892032181691407
CHST2,9.370224287222786
CHST3,1.6352746553312536
CHST4,0.0024685353101058243
CHST5,0.020053609250738187
CHST6,0.14387131271281872
CHST7,0.7306562207411186
CHST8,0.009416937887012575
CHST9,0.003999380410942858
CHSY1,15.046135140300438
CHSY3,0.33912294494923756
CHUK,1.2339147560402721
CHURC1-FNTB,3.2507362769424972
CIDEA,0.3261466052049245
CINP,1.3606993367543412
CIT,11.149504010498505
CKB,9.554569260681467
CKM,0.15428050702705046
CKMT1A,1.8694627886660367
CKMT1B,0.0034667312840885862
CKMT2,0.1555063524621098
CLC,0.013375095457060015
CLCF1,2.6887713856156545
CLK1,1.8788342348382314
CLK2,24.043500726693537
CLK3,1.4599653629898908
CLK4,0.8515467937389666
CLOCK,1.240027925756308
CLPS,9.828993754263943
CLTRN,0.5786685643266595
CLYBL,0.2860072599916215
CMA1,0.004088483466083429
CMAHP,3.488171825454333
CMAS,17.72512013090134
CMPK1,834.8644328051428
CMPK2,8.310931544972833
CMTR1,4.115778316984253
CNDP1,0.0026296894514339624
CNDP2,156.3633962764338
CNOT4,5.614839529812062
CNP,62.36368640166587
COASY,819.7547681799431
COL4A3BP,2.025162127991825
COLGALT1,4.827811645801103
COLGALT2,0.08819212596505183
COMT,77.26522083892033
COMTD1,1589.7189691741594
COP1,0.4785008438550989
COPA,216.96962454727077
COPB1,266.3505075781567
COPB2,98.13735686258383
COPE,1515.8126391927833
COPG1,203.19653323900403
COPG2,191.95535723871487
COQ2,19.40954678020477
COQ3,2.9736220273467096
COQ5,4.055962572384508
COQ6,9.929570888386758
COQ7,0.41351520574358797
COX1,7.766401376158287
COX17,107.04987411049767
COX2,5.3369352212394165
COX3,0.33446363282071023
COX4I1,926.4859826708314
COX4I2,1.073928293023956
COX5A,343.5247159923397
COX5B,711.8857360072324
COX6A1,20.190545524247707
COX6A2,0.03653967383385555
COX6B1,178.50678121053735
COX6B2,0.012535482549576043
COX6C,238.37696633940544
COX7A1,4.649010315939206
COX7A2,40.62579906775204
COX7A2L,199.27852045813674
COX7B,470.5044256430686
COX7B2,0.3354345050980549
COX7C,451.27708925359076
COX8A,1123.736014673606
COX8C,0.12009022903001017
CP,0.008535489683159118
CPA1,0.0018659678993627397
CPA2,0.3260077156250784
CPA5,0.06493393973950728
CPA6,0.08602720314793232
CPOX,70.73714222081216
CPS1,0.45372865175758503
CPT1A,1.343833224318489
CPT1B,0.4219799183142613
CPT1C,0.7211011279900676
CPT2,87.6631635521697
CRAT,2.802546970109187
CREBBP,0.3560653118925164
CRLS1,7.902523637807141
CROT,5.50015078612935
CS,4122.794992771141
CSAD,4.356270348677322
CSF1R,129.01622905999963
CSGALNACT1,1.3075755772764508
CSGALNACT2,8.420706873952224
CSK,304.96546559192745
CSNK1A1,64.08828680852261
CSNK1A1L,0.22987541595869965
CSNK1D,102.50860223364405
CSNK1E,1.2169914088398022
CSNK1G1,3.0624615563549
CSNK1G2,68.0206733457811
CSNK1G3,8.221485331811209
CSNK2A1,358.4675894746587
CSNK2A2,293.57713301531595
CSNK2B,94.42440927742736
CTBP1,197.93874577418418
CTDP1,3.399045040554416
CTDSP1,95.02374647450404
CTDSP2,88.97388174027336
CTDSPL,0.9749103085935329
CTDSPL2,2.2640281307928123
CTGF,0.3354345050980549
CTH,0.807860306381852
CTPS1,0.2774814774265704
CTPS2,28.43912265408748
CTSA,305.9881895318021
CTSB,1380.116884285615
CTSC,29.682235086081956
CTSD,2269.273883953322
CTSE,0.023965560764147017
CTSF,10.312846358429647
CTSG,0.17618573396095072
CTSH,964.216995423418
CTSK,199.91204353414
CTSL,22.309476873829027
CTSO,23.542653244647557
CTSS,152.5291663995066
CTSV,0.5139622638412911
CTSW,2.251353758256355
CTSZ,63.20961289470397
CUBN,0.05354473455214942
CWC27,15.202385010542873
CYB5D1,1.9833134842562392
CYB5R1,44.22517099919731
CYB5R2,60.62695113944335
CYB5R3,2583.167851315097
CYBB,341.49410217547154
CYBRD1,21.869911903868854
CYC1,605.1456822458842
CYLD,7.104289344856339
CYP11A1,0.04677945536150687
CYP11B1,0.8426372984421979
CYP11B2,0.08105018928386314
CYP17A1,0.003247964724624845
CYP19A1,0.0617741528310255
CYP1A1,0.19476641821014773
CYP1A2,0.019143986351757618
CYP1B1,49.962559761737914
CYP21A2,0.00037133621682012966
CYP24A1,0.009590612296741617
CYP26A1,0.09617622446888627
CYP26B1,24.210037833817715
CYP27A1,103.42256858324832
CYP27B1,13.78785543071009
CYP2A13,0.0014212819089435337
CYP2A6,0.003505299388190354
CYP2A7,0.0010070603931288781
CYP2B6,0.02889595120271605
CYP2C18,0.0008777918127030492
CYP2C19,0.1750227487879086
CYP2C8,0.004974955261961035
CYP2C9,0.0013213439479141855
CYP2D6,0.37343078975876676
CYP2E1,0.043550390044566234
CYP2F1,0.00828811931985394
CYP2J2,0.04732246234007596
CYP2S1,5.161831606287417
CYP2U1,3.0977977640058882
CYP39A1,11.687922177560653
CYP3A4,0.16992399508159514
CYP3A43,1.2489318499587934
CYP3A5,0.037201118505568724
CYP3A7,0.15747794336040138
CYP46A1,1.4588008395388048
CYP4A11,1.6372931884537043
CYP4B1,0.001088913335671725
CYP4F11,0.0014900402463997688
CYP4F12,0.005871253369883565
CYP4F2,1.3721447209835187
CYP4F22,0.008831799995462774
CYP4F3,1.1915183478147022
CYP4F8,0.3354345050980549
CYP4V2,1.8968591813009807
CYP4X1,0.042374884087336036
CYP4Z1,0.08130083947706235
CYP51A1,117.79218879257657
CYP7A1,0.0007485239276182051
CYP7B1,2.615145768333797
CYP8B1,0.005136840907128517
CYTB,10.283962318241796
DAD1,1177.5519707648612
DAGLA,0.35561067385550843
DAGLB,23.489367318813507
DAO,1.8577966562707513
DAPK1,4.327960824247182
DAPK2,1.4960144457407927
DAPK3,3.4969157534637296
DARS,5416.508249065499
DARS2,26.626251558919503
DBH,0.8703378898899348
DBI,298.535645025845
DBT,1.1108523646454374
DCK,100.89992842502302
DCLK1,15.680774673772454
DCLK2,0.20204534090426146
DCT,0.0023481329006772842
DCTD,9.968431292062016
DCTPP1,369.9372646128826
DCXR,194.21020058649938
DDAH1,38.04741397001662
DDAH2,33.07246725683645
DDC,1.3078191747169696
DDO,0.6061989886481931
DDOST,867.8909873156421
DDR1,0.06790661880280754
DDR2,2.7507608365801444
DECR1,101.1580724970752
DECR2,23.116295288592788
DEGS1,14.63159885817733
DEGS2,0.01982745182296191
DERA,60.66836298597018
DGAT1,8.426739563041883
DGAT2,5.073885901630948
DGKA,27.143872159414062
DGKB,0.0005251228703329253
DGKD,38.335016702989705
DGKE,2.6731806683949735
DGKG,0.04198933891305332
DGKH,0.16672226202948884
DGKI,0.028573978960897927
DGKQ,16.69843548080166
DGKZ,13.462437364330212
DGUOK,51.22535668454884
DHCR24,0.38559206566595355
DHCR7,2.591097293230382
DHDH,0.01644151319745229
DHFR,1109.444492682379
DHODH,4.900411188616885
DHRS2,0.030432894341471894
DHRS3,6.996422155431443
DHRS4,263.3997346669523
DHRS9,1.7990427954619623
DIO1,0.010461350782665175
DIO2,0.09351621501703636
DIO3,0.01432646154329688
DLAT,987.6675024369908
DLD,1276.8584055231743
DLST,149.58983074235485
DMGDH,0.01567751926782915
DMPK,7.0428337853958
DNAJC6,0.015164566013189251
DNMT1,47.43607242726206
DNMT3A,12.800714008017312
DNMT3B,0.33991070264305023
DNMT3L,0.18967011635248684
DOLPP1,14.188450076008346
DOT1L,7.799709912824769
DPAGT1,58.44243322162528
DPEP1,3.2199148394102495
DPEP2,6.493145762507707
DPEP3,0.01501652736284042
DPH5,114.7416628639012
DPM1,1251.43291224565
DPM2,60.8022248076263
DPM3,23.05242298845656
DPYD,5.871024563673433
DPYS,0.028599383866844023
DPYSL2,3635.56453087587
DPYSL3,127.24810864365523
DSTYK,0.6444971280801651
DTYMK,119.86939914831463
DUOX1,0.04840315006809217
DUOX2,0.002764765419995993
DUPD1,0.005089648685406835
DUSP1,34.72739213342081
DUSP10,13.583458659656923
DUSP11,17.59818776924801
DUSP12,10.44774067242989
DUSP13,0.017133425785495704
DUSP14,0.6332476837031511
DUSP15,0.2469481198452734
DUSP16,8.680491822371105
DUSP18,4.922671605474825
DUSP19,0.5196194388886497
DUSP2,38.35297666224087
DUSP21,0.08186674790155296
DUSP22,83.27943283636361
DUSP23,16.566285449929264
DUSP27,0.002020328697361222
DUSP28,3.96482241474085
DUSP3,175.72519794642218
DUSP4,5.509983312630072
DUSP5,3.475968568434971
DUSP6,26.738197058528545
DUSP7,14.375275132465678
DUSP8,0.1634814478789413
DUSP9,0.03945077621208705
DUT,357.8431142039789
DYRK1A,18.783623097611073
DYRK1B,14.29369313851518
DYRK2,14.373615971145233
DYRK3,3.643423335358537
DYRK4,6.972522981810803
DZIP3,11.098404253948134
EARS2,3.1142422961185683
EBP,671.844386562707
ECH1,375.4736625272047
ECHDC2,2.240259531190163
ECHS1,88.74890311959722
ECI1,46.97598320040275
ECI2,83.55408741487348
EGFR,0.25753176297585056
EHHADH,0.31248790274928606
EHMT1,1.423733626548765
EHMT2,0.36229206737029446
EIF2AK1,111.85134256508924
EIF2AK2,29.57331201906994
EIF2AK3,12.312330685582715
EIF2AK4,0.24000382007473992
EIF4EBP3,5.743150753684449
ELOVL1,16.593124479010598
ELOVL2,18.707905732231325
ELOVL3,0.14745145714312266
ELOVL4,0.17108750755270813
ELOVL5,6.299009884642622
ELOVL6,0.40221892427155376
ELOVL7,0.06475115901223098
ELP3,4.031024741856103
ENGASE,15.728799309628814
ENO1,1435.3206027765493
ENO2,5.6725008428998684
ENO3,57.84095271217162
ENOPH1,394.31765854658624
ENPP1,1.4637951867653707
ENPP2,232.36674162437498
ENPP3,3.9147453834766717
ENPP6,0.00876589078708464
ENPP7,0.17145168164371377
ENTPD1,4.092154548934986
ENTPD2,0.002791171952158934
ENTPD3,0.011765902427521771
ENTPD4,40.2544096563565
ENTPD5,3.960437537445929
ENTPD6,14.466956420705923
ENTPD8,0.036067683862751165
EP300,3.2354269539937293
EPHA1,0.32111226570664775
EPHA10,0.012557677808358267
EPHA2,0.3312132090830668
EPHA3,0.2813099298267069
EPHA4,9.848247961324434
EPHA5,0.0002012039950391365
EPHA6,0.04900002119356699
EPHA7,0.0015335698913320176
EPHA8,0.0003277665153587603
EPHB1,0.1059633993436662
EPHB2,0.1989101107628434
EPHB3,2.190328323282009
EPHB4,0.40235581159518086
EPHB6,9.222280302631214
EPHX1,14.448628976464768
EPHX2,1.707006092745886
EPM2A,7.619408274989357
EPRS,47.119006347578626
EPX,0.008375915891839043
ERBB2,0.10293120577213102
ERBB3,0.002854349728600037
ERBB4,0.006232831661334101
ERN1,1.012404734131497
ERN2,0.26934714067536947
ESD,1247.378419784922
ETFA,3676.2055133250306
ETFB,1985.0078874557148
ETFDH,32.042445529061915
ETNK1,5.305900180171965
ETNK2,0.30376741282796144
ETNPPL,1.3663166774328985
EXT1,13.904875162727155
EXT2,9.844542272268473
EXTL1,0.003963833298563948
EXTL2,6.13346208571302
EXTL3,2.678536345794926
EYA1,0.008302374607189422
EYA2,0.3551056107569495
EYA3,2.2985216147290255
EYA4,0.01700548033332222
EZH1,10.944093481045897
EZH2,0.6204138024084941
F13A1,2.4828490231737628
F13B,0.0010512044464911518
F2,37.171748814504454
FAAH,0.2228819722883731
FAAH2,0.6555697837230523
FABP1,0.006301803235701745
FABP12,0.07361943011456162
FABP2,2.0423800119197857
FABP3,1.6013414824406749
FABP4,25.550007643854975
FABP5,396.8830044941138
FABP6,0.015061805090647595
FABP7,2.482310752887457
FABP9,1.0553661478381027
FADS1,4.675152636430261
FADS2,3.2935721990094327
FADS3,3.730812566864789
FADS6,0.3354345050980549
FAH,31.11744930772782
FAM20B,17.960690983815457
FANCL,10.045584981311173
FAR1,36.40945059934355
FAR2,0.8725939477366478
FARS2,5.875453178675636
FARSA,1948.9196355151635
FARSB,3.3610508472072174
FAS,14.513818443258073
FASN,6.83091901872003
FASTK,78.98074976958513
FAXDC2,0.014854582046724449
FBP1,7.4929059313241755
FBP2,0.002103044892412837
FDFT1,65.3603235892574
FDPS,73.24426678702642
FDXR,8.46477893199488
FECH,3.0105757909252184
FER,1.2048176513984574
FES,15.138996115516033
FGA,6.990622680771628
FGFR1,23.225042032590782
FGFR2,0.49211124544418516
FGFR3,0.13442439119958727
FGFR4,0.521914762548504
FGGY,6.557908578300094
FGR,11.871513550130407
FH,861.777182461686
FHIT,16.945554482725377
FHL2,2.0138254494942918
FIG4,16.61789750419956
FITM1,0.8643862196506645
FITM2,0.7952546675086933
FKBP10,36.211520707171644
FKBP11,34.03937208303603
FKBP14,2.0924607740575385
FKBP1A,497.93657322961764
FKBP1B,0.7415630946704821
FKBP2,1141.7844919619872
FKBP3,1349.712336748377
FKBP4,470.7467259121265
FKBP5,6.934080566325071
FKBP6,0.05820745940796406
FKBP7,7.383117985811496
FKBP8,43.76024958245684
FKBP9,25.595414154110905
FKBP9P1,0.3354345050980549
FLAD1,11.509044383152956
FLT1,2.3356568436925302
FLT3,0.07625634391884231
FLT4,1.3119337959735737
FLVCR1,0.8031421688092363
FMO1,2.2118508053762516
FMO2,0.0486830845006922
FMO3,0.3602574174674363
FMO4,9.243637063462884
FMO5,3.047680994245334
FMO6P,0.3354345050980549
FN3K,2.408348452520173
FN3KRP,43.72939190109405
FNTA,88.49243546429724
FNTB,0.48927262925936865
FOLR1,0.0022225322301330543
FOLR2,21.890910791896783
FOLR3,0.01557621995545904
FOSL1,0.79406312549562
FPGS,2.9712338939270984
FPGT,1.7128945681536154
FRK,0.0701497903018871
FRMPD2,0.00033944438556310537
FTCD,0.002773900102524598
FTMT,0.3764543508002139
FUCA1,90.0945036067263
FUCA2,23.42601210440171
FUK,1.9315944849892321
FUT1,0.061272938187627524
FUT10,0.4456355661013992
FUT11,8.939531635162949
FUT2,0.021339770199279077
FUT3,0.00212216250974396
FUT4,3.855161295533701
FUT5,0.3435419176074299
FUT6,0.0016521452178251538
FUT7,2.470674132647402
FUT8,2.2481914185353187
FUT9,0.0002631403058325703
FYN,61.721280583272915
G0S2,26.53063944305375
G6PC,0.06551003129981318
G6PC2,0.000683811811324118
G6PC3,46.59094983193607
G6PD,472.30609953054056
GAA,31.382013093623097
GAD1,0.001346338901187733
GAD2,0.0007243976493418932
GAK,4.204160930559035
GAL3ST1,0.01766029023331679
GAL3ST2,0.027734254707409835
GAL3ST3,0.10515018051485577
GAL3ST4,3.9763555651973412
GALC,5.817386295412242
GALE,49.98306093828031
GALK1,649.5266262941702
GALK2,26.51046447064395
GALM,8.904682404090996
GALNS,7.4071879669523115
GALNT1,60.30596134014066
GALNT10,0.37805939554257245
GALNT11,6.191657329137468
GALNT12,0.8431194590529864
GALNT13,0.012507150411253283
GALNT14,0.9987774368296212
GALNT15,0.0116113720313577
GALNT2,38.422831129626545
GALNT3,2.134749238312306
GALNT4,0.012316089935554105
GALNT5,0.2394761417284797
GALNT6,22.341169596456236
GALNT7,0.7066753854579317
GALNT8,0.0067567832282296745
GALNT9,0.003081844545944495
GALNTL5,0.0012153402254253874
GALT,27.609138884794817
GAMT,11.331724587392596
GANC,1.9259640843413126
GAPDH,5647.062057457813
GAPDHS,0.82964286126399
GARS,308.4699175376672
GART,218.35588403228712
GATM,29.485815377028622
GBA,29.26297363632955
GBA2,17.80831647492233
GBA3,23.613951361128787
GBE1,8.96736061565015
GBGT1,7.4636446809761505
GC,0.001021602202611482
GCAT,23.76036549157528
GCDH,58.83104294733834
GCH1,21.048711961450586
GCK,0.007131211033355455
GCLC,8.35658013212283
GCLM,34.66121679766845
GCNT1,15.676108675384624
GCNT2,2.217490839186514
GCNT2P,0.3354345050980549
GCNT3,0.4930347612972698
GCNT4,0.07350950183464833
GCNT7,0.011995463818194264
GCSH,0.5626223813212281
GDA,0.001275481404487408
GDE1,15.985149149321042
GDPD2,0.0038989792429390195
GFPT1,162.2976020311584
GFPT2,34.46504969289229
GGCT,111.82148092110052
GGH,39.94466610412134
GGPS1,631.7393600333686
GGT1,11.470505417313593
GGT2,1.2557625587889092
GGT3P,0.24739569224169877
GGT5,15.813867411281883
GGT6,0.05508275873225264
GGT7,2.163397107998121
GGTLC1,0.10884435839922768
GGTLC2,0.6283266027302272
GIF,0.3354345050980549
GK,4.6242669539969175
GK2,0.0032570649682656214
GK3P,0.4615030745289869
GLA,59.307827135600306
GLB1,56.13222135848941
GLB1L,3.5279571397209497
GLCE,0.06525526918488622
GLDC,0.03844377171457919
GLIPR1,23.54426474111918
GLO1,1160.8236623222301
GLRX,289.46704351722633
GLRX2,10.538922281817788
GLS,180.80684635198816
GLS2,0.2629867822354097
GLT6D1,0.06930364432416915
GLT8D1,1.6742736021165556
GLT8D2,3.068781120054397
GLTP,15.029898671320858
GLUD1,666.350051091079
GLUD2,47.02992687963241
GLUL,9.509941058994722
GLYAT,0.0009098899983748931
GLYCTK,4.902153785209721
GM2A,166.80787194410868
GMDS,503.48505896709554
GMPPA,32.31710518444656
GMPPB,885.952639514488
GMPR,0.2943704411032276
GMPR2,71.44161956487444
GMPS,483.1391833738828
GNE,6.419682898974552
GNMT,0.2024863846612223
GNPAT,33.641379132823275
GNPDA1,18.21057496642028
GNPDA2,6.3937410790249505
GNPNAT1,41.79335214733035
GNPTAB,16.02304567894123
GNS,25.324775807290425
GOT1,1506.8904492829122
GOT2,917.024285989182
GPAA1,163.1132317391607
GPAM,0.1340719962342116
GPAT2,0.4881410394909445
GPAT3,0.6582069289240687
GPAT4,1.352005973421296
GPCPD1,4.9196823943653065
GPD1,0.05018694126019013
GPD2,107.14976359345559
GPHN,6.116606981980121
GPI,2103.6056467762783
GPIHBP1,0.11741443134981641
GPLD1,0.10875570186055701
GPT,0.4711667821933763
GPT2,2.109886322095697
GPX1,197.80499882819197
GPX2,0.0656294534508109
GPX3,13.439256083090195
GPX4,330.22684780858896
GPX5,0.793289329058847
GPX6,2.01032323162201
GPX7,37.38977808455545
GPX8,6.085157913623428
GRHL1,0.13282120221898083
GRHPR,323.1903329130142
GRK1,0.0027946491170680247
GRK2,4.014622265826703
GRK3,1.2623639556998993
GRK7,0.02173759442152823
GSR,239.86800976303968
GSS,269.1228552593976
GSTA1,0.002201795581996021
GSTA2,5.619549002346362
GSTA3,3.8201241689736465
GSTA4,3.4965386164897394
GSTA5,0.58469847618054
GSTK1,445.30329036864794
GSTM1,12.179713052199261
GSTM2,1.1519148078253647
GSTM3,11.39034485258226
GSTM4,5.234248900219201
GSTM5,10.269745769620872
GSTO1,1029.8983537877707
GSTO2,0.4254661654345778
GSTP1,15485.892530779109
GSTT1,0.011583132160197818
GSTT2,0.2574767585765592
GSTZ1,27.274109642023618
GTF2F1,9.735059096024482
GTF3C4,1.747620105932056
GUCA1A,0.02264070104077205
GUCY1A1,2.9663227089166733
GUCY1A2,0.10056990327672122
GUCY1B1,1.0453859436592674
GUCY1B2,0.04951618666231966
GUCY2C,0.061461035074545874
GUCY2D,0.014225423812672956
GUCY2F,0.002263455230758907
GUK1,345.2108533052107
GUSB,9.822356941019253
GYG1,30.122607567943323
GYG2,0.16388070238691135
GYS1,30.5710014095881
GYS2,0.0028121502408611225
H6PD,24.463788008078385
HAAO,2.7798457238811243
HACD1,0.6699772991826155
HACD2,3.095013644366691
HACD3,4.330319334841662
HACD4,0.5979568033382378
HACE1,2.284054669799349
HACL1,21.8938945164518
HADH,2115.5540381090545
HADHA,1264.6869597638856
HADHB,94.09775107428906
HAGH,92.61436696045413
HAGHL,25.192141125428805
HAL,0.01715686284325898
HAO1,0.16649292924199824
HAO2,0.030222052527597125
HARS,277.39054571808975
HARS2,35.0507326568651
HAS1,2.1605396182859957
HAS2,2.1002320923108106
HAS3,0.017496856288119804
HAT1,259.6068776129929
HCCS,18.06171057612898
HCK,34.3632971242979
HCST,160.69061574196928
HDAC3,1.6086469022266578
HDC,0.03650353599608206
HDLBP,114.45525035131242
HECTD1,4.87428526703318
HECTD2,0.2625681567423595
HECTD3,5.763146338776607
HECW1,0.006202058506125335
HECW2,7.490895578380401
HELZ2,0.16199531088786426
HEPH,1.075959259566013
HERC1,0.5443159341242186
HERC2,0.10585481989273815
HERC3,19.528717066463063
HERC4,29.2589462367428
HEXA,51.20823049391689
HEXB,3.0672446080595037
HEXDC,0.3354345050980549
HGD,0.00731098551203851
HIBADH,19.279430174925114
HIBCH,31.69460810385433
HIF1AN,7.41894376273993
HIGD2A,16.33376971698654
HIPK1,15.745916528842054
HIPK2,5.399731297922619
HIPK3,16.462527315369883
HIRIP3,1.0943153718805347
HK1,445.3996849473665
HK2,77.55103639143992
HK3,8.957405220153666
HKDC1,0.10641556927573274
HLCS,2.675426875498447
HLTF,0.2008339381297814
HMBS,217.90065476564283
HMGCL,454.65875130738664
HMGCLL1,0.0071306046477870805
HMGCR,7.718176228627207
HMGCS1,21.841246413791097
HMGCS2,7.047271030787692
HMOX1,451.75461695619555
HMOX2,274.632263596125
HNMT,9.70112034687595
HPD,0.17547481911195653
HPGD,6.124908400765857
HPGDS,2.5882008308195723
HPRT1,1221.4684887370508
HS2ST1,36.568520905562075
HS3ST1,9.517657469325055
HS3ST2,0.18998912969856147
HS3ST3A1,1.6895006602891902
HS3ST3B1,0.9449042481711947
HS3ST4,0.012466929075615836
HS3ST5,0.17535341548517636
HS3ST6,0.011554637941262658
HS6ST1,12.298768263565298
HS6ST2,0.04739873716741092
HS6ST3,0.0002030250521713335
HSD11B1,7.000960030574813
HSD11B1L,0.2744150271319495
HSD11B2,0.016552896965390643
HSD17B1,7.818691850920439
HSD17B10,190.1017142364525
HSD17B11,86.40965034343466
HSD17B12,493.1766625407215
HSD17B14,7.57391347334948
HSD17B2,0.0018574713351319587
HSD17B3,0.044560571335568136
HSD17B4,89.44216919061351
HSD17B6,1.4779996408724299
HSD17B7,3.158372266771397
HSD17B7P2,1.0850885167238236
HSD17B8,1.1712649923748133
HSD3B1,0.0037360404534371237
HSD3B2,0.9278984217862639
HSD3B7,4.837233149289012
HSPG2,0.3228972432522946
HTATIP2,85.37468767791465
HUNK,10.10126742022194
HUWE1,5.365901242360603
HYAL3,1.0653025759447246
HYALP1,0.3354345050980549
HYI,15.133447674791238
HYKK,0.3304860018863759
IARS,1504.0026062621976
IARS2,126.79966657275136
ICK,1.0014758345245416
ICMT,35.292744353381664
IDH1,39.11098063504187
IDH2,307.0251269119192
IDH3A,969.2140073177819
IDH3B,307.0790590505973
IDH3G,127.99911197442609
IDI1,68.20466354439014
IDI2,0.9483383797033947
IDO1,3.038739135881696
IDO2,0.028695802881609944
IDS,32.843038101239195
IDUA,4.3204298450794125
IGF1R,1.0137277783356136
IKBKB,31.094248955826174
IKBKE,45.8069492657802
IL4I1,106.67548735370636
ILK,51.97641938929107
ILKAP,38.68430739894437
IMPA1,163.28820253754907
IMPA2,168.35686618319565
IMPDH1,142.31099233956624
IMPDH2,198.47601447015086
INMT,0.2937251780552546
INPP1,229.6673220893883
INPP4A,6.797810673044141
INPP4B,0.47136533567589545
INPP5A,1.5233314129758353
INPP5B,15.882034304429725
INPP5D,192.67736880390407
INPP5E,16.096231368971278
INPP5F,0.4478821441328343
INPP5J,0.008519021858006685
INPPL1,13.872636407720636
INSL3,1.7095830783591501
INSR,12.44865449709348
INSRR,0.006919365221946266
IP6K1,20.77105667029729
IP6K2,26.664144194410692
IP6K3,0.04611369668306711
IPMK,7.18910065565806
IRAK1,46.48336249572458
IRAK2,4.132851533860956
IRAK3,2.0558043844585088
IRAK4,20.52402938284071
IREB2,8.087143124593377
ISYNA1,197.36846733422541
ITK,5.456079036688594
ITPA,752.3755927982295
ITPK1,15.478409016889094
ITPKA,0.04585600406116824
ITPKB,26.48727559293381
ITPKC,6.4712215797275405
IVD,123.62702317091569
JAK1,154.41059818219946
JAK2,8.07705004423171
JAK3,50.66351944800917
JMJD7-PLA2G4B,0.0006089258042648608
KALRN,0.07328712069357637
KANSL3,18.343856005228563
KARS,533.9825655106933
KAT2A,75.31058796017466
KAT2B,18.648677343917914
KAT5,15.08363553397023
KAT6A,13.285851573901791
KAT6B,5.29996458086609
KAT7,14.628607320722997
KAT8,40.96664386506892
KCNJ11,0.19597948263401888
KCNJ8,4.254817138547784
KDR,4.643266282882248
KDSR,18.27551235434756
KHK,3.7674561458023135
KIT,0.14435964151184236
KL,0.063339258547562
KMO,7.1282367860425095
KMT2A,0.1132089503784727
KMT2B,0.3354345050980549
KMT2C,0.02724143815923862
KMT2D,0.256842919373976
KMT2E,0.08892210317369556
KMT5A,0.08744585611927874
KMT5B,0.052531638327043204
KMT5C,0.3350355754164824
KPNA6,40.72725385556503
KYAT1,0.41426786262502635
KYAT3,10.315561941178165
KYNU,34.63990775036357
L1CAM,6.3115979349600195
L2HGDH,1.6347062175509177
LALBA,0.09996023381633702
LAP3,2904.9827155159787
LARS,406.3253949936176
LARS2,10.02828461594736
LATS1,0.2719717881014291
LATS2,1.8446812651826017
LBR,409.57022716065353
LCAT,4.493160133449425
LCK,515.658608778144
LCLAT1,2.002872929176622
LCT,0.01906428675399633
LDHA,11493.38833103888
LDHAL6A,0.054751853710720354
LDHAL6B,0.10456812382349702
LDHB,444.52166339352084
LDHC,0.055170101849636353
LDHD,0.1285644766026223
LDLR,0.2758738330910386
LGALS13,0.16621830202908744
LGMN,72.63513149806741
LGSN,0.0013057370877498549
LHPP,255.8148114163506
LIAS,0.8423385730015183
LIMK1,134.9485839405885
LIMK2,23.544540125960346
LIPA,21.199318775869155
LIPC,0.2054237307722752
LIPE,4.173731300609899
LIPF,1.3406968406403874
LIPG,0.7050424112000175
LIPT1,3.1796240990875897
LIPT2,5.340741320500326
LMTK2,3.029159262548327
LMTK3,0.028461671820525194
LOC102724197,0.3354345050980549
LOC286297,0.01623771546890167
LOC344967,0.33538880759818485
LOX,6.551280085463756
LOXL2,97.68365953540994
LPCAT1,7.941025097524538
LPCAT2,1.2334680251922638
LPCAT3,31.310737157000844
LPCAT4,1.8189279490373902
LPIN1,4.762985345082771
LPIN2,17.84762448352883
LPIN3,0.34815247726411913
LPL,1.2779516680778469
LPO,0.0007145637931530121
LRAT,0.00037414287434665
LRP1,5.132260145606748
LRP2,0.0004969172639593117
LRRK1,0.7515338614808783
LRRK2,0.5788582579078009
LRSAM1,9.841521227860026
LRTOMT,3.7022758967883465
LSS,117.02294364176666
LTA4H,794.0551321176539
LTC4S,0.35654394219096186
LTK,0.08043602503483441
LYN,92.97273669067667
LYPLA1,165.9435092320624
LYPLA2,126.43467463217165
LYZL1,1.4145390562382973
MACROD1,0.42518630913782884
MACROD2,0.012161492304192719
MAGEA2B,0.1626710879648594
MAK,0.2661395898966785
MAN1A1,1.2305990023424287
MAN1A2,2.919335513399568
MAN1B1,3.1827485639173982
MAN1C1,2.8112589165256554
MAN2A1,9.448992420211399
MAN2A2,5.117081964915024
MAN2B1,215.26873593889795
MAN2C1,13.104944575826623
MANBA,26.64754751891947
MANSC1,0.5979260480223478
MAOA,6.4559408396912605
MAOB,2.7644358703612784
MAP2K1,737.1887676116885
MAP2K2,181.23164869338575
MAP2K3,22.62486368628107
MAP2K4,19.448577140639422
MAP2K5,3.816240167044451
MAP2K6,0.9167751189323102
MAP2K7,1.6877178656956477
MAP3K1,9.811095251768867
MAP3K10,5.564944263494845
MAP3K11,56.67643437251245
MAP3K12,2.2090024171359186
MAP3K13,0.20076363074018913
MAP3K14,18.957944334865168
MAP3K15,0.0060735205480378
MAP3K2,9.572139931252376
MAP3K20,0.20179825659102824
MAP3K21,0.03839897316107535
MAP3K3,19.009191417549392
MAP3K4,6.721170519612628
MAP3K5,2.7609598877130535
MAP3K6,2.482640497471201
MAP3K7,1.3052316412247915
MAP3K8,74.58845725096445
MAP3K9,1.8952045218731735
MAP4K1,133.38752268942264
MAP4K2,41.31914162904469
MAP4K3,3.5955012811697316
MAP4K5,12.254116837635307
MAPK1,708.6611195253492
MAPK10,14.2246276168701
MAPK11,36.69085109053405
MAPK12,24.82911585453755
MAPK13,14.689447315528986
MAPK14,72.07309422762111
MAPK15,0.06498296811686916
MAPK3,164.12560905730268
MAPK4,0.00038990940869266177
MAPK6,5.3454966496571465
MAPK7,8.889849622738286
MAPK8,11.927466660566965
MAPK9,6.101515273596693
MAPKAPK2,5.654889271665222
MAPKAPK3,10.799086515575341
MAPKAPK5,16.065668441719843
MARCH1,11.363405345904416
MARCH10,0.0182836997897873
MARCH11,0.007982758707868126
MARCH2,16.499488504149568
MARCH3,2.0941062287281818
MARCH4,0.00346418671940639
MARCH5,6.652998907390653
MARCH6,27.039329896257232
MARCH7,27.78940429233432
MARCH8,12.269914185891624
MARCH9,17.54605797632616
MARK1,0.36640400866458034
MARK2,32.40767012932377
MARK3,30.080737294479622
MARK4,3.610193936618533
MARS,214.76108488906252
MARS2,5.939842299242055
MAST1,0.00750953455821956
MAST2,20.534862702805025
MAST3,19.06997261739829
MAST4,0.8211058003103522
MASTL,0.579284614068665
MAT1A,0.3354345050980549
MAT2A,215.2032781373126
MAT2B,430.441826557425
MATK,1.2580458945044315
MBOAT1,0.7131165185526852
MBOAT2,8.476790886683524
MCAT,17.897452331572115
MCCC1,23.04242358906424
MCCC2,35.10827422700031
MCEE,7.108591509433799
MDH1,6868.015964305187
MDH1B,1.2073403559816918
MDH2,9285.889924639048
MDM2,0.021033575238615754
MDP1,39.1061546292272
ME1,21.216027039613074
ME2,39.01693413069806
ME3,1.2776129295301437
MECR,6.683231593843548
MED1,0.7096232796029697
MELK,1.4209932851879032
MERTK,4.922980108298815
MET,0.12549440324673589
METTL1,71.94461427442313
METTL3,33.523105715036884
MGAM,0.002688131924337948
MGAT1,172.25920251431887
MGAT2,7.225512890403363
MGAT3,73.39574601830199
MGAT4A,4.829302595867827
MGAT4B,40.92909512556497
MGAT4C,0.03951307255344157
MGAT4D,0.02696149145334556
MGAT5,45.13328187674169
MGAT5B,0.0184813951386964
MGLL,5.327685164659044
MGMT,25.893076587017646
MGRN1,23.303404800008046
MGST1,41.42483628608035
MGST2,40.42906241641041
MGST3,15.186918012235948
MIA3,15.268870891593787
MIB1,9.45901814973256
MIB2,12.255990045656578
MID1,0.17316245784261283
MIF,140.49615036235662
MINK1,0.20752845943499057
MINPP1,4.166358031096617
MIOX,3.194500991839463
MIP,0.006963164063429914
MKNK1,16.305863193598615
MKNK2,126.45678664824304
MKRN1,99.53106876667673
MKRN2,12.153322406657672
MKRN3,0.048571743275706986
MLKL,11.168575183698817
MLYCD,11.078945154405986
MMAA,1.2633334410468182
MOCS1,0.8967391169253436
MOCS2,17.547389933327853
MOGAT1,0.05476426140032141
MOGAT2,0.11977806004437229
MOGAT3,0.0019041816442508575
MOGS,123.83158138169928
MOK,3.874272603602013
MOS,0.011860137466060945
MOXD1,7.043656836102545
MPC1,27.8052229308476
MPC2,12.311032245951754
MPI,14.488167361431392
MPO,0.009789880201226208
MPST,784.9027128581987
MRPL58,13.330417578133794
MSMO1,10.85306386166538
MSRA,13.35314035412041
MST1R,0.7692551132654513
MT1A,0.22900411019114927
MT2A,933.3705729998051
MT3,0.006034348462924773
MT4,0.3354345050980549
MTAP,637.9342544092075
MTFMT,1.815474421090292
MTHFD1,342.6635936912179
MTHFD1L,31.59035977841225
MTHFD2,50.33421347335586
MTHFD2L,0.5048546930026129
MTHFD2P1,0.3354345050980549
MTHFR,11.21189999785178
MTHFS,1.5958197209952691
MTMR1,4.08039754634308
MTMR14,80.72753686447183
MTMR2,0.5449155584912042
MTMR3,0.2899433866439132
MTMR6,4.0435737927104665
MTMR7,0.07421517590292802
MTMR8,0.43603068916853277
MTPAP,5.779554629906151
MTR,0.6787271948232699
MTRR,14.609509988306561
MTTP,0.3263762064746441
MUL1,28.400007120931225
MUSK,0.022261548127254362
MUT,0.3354345050980549
MVD,119.63639491106652
MVK,13.282760333668271
MYBBP1A,52.182863428834175
MYCBP2,0.20226552814632462
MYLIP,8.722801189920812
MYLK,0.5295922285060244
MYLK2,0.11567132409705777
MYLK3,0.024372838986880297
MYLK4,0.037426314567360675
MYO3A,0.00857101981829088
MYO3B,0.5253617452442002
MYO5B,0.7149031595159676
NAA10,111.15965065723687
NAAA,12.2263621086347
NADK,53.010772493306206
NADSYN1,54.645988922545975
NAGA,25.02359055642464
NAGK,153.6705206181194
NAGLU,26.612030978599908
NAGPA,16.936047712300073
NAGS,0.2792956788448984
NAMPT,313.59265648639905
NANP,2.027273361175167
NANS,3583.860792651635
NAPRT,25.164291606310147
NAPSA,1.6466395663770277
NARS,2784.467578377944
NARS2,13.928320629756062
NAT1,14.621924182709483
NAT2,0.026506366973805578
NCOA1,15.698536632620351
NCOA2,0.44983472740958513
NCOA3,9.609344608918843
NCOA6,9.092607459376294
NCOR1,0.08184700447995677
NCOR2,1.881211037154071
ND1,0.7496282848946749
ND2,6.647572110665278
ND3,3.518721426725826
ND4,15.91921099634504
ND4L,0.3354345050980549
ND5,3.9860139175064595
ND6,2.1511623729121254
NDST1,7.316535038584508
NDST2,21.61503760911949
NDST3,0.0007162912593965109
NDST4,0.0006146441041792599
NDUFA1,475.0424500729402
NDUFA10,50.725683622209026
NDUFA11,64.41344594332794
NDUFA12,35.748674706824545
NDUFA13,2419.415662094634
NDUFA2,36.62949735932935
NDUFA3,23.560319163700633
NDUFA4,15.672231242257647
NDUFA5,63.09202121865892
NDUFA6,87.37105601801673
NDUFA7,3.797446338397825
NDUFA8,129.3630057480217
NDUFA9,35.518416965778165
NDUFAB1,324.77223299007846
NDUFB1,126.84409973150801
NDUFB10,235.47788541734553
NDUFB2,912.4163161289707
NDUFB3,204.8086308729557
NDUFB4,64.25693319727736
NDUFB5,362.2862749851566
NDUFB6,21.866887950968724
NDUFB7,172.36509862697056
NDUFB8,65.1409042087653
NDUFB9,26.082080529930412
NDUFC1,95.51312165380013
NDUFC2,9.966741151004676
NDUFS1,61.949939986324935
NDUFS2,38.65316921055672
NDUFS3,391.2582025678642
NDUFS4,57.60771410848458
NDUFS5,396.2812503792947
NDUFS6,59.82384241717492
NDUFS7,45.08656395055149
NDUFS8,133.93781850663567
NDUFV1,98.87646900494137
NDUFV2,46.866509341244964
NDUFV3,19.021139992044805
NEDD4,0.8652795653320854
NEDD4L,3.6930130275875572
NEK1,4.894417503123469
NEK11,1.8932890810294152
NEK2,12.015974932383175
NEK3,1.0242689008197408
NEK4,11.432823083016181
NEK5,0.006034348462924773
NEK6,9.832729258063718
NEK7,21.996836383475245
NEK8,12.86660476460721
NEK9,2.1019442452557686
NEU1,3.5700741225050145
NEU2,0.07868648115252536
NEU3,3.5653258145907927
NEU4,0.0033426272071382123
NEURL1,0.14715923590013888
NEURL1B,2.945405984797811
NGLY1,47.28716027611333
NHLRC1,0.18333910773424875
NIT2,1222.8073449703609
NKTR,21.23548801060541
NLK,50.986826483789244
NLN,144.9076067312868
NME1,4923.052813400244
NME2,430.50999959071356
NME3,151.79935108192154
NME4,84.96091983778494
NME6,1.5688572609855036
NME7,2.1645094243498058
NMNAT1,2.936067313582452
NMNAT2,0.14689128722956837
NMNAT3,1.0488358296514029
NMRK1,2.9351673795914386
NMT1,84.6034799159814
NMT2,2.3515537498050603
NNMT,178.95021243582124
NNT,71.70809606940556
NOL9,5.797077654425749
NOS1,0.050214985587454866
NOS2,0.09796380456157917
NOS2P1,0.3354345050980549
NOS2P2,0.3354345050980549
NOS3,1.7372231617906504
NOX1,0.09908793806459146
NOX3,0.001168937169569556
NOX4,0.4087039719085297
NOX5,0.0006709782228108057
NPAS2,2.854850519967588
NPC1,12.447474819673053
NPC1L1,0.002195527395760196
NPR1,0.7731791010681558
NPR2,1.4926553832111484
NQO1,39.63854373458109
NQO2,268.3660399796773
NR1D1,7.479968557929747
NRF1,1.9794682911954435
NSD1,13.029131544431308
NSD2,0.8117852405670956
NSD3,0.8238692165195934
NSDHL,961.9770648651124
NSF,67.01940774141787
NT5C,114.967855116909
NT5C1A,0.0026048858175942587
NT5C1B,0.0075995016641798915
NT5C1B-RDH14,0.037698419756150243
NT5C2,79.6001281592735
NT5C3A,4.209671716104311
NT5DC3,1.2517682144581077
NT5E,2.329767231778831
NT5M,2.117327235564618
NTAN1,5.295496919820167
NTRK1,0.04539795871767112
NTRK2,0.13671287819840602
NTRK3,0.022928535655790835
NUAK2,4.867114631913158
NUDT10,3.0974783756320257
NUDT11,0.14132732494292372
NUDT12,0.5069707394208561
NUDT2,20.96067119935472
NUDT3,2.3861337020892313
NUDT4,0.07004863546106074
NUDT5,560.0664634038314
NUDT9,11.196571230043485
OARD1,11.970020898409903
OAT,230.1850482051136
OBSL1,0.21626310452363837
OCRL,1.6600919351843637
ODC1,30.991906705985535
OGA,13.207835039605774
OGDH,494.36065695326533
OGT,56.066598699659465
OLAH,0.017121220180924462
OPLAH,0.7853785319671288
OTC,0.0015500150800035536
OTUD5,58.183333202324455
OXCT1,210.0121204221723
OXCT2,0.01724397117855097
OXSM,7.4903414205856915
OXSR1,24.694069998021387
P4HA1,50.52165370226237
P4HA2,26.52942886807523
P4HA3,1.843454152092217
P4HB,760.7044105264569
PADI1,0.1979086992249419
PADI2,0.6935501518890538
PADI3,0.0027477803152323047
PADI4,0.006254585203261973
PADI6,0.3354345050980549
PAFAH1B2,472.31691115338623
PAFAH1B3,693.3205065170771
PAFAH2,5.366758690308206
PAH,0.002028537909212311
PAICS,629.9683928628547
PAK1,16.81111426901345
PAK2,248.96140905234614
PAK3,0.10320404190378123
PAK4,0.35763957352100023
PAK5,0.1843105272396382
PAK6,0.17590782290798354
PAM,0.22707035164798509
PAN2,15.200959992387123
PANK1,1.3060121188998493
PANK2,19.041613680151716
PANK3,5.6501179168501245
PANK4,17.070322967593974
PAOX,4.55702201089152
PAPOLA,6.666617037544082
PAPOLB,0.3838981563161465
PAPOLG,2.7528557663426323
PAPSS1,122.33409404556633
PAPSS2,15.277615171951137
PARP1,365.2129805785257
PARP10,6.884920952286291
PARP11,2.9703528949906173
PARP12,10.646835794941186
PARP14,98.93133985320019
PARP15,3.136714438300363
PARP16,5.528827234435253
PARP2,17.921072848718886
PARP3,36.276319006559774
PARP4,2.829793342663342
PARP6,13.48959420295833
PARP8,8.124624214925076
PARP9,18.284241443625692
PARS2,2.6601052481044234
PASK,28.283091213759093
PBK,11.925354919008186
PC,25.380745167746028
PCBD1,87.26282940983037
PCBD2,10.765986126168404
PCCA,2.568581040741045
PCCB,9.474484454859107
PCK1,0.17233744226921535
PCK2,8.341294263720883
PCMT1,1107.7504969639024
PCYOX1,37.755911305683036
PCYT1A,25.487660177976867
PCYT1B,0.0007331590527349977
PCYT2,37.884384123058936
PDE10A,0.4383498935261924
PDE11A,0.001569074763607141
PDE1A,2.09465252570355
PDE1B,2.1079765871430616
PDE1C,0.01356680516903914
PDE2A,0.3462655726577309
PDE3A,0.10454551543934545
PDE3B,1.766718492820249
PDE4A,2.0268663633820094
PDE4B,3.1282780050262757
PDE4C,0.014956903327382623
PDE4D,0.6245435993705006
PDE5A,0.5481816001126588
PDE6A,0.006284295820740908
PDE6B,11.904372298456765
PDE6C,0.014540300291847018
PDE6H,0.010772798383448507
PDE7A,18.92661969252267
PDE7B,0.19438857737283094
PDE8A,2.7542439698822814
PDE8B,0.30674494396312774
PDE9A,0.8840661373532408
PDF,0.6443606848406562
PDGFRA,17.358590363089096
PDGFRB,31.11141011336753
PDHA1,254.4248151889095
PDHA2,0.0019401374066214559
PDHB,67.97842803515591
PDHX,11.20211502070322
PDIA2,0.018534267259765286
PDIA3,2311.4434347002716
PDIA4,2760.5210902744043
PDIA5,31.815045192861586
PDIA6,1114.7066330975115
PDK1,1.6474879533506275
PDK2,7.776217774512356
PDK3,8.784725720852302
PDK4,3.9119341411959128
PDP1,12.723993079710976
PDP2,0.3497032031370755
PDPK1,2.3256922683732646
PDPR,8.87089801145953
PDXK,26.792592036859478
PDXP,116.989103053303
PDZD4,0.0743981541985337
PEAK1,4.5005244399885544
PECR,26.969746669673512
PEMT,3.367259994369275
PEPD,49.008246802165026
PEX11A,0.41725673312995804
PFAS,203.91640607835018
PFKFB1,0.626552998066117
PFKFB2,2.7796495645249735
PFKFB3,193.9714079434077
PFKFB4,2.3179133784510246
PFKL,327.67994605266193
PFKM,18.928953854461998
PFKP,2784.6806682188103
PGAM1,33.57447085812773
PGAM2,24.06026199908036
PGAM5,144.6082641591671
PGAP1,0.13671064002566585
PGD,9729.79917676706
PGGHG,0.02991860446325157
PGK1,613.704828661119
PGK2,1.713136187429397
PGLS,1991.5693573049643
PGLYRP1,0.025982307545932365
PGLYRP2,0.007972897698016233
PGLYRP3,0.0024150525152664896
PGLYRP4,0.008246787195267693
PGM1,581.5603904250909
PGM2,249.60910921257283
PGM2L1,1.39627869537039
PGM3,38.87643020478475
PGP,101.42276035631896
PGS1,22.130031093749636
PHEX,0.03289616534449203
PHGDH,47.60502814216653
PHKA1,0.02163588398667819
PHKA2,7.420782778177823
PHKB,9.15980649911413
PHKG1,0.580474861554321
PHKG2,14.670485262665617
PHLPP1,14.710431428110008
PHLPP2,2.275011545446094
PHOSPHO1,0.09587647174794668
PHPT1,120.5105383198199
PHYH,9.059935943720541
PHYKPL,0.6462009571960334
PI4K2A,1.156560062429649
PI4KA,4.085323984592108
PI4KB,1.211483510915345
PIGA,4.482275085076158
PIGB,2.9987950943829143
PIGC,27.729499303604044
PIGF,6.70113491245342
PIGG,11.479959276237082
PIGH,6.400737394243843
PIGK,7.4553305489641915
PIGL,2.7258070370374887
PIGM,1.1360907481156446
PIGN,12.221874554607156
PIGO,13.38144379893867
PIGP,8.567049330454584
PIGQ,30.171494904299244
PIGS,10.263012363468048
PIGT,11.224860062163579
PIGU,3.5535477010772514
PIGV,13.20713306342957
PIGW,14.787356340384838
PIGX,3.0949760183945387
PIGY,61.8406274802493
PIGZ,0.41840091948829833
PIK3C2A,0.5149788001002222
PIK3C2B,36.399028030668475
PIK3C2G,0.0009364870599910142
PIK3C3,0.26931808423920944
PIK3CA,26.343610203145168
PIK3CB,0.14747542386508614
PIK3CD,73.53193436335681
PIK3CG,39.23973420179849
PIK3R1,2.287829470514286
PIK3R2,19.325325494720353
PIK3R3,3.8584346867928083
PIK3R4,30.144711676053593
PIK3R5,2.46677263050532
PIKFYVE,8.792430131393278
PIM1,34.03055254422808
PIM2,57.81230631152939
PIM3,39.611019385558194
PIN1,757.5886388043159
PIN4,1.6891549846960714
PINK1,57.63778900928632
PIP4K2A,320.7116592982205
PIP4K2B,8.527730436048323
PIP4K2C,14.121571481639645
PIP5K1A,0.5524176680056181
PIP5K1B,0.02239234806266589
PIP5K1C,8.999523100707203
PIP5KL1,0.10436077797618688
PIPOX,0.10915237828889628
PISD,2.3993177668255936
PJA1,15.824478366249744
PJA2,61.773384989189964
PKLR,0.0027750456843467085
PKM,541.3891072832749
PKMYT1,82.80605378695837
PKN1,163.677227481106
PKN2,3.4010613741122007
PKN3,1.1941580168036148
PLA2G10,0.37022734715761646
PLA2G12A,0.18776736585830775
PLA2G12B,1.1304561412675453
PLA2G15,9.225401418185122
PLA2G16,3.3673662485188034
PLA2G1B,0.03449129925337993
PLA2G2A,6.08952134360992
PLA2G2C,0.3354345050980549
PLA2G2D,400.65622335077995
PLA2G2E,0.10480083352838437
PLA2G2F,0.008367866652538499
PLA2G3,0.019881840717782588
PLA2G4A,3.623198619797787
PLA2G4B,0.029913443309493
PLA2G4C,2.4177222341906286
PLA2G4D,0.027693545090981313
PLA2G4E,0.00038533173202693873
PLA2G4F,0.0005806027040142142
PLA2G5,0.048347503994628525
PLA2G6,17.224286578997233
PLA2G7,58.024257081622366
PLB1,0.10116890378963404
PLCB1,0.4484617057688464
PLCB2,15.44830766364428
PLCB3,0.6975120338696861
PLCB4,0.1218960348068083
PLCD1,4.342440763530727
PLCD3,1.6846844461014996
PLCD4,0.7679780918225837
PLCE1,0.07394170270661182
PLCG1,3.3259219779132465
PLCG2,85.47901462989442
PLCH1,0.022741334449930223
PLCH2,0.47807251499124803
PLCL1,0.5302334248684127
PLCL2,9.153516905216602
PLCXD2,0.20100958727766477
PLCZ1,0.07175189323406331
PLD1,2.7130338393603175
PLD2,5.4016326775068055
PLD3,21.558073860745495
PLD4,95.63645045498954
PLD6,3.063283138374509
PLG,0.011662134429930283
PLIN1,0.06390795945190463
PLIN2,59.08339918799818
PLIN3,104.90388569147287
PLIN4,0.579201733274347
PLK1,21.66831501055043
PLK2,9.560605773217175
PLK3,7.242223482251468
PLK4,10.583110319363557
PLOD1,41.440912966476155
PLOD2,20.64385853277793
PLOD3,51.506266446077845
PLPBP,1.3790311261442316
PLPP1,5.389883230682263
PLPP2,2.123055391477898
PLPP3,4.2032094621878
PLPP4,0.019762828557283812
PLPP5,0.0656688155578048
PLPP6,0.050042688733332445
PLPP7,1.1305815492037874
PLPPR2,0.3307009692228308
PLPPR3,0.9307949846236876
PLPPR4,0.11900942508124815
PLPPR5,0.012456429933028047
PLTP,40.41209094998645
PLXNB3,0.03170044507603192
PMM1,28.393073013624438
PMM2,203.7518596455415
PMPCA,57.529782691533214
PMVK,1019.2740425918496
PNCK,0.0012523245442636124
PNKP,25.943513769360926
PNLIP,0.004339884307218659
PNLIPRP1,0.04876262171622993
PNLIPRP2,0.3354345050980549
PNLIPRP3,0.018139233522564087
PNMT,2.440112339582005
PNP,791.194232468953
PNPLA2,91.1303636658048
PNPLA3,0.02430814506893004
PNPLA4,7.24149035311432
PNPLA6,0.8128637479802859
PNPLA7,5.558333393386017
PNPLA8,27.268420848132926
PNPO,10.980288213519756
PNPT1,3.915793759442191
POLA1,9.700138105367397
POLA2,15.327777366631564
POLB,23.586428670935582
POLD1,3.273418537943403
POLD2,21.086235228199364
POLD3,2.354766676765597
POLD4,1503.9310268894244
POLE,0.28842365350663757
POLE2,8.040738386730172
POLE3,102.47351936605648
POLE4,33.0229416812775
POLG,14.792631460431672
POLG2,5.5233893929722075
POLH,11.971800169881208
POLI,2.5582078235193944
POLK,2.8837502799285635
POLL,6.018999808168823
POLM,15.521985569032296
POLN,0.10705721367343592
POLQ,7.362937066011364
POLR1A,1.8477118100972865
POLR1B,1.0026872580470194
POLR1C,22.83043340423073
POLR1D,25.747750102884332
POLR1E,38.0344790764323
POLR2A,3.814748497146099
POLR2B,26.074749200499465
POLR2C,55.19438888458748
POLR2D,57.905079080844686
POLR2E,93.30780276827893
POLR2F,28.681215492292143
POLR2G,70.95725563369633
POLR2H,393.08303597603947
POLR2I,27.647730263771397
POLR2J,36.15557711725186
POLR2K,123.10995970215669
POLR2L,253.90615112107517
POLR3A,0.24590508872769104
POLR3B,1.8877598912887104
POLR3C,1.475090149439777
POLR3D,40.21480749277508
POLR3E,31.864255925137854
POLR3F,6.6303900238391495
POLR3G,0.42249087189708273
POLR3GL,79.17715125641153
POLR3K,168.43749921734454
POLRMT,8.827676802520902
POMGNT1,11.582431969304015
POMT1,6.573442210757423
POMT2,8.146013821390996
PON3,0.12645288769326513
POR,328.55386598753256
PPA1,987.9911622100968
PPA2,148.47103245857386
PPARA,7.6255010098403675
PPAT,17.374572281862918
PPCDC,3.9029014222900087
PPCS,85.56660847499404
PPEF1,0.01356733894162019
PPEF2,0.0048995411351669925
PPIA,425.20272193935983
PPIAL4A,0.3354345050980549
PPIAL4C,0.3354345050980549
PPIAL4E,0.09365864983474399
PPIAL4G,14.912394456410208
PPIB,2113.3114305529452
PPIC,19.735280507786545
PPID,997.6254101974839
PPIE,13.804887588441048
PPIF,393.23799104692085
PPIG,20.967288954385594
PPIH,1706.3712247785297
PPIL1,188.77750546536174
PPIL2,2.459715005734752
PPIL3,116.53625281549809
PPIL4,3.468926807718484
PPIL6,1.1099705010050862
PPIP5K1,0.9751510279808072
PPIP5K2,22.93471982941645
PPM1A,1.5998151510843954
PPM1B,22.25193635687154
PPM1D,4.0992641457486485
PPM1E,0.007304410223161335
PPM1F,36.763254540308964
PPM1G,58.82057178418684
PPM1K,11.108827599709429
PPM1M,15.789742395832748
PPOX,13.910298470899761
PPP1CA,836.9933660113525
PPP1CB,183.5281897556384
PPP1CC,188.77571203888527
PPP1R1A,0.5098540529442781
PPP1R1B,0.009518954370643547
PPP1R2,61.82249726996664
PPP1R3A,0.06646892507772041
PPP1R3B,4.998332991407345
PPP1R3C,0.06109715751103475
PPP2CA,280.25410683588717
PPP2CB,17.129114495123705
PPP2R1A,454.7535709934464
PPP2R1B,20.784748584498768
PPP2R2A,102.03975784717969
PPP2R2B,0.14045859580882122
PPP2R2C,0.032186233327191865
PPP2R3A,0.46887212868127326
PPP2R3B,3.0349813131657415
PPP3CA,996.5219063273049
PPP3CB,28.303181324446317
PPP3CC,23.57340195080687
PPP3R1,289.6232271737768
PPP3R2,0.000604231880570246
PPP4C,242.64308418037666
PPP5C,32.53409041329582
PPP6C,222.1305274936185
PPT1,9.109728184117659
PPT2,0.07171947055317711
PPWD1,24.986213980605132
PRAG1,0.3354345050980549
PRDX1,35299.56495400813
PRDX2,806.169463393893
PRDX3,106.41783435412123
PRDX6,1747.62567532721
PREP,84.1438766799458
PRKAA1,14.689768567506912
PRKAA2,0.0032470571689194806
PRKAB2,2.6843576205785875
PRKACA,658.0598364602541
PRKACB,149.4885648479774
PRKACG,0.08126869640523282
PRKAG2,1.8129420754455325
PRKAR1A,41.20687535403502
PRKAR1B,31.75437200024241
PRKAR2A,20.898971535293555
PRKAR2B,52.06355161955981
PRKCA,4.567154326834739
PRKCB,83.79442658975267
PRKCD,23.021758979977065
PRKCE,2.35646216265605
PRKCG,0.002816849913492768
PRKCH,12.19915801743811
PRKCI,1.090252142133993
PRKCQ,1.2965494734812752
PRKCSH,625.8754777185104
PRKCZ,2.8118672458728704
PRKD1,0.10659230241897143
PRKD2,21.244681399268075
PRKD3,60.094842717304296
PRKDC,3.9210230217223168
PRKG1,0.1512207793919804
PRKG2,0.29083343736860756
PRKN,0.21524163632635238
PRKX,9.040786560349616
PRKY,0.11078505743987063
PRODH,0.846945769275696
PRODH2,0.006360787904818227
PRPF19,688.1679246381487
PRPF4,360.7019996622942
PRPF4B,28.566230491930906
PRPS1,1707.7163901571996
PRPS1L1,16.626446479563608
PRPS2,67.46326431116636
PRRT2,0.10141266845107462
PSAP,113.04535791901647
PSAT1,239.03935527258022
PSKH1,6.795739271739494
PSKH2,0.11813839957802594
PSPH,1834.9712517976639
PSPHP1,0.3354345050980549
PTDSS1,190.15269914402606
PTDSS2,8.187609105042705
PTEN,6.175622554985764
PTGDS,2663.4784963587595
PTGES,37.54972703605292
PTGES2,70.70425283406608
PTGES3,5948.348681661936
PTGIS,107.52896352085901
PTGR1,254.36498836097167
PTGS1,14.279204963081941
PTGS2,0.2611386261361368
PTK2,10.51034090502022
PTK2B,154.40298731705983
PTK6,1.7117397719055438
PTK7,0.6916354512591878
PTP4A2,4.223597582158892
PTP4A3,41.359326221859554
PTPDC1,2.2410232731930235
PTPMT1,15.855792867755119
PTPN1,61.599984612594994
PTPN11,19.113598724362564
PTPN12,3.8650332584784395
PTPN13,1.3021755200303111
PTPN14,0.47817569096788404
PTPN18,458.44090689918437
PTPN2,13.546825774745722
PTPN21,0.7431225207193444
PTPN22,9.643624371906501
PTPN23,17.384406755536176
PTPN3,0.0547144403397189
PTPN4,1.730870270437176
PTPN5,0.011800854627346345
PTPN6,228.0376722976312
PTPN7,28.816511940811555
PTPN9,0.5089879743073473
PTPRA,0.3075931619084488
PTPRB,2.524414225584038
PTPRC,411.65375050471505
PTPRD,0.10540783696580902
PTPRE,5.812192537676443
PTPRF,7.228454958588586
PTPRG,1.1523652861728029
PTPRH,0.004077606800079844
PTPRJ,18.556196825079265
PTPRK,2.794161929733548
PTPRM,3.829063023159732
PTPRN,0.020298080181076147
PTPRN2,2.3434400005964324
PTPRO,0.8659021115544436
PTPRQ,0.02125170560277783
PTPRR,0.0011749422028327129
PTPRS,1.059294699155704
PTPRT,0.005742860880638666
PTPRU,0.6964477020706693
PTPRZ1,0.0015689072458943073
PTRH1,23.48643730391986
PTRH2,1305.983516255281
PTS,25.605613303771687
PUS1,15.981289705296746
PXDN,2.130364785185208
PXDNL,0.5802119039790264
PXYLP1,0.3900283303635837
PYCR1,6.984744773809139
PYCR2,692.5540693958877
PYCR3,18.52640291410028
PYGB,170.65190110555687
PYGL,4.5892570924694125
PYGM,0.08489496149471207
PYURF,0.6402221518630032
QARS,595.3595209960775
QDPR,243.4472353438532
QPCT,132.85595344981036
QPRT,1.6206275330502622
QTRT1,61.45964466270667
QTRT2,3.0803803903498332
RAD1,1.7648742959956476
RAD18,3.9189679901553482
RAD9A,27.496427158148162
RAF1,0.47005368559945365
RAG1,0.008731093264981423
RALBP1,37.26695817130606
RARS,354.7165882687249
RARS2,14.305499225534966
RBBP6,0.4160070845324012
RBKS,8.922053489006599
RBP1,137.5404578227682
RBP2,0.020375213253788535
RBP4,0.18591164082553518
RCHY1,4.248930575643202
RCL1,31.561545704949705
RDH10,5.0295746817336235
RDH11,235.47666848245396
RDH12,0.013570850659101142
RDH13,0.7733347692261597
RDH14,1.7135929017533287
RDH16,0.06381261125650327
RDH5,0.3716518378140392
RDH8,0.006181972227701906
REG3A,15.598236131061894
RENBP,17.404904513382448
RET,0.03696068077246243
REV3L,3.7312410554803126
RFC5,88.86522095372077
RFK,13.40768003126848
RFWD3,11.71059437028001
RGL1,11.950704462676
RHAG,0.3012257575781964
RHBG,0.004971745432218519
RHCG,0.0031019558556778337
RING1,4.187235939502691
RIOK1,1.4562050536620934
RIOK2,0.2798925390532586
RIOK3,28.73516496988459
RIPK1,14.428265915999004
RIPK2,5.138073250136123
RIPK3,18.135051001059804
RIPK4,0.0005072971623659526
RIPOR1,1.8350848174091228
RNF103,6.401257689153426
RNF115,28.2064840881011
RNF123,12.806275039897958
RNF125,1.243282783178023
RNF126,24.365405407956327
RNF128,0.04015866115780727
RNF13,15.592403793762568
RNF130,56.34485689967931
RNF133,0.0018423485092052866
RNF138,10.842844195997278
RNF139,11.60683429118615
RNF14,19.952968165086073
RNF144A,2.8333102480503447
RNF144B,7.508008561658002
RNF146,19.616032360905557
RNF149,20.713796300747884
RNF152,0.060051415916290776
RNF167,104.46595106420075
RNF180,0.08867752073828288
RNF182,0.007877006471229488
RNF185,17.689661078075318
RNF187,88.22387986379776
RNF19A,36.00095716857766
RNF19B,98.06927875093784
RNF2,9.762479797763374
RNF20,3.7636630005707623
RNF216,39.49563930675131
RNF217,0.28762901423067344
RNF25,25.735472945654365
RNF31,32.23765048461434
RNF40,4.249865283774319
RNF41,5.630221658598352
RNF5,0.0020565570676468886
RNF8,5.061725516329611
RNGTT,22.674892166033892
RNMT,64.84518218913772
ROCK1,12.61314991396559
ROCK2,10.525087636853604
ROR1,0.35404246300452863
ROR2,0.14514036190816756
RORA,0.8092801799522981
ROS1,0.02891677963645843
RPAP2,2.7605475899393355
RPE,89.05492988949231
RPE65,0.0008501889117772162
RPIA,73.91495286350481
RPL14,699.9306961811982
RPN1,1508.2206558798366
RPN2,635.0773811663602
RPP14,36.426173535608136
RPS6KA1,75.6514513449114
RPS6KA2,2.8464906837334287
RPS6KA3,3.2191917963783174
RPS6KA4,1.952275106590316
RPS6KA5,1.8062187065397597
RPS6KA6,0.00654372697988532
RPS6KB1,2.0808271051985328
RPS6KB2,28.507443064220524
RPS6KC1,0.4157345030424415
RPUSD4,1.4678473791789486
RRM1,89.22993896895018
RRM2,45.545747725052514
RRM2B,19.74448308623407
RTCA,1.6973780629584712
RWDD2A,1.8193149301742078
RXRA,8.395249008613947
RYK,6.131968475840716
SACM1L,19.12175401209295
SAE1,310.4980561955104
SAP130,2.8174154217922185
SARDH,0.9894726279825731
SARS,162.72984615386972
SARS2,8.10101624851514
SAT1,927.3034644860209
SAT2,25.613185160217807
SBK1,0.11895989944492025
SC5D,1.7142905425756392
SCARB1,273.40757897779497
SCARF2,1.2901193340273547
SCD,14.202471278128955
SCD5,3.248381079984081
SCLY,0.056342588923972224
SCP2,214.13915683463068
SDC1,0.7003373404580969
SDHA,203.0395938441955
SDHB,365.3633923896612
SDHC,12.255523378382854
SDHD,4.6831235274546135
SDR16C5,0.010546255247017052
SDR42E1,0.26823647783878135
SDR42E2,0.3354345050980549
SDR9C7,0.0014160233412514132
SDS,1.7579033715435297
SDSL,8.003055823417062
SEC11A,303.22145530415287
SEC11C,10.57897398550241
SELENOI,0.1784505883933933
SEPHS1,1135.5592752147418
SEPHS2,126.53245475394594
SERPINA1,30.869236712475175
SERPINA3,0.7724684133961418
SETD1A,0.47631105413042213
SETD1B,7.569583320194478
SETD2,0.0680450571064614
SETD5,23.672431612982354
SETD7,6.1583111686725776
SETDB1,0.43038807425500486
SETDB2,2.874633593011668
SETMAR,6.511073717768672
SFXN3,847.0937437598795
SGK1,89.41490875846708
SGK2,0.09928024601508757
SGK3,0.009273005465877612
SGMS1,13.336221684552235
SGMS2,0.3275152959241775
SGPL1,108.0057589468876
SGPP1,53.73704839702133
SGPP2,10.991371724824932
SGSH,16.294707625790394
SH3RF1,8.173926747757546
SH3RF2,0.06436421919830643
SH3RF3,0.9158287022292871
SHMT1,139.32575981564253
SHMT2,837.9498698015966
SHPK,3.0997504373468088
SHPRH,1.505600109232728
SI,0.0011997770442908624
SIAE,8.444210261465399
SIAH1,1.9184630842352541
SIAH2,88.25006959006356
SIK2,8.825274646523772
SIK3,2.656690748720446
SIN3A,9.97463719526128
SIN3B,0.16704056741031348
SIRT1,8.903236230616809
SIRT2,41.40075522080987
SIRT3,11.53934826522963
SIRT5,11.682160329474728
SIRT6,14.134476389627935
SIRT7,30.148984443014925
SLC10A1,0.006596199195687728
SLC10A2,0.004288935949195949
SLC10A6,0.026462516332747325
SLC11A1,1.3756189874794134
SLC11A2,3.1896010130299843
SLC12A1,0.0217169078578793
SLC12A2,2.428835310137458
SLC12A3,0.36730602226153497
SLC12A4,0.28971516204359354
SLC12A5,0.18402713621401873
SLC12A6,0.22942476061911846
SLC12A7,4.977877731070637
SLC13A1,0.0005204294708075196
SLC13A2,0.002064688311825331
SLC13A3,0.08279401105794461
SLC13A4,0.29665538106579953
SLC13A5,0.009529566834376007
SLC14A1,0.03772417069596319
SLC14A2,0.0043895923993919434
SLC15A1,0.004103865687906453
SLC15A2,4.193586892575012
SLC15A3,70.15811434782121
SLC15A4,67.2635242640546
SLC16A1,48.85614864894007
SLC16A10,0.13305682442372277
SLC16A2,1.282680607543694
SLC16A3,166.73573863823714
SLC16A7,1.9065015550810194
SLC16A8,0.01951830270009536
SLC17A1,0.06505057075080632
SLC17A2,0.0009607753218514261
SLC17A3,0.0480606884147512
SLC17A4,0.016758172785412122
SLC17A5,4.406720469864191
SLC17A6,0.03561924497624714
SLC17A7,0.1473842316414318
SLC17A8,0.023326127399307364
SLC18A1,0.01092060212066634
SLC18A2,0.29926495182993623
SLC18A3,0.06214561646399096
SLC19A1,6.680825167460659
SLC19A2,1.712309773984526
SLC19A3,0.2357791114569276
SLC1A1,1.747768271178404
SLC1A2,0.054406259349379996
SLC1A3,9.389475946406986
SLC1A4,12.959516770460128
SLC1A5,71.63521170353508
SLC1A6,0.0014657363826850144
SLC1A7,0.04942696803008556
SLC20A1,70.95001674117538
SLC20A2,6.7428842381772425
SLC22A1,0.05190295938199977
SLC22A10,0.0008648921325337412
SLC22A11,0.0008928894065312582
SLC22A12,0.22546395743319642
SLC22A13,0.0008710774822503192
SLC22A16,0.018382782425185172
SLC22A18,5.386115798771463
SLC22A2,0.04769155999981846
SLC22A3,8.33015549267837
SLC22A4,0.21008316529395396
SLC22A5,0.38279443162849375
SLC22A6,0.0010481147633768055
SLC22A7,0.022405927828019645
SLC22A8,0.6796964855365107
SLC22A9,0.11807453767167743
SLC23A1,0.32136783934866064
SLC23A2,22.30181919267614
SLC24A1,0.9208531682062752
SLC24A2,0.0003268976079555926
SLC24A3,0.2124526960466146
SLC24A4,0.1169689060648623
SLC25A1,1260.020368408687
SLC25A10,54.204770795416344
SLC25A11,823.1181740320959
SLC25A12,261.4567587864865
SLC25A13,372.6800353403726
SLC25A14,11.933396112193376
SLC25A15,6.921313379055377
SLC25A16,5.1521635466667295
SLC25A17,22.463171406924083
SLC25A18,0.13187451726653943
SLC25A19,49.869838781818295
SLC25A2,0.03822203618036263
SLC25A20,66.3955012204967
SLC25A21,0.17694434083430644
SLC25A22,15.997753564547448
SLC25A26,6.1200233596945335
SLC25A27,3.947513597741357
SLC25A28,21.404686155350987
SLC25A29,72.3597424692358
SLC25A3,2221.599840723141
SLC25A37,28.94010042877725
SLC25A4,172.58217899199775
SLC25A5,7204.064878828848
SLC25A6,126.00903114595823
SLC26A1,1.1282525367351774
SLC26A11,5.754268459462115
SLC26A2,1.392620516610147
SLC26A3,0.16226921407916228
SLC26A4,0.00951693531422964
SLC26A6,8.604870864229314
SLC26A7,0.010380111895442046
SLC26A8,0.003404091865749226
SLC26A9,0.08071584769347188
SLC27A1,3.5830632001751765
SLC27A2,1.1081883520551
SLC27A3,9.233071034132978
SLC27A4,2.567165071655523
SLC27A5,1.130754647768444
SLC27A6,0.001880570502150272
SLC28A1,0.05797266048828553
SLC28A2,0.005605861278925682
SLC28A3,0.04578630264452327
SLC29A1,73.13993394966081
SLC29A2,0.2644704526328432
SLC29A3,10.86532222297801
SLC29A4,8.68833917229154
SLC2A1,33.577330570836125
SLC2A10,1.325631159407668
SLC2A11,2.8128889665452403
SLC2A12,0.04268775400731764
SLC2A13,0.8546972231197018
SLC2A14,0.08283964830683001
SLC2A2,0.7271472329221568
SLC2A3,9.055587753857116
SLC2A4,0.01708570802701312
SLC2A5,34.31918740530184
SLC2A6,88.35059076631136
SLC2A7,0.004189436594792928
SLC2A8,20.827826110668624
SLC2A9,0.608478301714189
SLC30A1,2.9754320091024122
SLC30A6,8.835379871429575
SLC30A7,17.262483465743596
SLC31A1,10.678292108355715
SLC32A1,1.4740945089441455
SLC33A1,881.6216070780247
SLC34A1,0.0005874070222711222
SLC34A2,0.001886062360901466
SLC34A3,0.09263103510239744
SLC35A1,17.649116981765147
SLC35A2,20.66835083149975
SLC35A3,6.360714613567677
SLC35B2,0.9057351504955109
SLC35B4,7.417486206799111
SLC35C1,10.367212484186801
SLC35D1,19.947180296627568
SLC35D2,5.160519001513162
SLC36A1,2.395730937828814
SLC36A2,0.07419499914014951
SLC36A4,8.171622164884374
SLC37A1,19.282842832041716
SLC37A4,14.299989204676463
SLC38A1,54.48094031372456
SLC38A2,83.72279359769443
SLC38A3,0.17309516527738047
SLC38A4,0.005081301988979575
SLC38A5,4.394147467793442
SLC39A7,5.771832377825815
SLC3A1,0.000990643886144963
SLC3A2,91.5724292301366
SLC40A1,0.8971444172431929
SLC41A1,4.1979971099513875
SLC41A2,2.3136264020903865
SLC43A1,1.8720471038998976
SLC43A2,36.987850813493814
SLC46A1,0.5860526129497707
SLC47A1,0.09916157832782425
SLC47A2,0.0009492695865586872
SLC4A1,0.004674840925979813
SLC4A10,0.0007399370203829141
SLC4A2,22.325561465520504
SLC4A3,0.04433057682721781
SLC4A4,0.061155812668754625
SLC4A5,1.4330886191962058
SLC4A7,0.609341520593565
SLC4A8,1.5291150069797093
SLC4A9,0.008039047116645182
SLC51A,0.15730939956507933
SLC51B,0.1317954273752661
SLC52A1,0.11277172956640528
SLC52A2,0.09357936368667576
SLC52A3,0.28454763876001143
SLC5A1,0.0008470048490860702
SLC5A10,2.5073674997240425
SLC5A11,0.022352996322318516
SLC5A12,0.0022211390743733855
SLC5A2,0.00622583736468694
SLC5A3,10.34709013463525
SLC5A5,0.3027688642255895
SLC5A6,23.932895943399593
SLC5A7,0.07302190367296232
SLC5A8,0.3418527760399266
SLC5A9,0.019861748271166334
SLC6A1,0.055170101849636353
SLC6A10P,0.005331762503183337
SLC6A11,0.0012097601375755428
SLC6A12,0.5879989262528208
SLC6A13,0.0006817871283119829
SLC6A14,0.004253117178529161
SLC6A18,0.004679778503267977
SLC6A19,0.0008596518344464186
SLC6A2,0.0003337194653949156
SLC6A20,0.003387724574577284
SLC6A3,0.0030402845785055623
SLC6A4,0.7525968298284409
SLC6A5,0.0007526259217192795
SLC6A6,1.4669512825111182
SLC6A7,0.07015745115664349
SLC6A8,0.7553037785586384
SLC6A9,1.3641965445505106
SLC7A1,7.750882503036233
SLC7A10,0.005237092140818122
SLC7A11,1.6966049853611802
SLC7A2,0.5761008905101057
SLC7A3,0.0010210134244999192
SLC7A5,3.6825660384419976
SLC7A6,12.315113562074087
SLC7A7,93.56950569182591
SLC7A8,1.1378854044769813
SLC7A9,0.011444683562666948
SLC8A1,1.7766668176013034
SLC8A2,0.0008730822373558753
SLC8A3,0.004722279344244431
SLC8B1,0.13932836983899105
SLC9A1,14.338992819844204
SLC9A2,0.008359831058572902
SLC9A3,4.440955048489832
SLC9A4,0.18592765113717485
SLC9A5,0.02664781709508044
SLC9A7,1.767601610183461
SLC9A8,8.934244655901601
SLCO1A2,0.0008435616245155032
SLCO1B1,0.5745214485775751
SLCO1B3,0.04767210311424515
SLCO1C1,0.0023631503537243875
SLCO2A1,4.179656742261606
SLCO2B1,38.771107077372676
SLCO3A1,6.134303994417267
SLCO4A1,13.526902554248345
SLK,9.717397586066392
SMARCD3,3.1442453374314727
SMG1,1.8796980376043952
SMPD1,23.77384517776332
SMPD2,12.321120126763352
SMPD3,3.610347369337944
SMPD4,10.40360918498866
SMS,185.91251491355197
SMURF1,10.812694051811457
SMURF2,5.19509439095558
SMYD3,16.98372688364154
SNRK,7.980536539616244
SOAT1,11.091796486041988
SOAT2,0.002838767413511546
SOD1,6675.862370726839
SOD2,470.4643306680458
SOD3,6.272708270339946
SORD,1.3502772208367844
SPCS1,200.25772248603502
SPCS2,176.22088796400917
SPCS3,445.8619599012932
SPEG,0.01115038250929535
SPHK1,26.186693651995654
SPHK2,1.429662721104304
SPR,116.79023972673797
SPRYD3,18.61887923722137
SPTLC1,29.954279390033758
SPTLC2,10.335700274977912
SPTLC3,0.05132167657051312
SQLE,0.3165294898426944
SRC,4.970306576295414
SRD5A1,5.316593851879985
SRD5A2,0.0075758198589975
SRD5A3,1.5382297801031144
SREBF1,16.064716934484352
SRM,902.6098196013057
SRMS,0.010568985253514346
SRPK1,11.546842871390385
SRPK2,18.574337822584358
SRPK3,0.08480302030712518
SSH1,13.147470704485267
SSH2,16.26831023457946
SSH3,1.9697863414158925
SSR4,794.2288789559732
SSU72,151.73992560786635
ST3GAL1,18.37349791080889
ST3GAL2,11.384025485986772
ST3GAL3,4.39554918020749
ST3GAL4,11.277880186867097
ST3GAL5,20.208022805961228
ST3GAL6,1.0679660007786298
ST6GAL1,257.02616673391947
ST6GALNAC1,0.0036900543655228792
ST6GALNAC2,0.104176444485893
ST6GALNAC3,0.09914592395587857
ST6GALNAC4,23.087290467691542
ST6GALNAC5,0.8355689617443851
ST6GALNAC6,28.27043418958461
ST8SIA1,0.3085567859324812
ST8SIA4,10.078567872354146
ST8SIA5,0.006911180159374959
STAMBP,12.432105100703712
STAMBPL1,10.150318752813654
STARD3,47.225648905895305
STK10,3.038244511426665
STK11,30.36008775070081
STK16,2.3499880953899726
STK17A,142.93113988106728
STK17B,90.7095712224445
STK19,0.7809386679910875
STK24,30.39510131357495
STK25,4.916440860897255
STK26,0.629690691282171
STK3,9.878580027993973
STK31,0.02236762653052801
STK32A,0.02047235994103561
STK32B,0.3247383967436045
STK32C,4.105210594523752
STK33,0.02081890195727205
STK35,7.756397552318934
STK36,11.697361522708404
STK38,16.995794279870335
STK38L,2.9308150003614637
STK39,29.162299971686036
STK4,7.722135913001048
STRA6,1.2720531131950976
STS,8.719505934868806
STT3A,24.16540389018633
STT3B,95.87368174536121
STUB1,72.91561663188058
STYK1,0.014375589875895664
STYXL1,43.31462234032007
SUCLA2,71.2593142838453
SUCLG1,559.6103767890093
SUCLG2,449.4046757129247
SULT1A1,2.869449419134184
SULT1A2,0.6081147275852261
SULT1A3,3.7503041530200782
SULT1B1,0.017138312329105242
SULT1C2,1.7942508545059428
SULT1C4,0.1957993818002534
SULT1E1,1.3273511575593253
SULT2A1,0.0012129432067586197
SULT2B1,0.004718985888779713
SULT4A1,0.7628529321493973
SUOX,3.58152711073676
SUV39H1,19.13383972868652
SUV39H2,12.065181315552737
SYK,227.3300543209002
SYNJ1,0.05524529586258292
SYNJ2,0.0425119185802789
SYVN1,4.349447464186624
TAF1,4.70861892021392
TALDO1,423.8903569843632
TAOK1,3.1214043227603767
TAOK2,27.581642696237395
TAOK3,31.267937711934014
TARS,212.88115503604007
TARS2,2.5572158968940446
TARSL2,5.949675904209459
TAT,1.3397922541742207
TBCB,185.9712421612579
TBK1,1.262240151457227
TBL1X,26.6922298928761
TBL1XR1,30.604598068376333
TBXAS1,7.075225379867872
TCIRG1,150.0962106505605
TDO2,27.738454293640526
TECR,79.70265437870098
TECRL,0.11400593534832566
TENT2,0.15316461371698084
TENT4A,0.45357387630786017
TESK1,56.935583125271336
TESK2,3.790513336530102
TFRC,222.86908316741142
TGDS,4.193398215916975
TGFBR1,16.87436351856594
TGFBR2,22.051226599899973
TGM1,0.07253565831394525
TGM2,30.881640586983146
TGM3,0.002032499274769194
TGM4,0.0017521735185643977
TGM5,0.004815033928326835
TGM6,0.001006486326133566
TGM7,0.01438308791538765
TGS1,9.753276660554947
TH,0.3942180720015461
THNSL1,13.220681564907094
THTPA,10.237614040570262
TIAM2,1.1700613086661174
TICRR,0.05167590734814967
TIPARP,3.666897082830082
TK1,518.0511605204734
TK2,5.17312649000099
TKFC,17.655218887752373
TKT,256.29396614437997
TKTL1,0.042027193409435705
TKTL2,0.0019157373887457752
TLK1,8.657982541251805
TLK2,0.1705757823449192
TM7SF2,7.082729492936182
TMEM91,3.137335571500776
TMLHE,1.2926460393247823
TMX3,20.84272066870502
TNFRSF21,26.94729790818711
TNIK,0.5831743050132604
TNK1,2.592984547010566
TNK2,39.765795675119165
TNKS,11.736271325507083
TNKS2,12.040644071857784
TNNI3K,0.3354345050980549
TNS2,1.434061794943761
TOPORS,9.50536401358975
TP53RK,8.10529392777621
TPH1,0.03132762976712865
TPH2,0.0009687621473317921
TPI1,8583.103893793897
TPI1P2,14.88018222716302
TPK1,4.027622507499893
TPMT,5.0403037794395384
TPO,0.004071511099316235
TPP1,294.46468091389715
TPSAB1,78.976411951362
TPSB2,163.30838358234593
TPSD1,33.85158985330192
TPST1,9.981187215515911
TPST2,39.88739491644947
TPTE,0.011128310326507618
TPTE2,0.013867825485615244
TRAF7,82.73945166512188
TRDMT1,0.6136212247052855
TREH,0.03792852594238587
TREX1,3.2949650363138496
TREX2,0.4554293585953725
TRHDE,0.0007835927376359081
TRIB3,12.06065965790399
TRIM11,18.33736464539516
TRIM32,1.424570778246259
TRIM33,4.441359719685483
TRIM63,0.0014170723045667968
TRIO,0.6271273169229857
TRIP12,28.462844882625575
TRIT1,7.37725430130116
TRMT1,12.260640733017283
TRMT11,2.264408170318173
TRMT1L,19.098771048065927
TRMU,14.051965829948843
TRPM6,0.005079635548935546
TRPM7,4.233209391541947
TSSK1B,0.20447763106973466
TSSK2,0.0231714118888251
TSSK3,0.85374930573282
TSSK4,1.3146890260627655
TSSK6,2.6775534878221086
TST,9.061186436624665
TSTA3,262.8727747850617
TTC3,14.07186790981164
TTK,0.7475738481233055
TTL,1.791787581690543
TTLL10,0.015377052088844413
TTN,0.20785830261782423
TUSC3,0.4137671280151661
TUT1,0.5789439982784342
TUT4,0.6950417161591614
TUT7,0.1907089895411479
TXN,602.8148670512852
TXN2,58.31207211037632
TXNRD1,279.5241723641758
TXNRD2,7.838564347571229
TXNRD3,0.4326993788517092
TYMP,216.5434138089254
TYMS,386.0168900522935
TYR,0.0011534289515918224
TYRO3,0.35416335858224157
TYRP1,0.001850723125147791
UAP1,21.09380129600669
UAP1L1,31.380909964867524
UBA1,1238.585131113106
UBA2,196.33269912900045
UBA3,82.62333230349776
UBA6,151.17140758693742
UBA7,32.73270154921456
UBE2A,126.03012007191732
UBE2B,31.284580432858586
UBE2C,16.659277427743312
UBE2D1,27.286545760048256
UBE2D2,76.0677620804928
UBE2D3,1634.6518281411102
UBE2D4,3.0084451115445674
UBE2E1,90.18945623312497
UBE2E2,4.296987699253075
UBE2E3,7.988076406446417
UBE2F,2.310633272797193
UBE2G1,25.581716944506667
UBE2G2,6.365145608700807
UBE2H,355.26670195737427
UBE2I,2445.719401097919
UBE2J1,39.7497615299568
UBE2J2,33.3063102929878
UBE2K,497.80372586631916
UBE2L3,898.0804049270438
UBE2L6,127.61591338732025
UBE2M,80.80681971400968
UBE2N,97.43902974658613
UBE2NL,28.425501864437006
UBE2O,40.3813912801956
UBE2Q1,7.167727586824388
UBE2Q2,1.8864748362567265
UBE2QL1,0.7382170441033262
UBE2R2,29.533988545586553
UBE2S,14.181072601387038
UBE2T,21.081219005608368
UBE2U,0.023784263818109993
UBE2W,3.8360955731539232
UBE2Z,152.57427081298727
UBE3A,12.760846545998819
UBE3B,8.238157110888194
UBE3C,5.249105571893298
UBE4A,1.2489582348588841
UBE4B,3.5105318450310654
UBLCP1,108.43123719364304
UBR1,0.5004385785798404
UBR2,3.4396631030343685
UBR3,0.029264636061708694
UBR4,11.344442880886982
UBR5,1.2881273305102299
UBR7,99.91015618567106
UCK1,14.102247063885173
UCK2,3.07052765578896
UCKL1,33.107108141939314
UCP1,0.007358785640054364
UCP2,1629.7647383532662
UCP3,0.5413288335304571
UEVLD,2.6461392712161036
UGCG,27.730218532800354
UGDH,55.738633031062065
UGGT2,0.7285809641865827
UGP2,2965.324230206338
UGT1A1,0.5818457107151666
UGT1A10,0.14272264379251745
UGT1A3,1.0114790584917612
UGT1A4,0.0951329295757727
UGT1A5,0.4044927492424471
UGT1A6,0.17846484523713252
UGT1A7,0.817507176308654
UGT1A8,0.1293154038699776
UGT1A9,0.11549856641655931
UGT2A1,0.0005973096751185396
UGT2A3,1.2389146853275619
UGT2B10,1.2536713325042186
UGT2B11,0.01212424778799631
UGT2B15,0.00041467169473208623
UGT2B17,0.001948086110087112
UGT2B28,0.06754232081997527
UGT2B4,0.7544150219594951
UGT2B7,0.0012976058052839672
UGT3A1,0.12021469926971337
UGT3A2,0.03577420395743366
UGT8,4.9518826364001995
UHMK1,32.33552236547517
UHRF1,2.9615602052792696
UHRF2,22.896855299818196
ULK1,5.787484190894534
ULK3,15.187472913936308
ULK4,2.2800041107346747
UMPS,107.18825864107403
UPB1,0.029615969535955668
UPP1,2.434007646866056
UPP2,0.024624429366361594
UPRT,5.795114320740259
UQCR10,66.24249009040975
UQCR11,128.31942828859195
UQCRB,43.50705031393016
UQCRC1,1562.7464825588868
UQCRC2,3005.639343841103
UQCRFS1,304.858020125204
UQCRH,92.17587400015476
UQCRQ,57.93366128933445
UROC1,0.0024830574864235246
UROD,126.35514342256636
UROS,13.899400182690805
USP1,44.97957522863392
USP10,4.645545119859262
USP11,91.12824731499106
USP12,18.337491452170685
USP13,9.830980527539149
USP14,126.7611951844702
USP15,4.524860020108329
USP16,28.241412933237072
USP17L2,0.7544524097088302
USP17L22,0.04998256910149056
USP17L30,0.050968258904732194
USP17L5,0.050968258904732194
USP17L9P,0.3354345050980549
USP18,4.819598267008324
USP19,1.5018915322583684
USP2,15.858375274615362
USP20,19.461273443182673
USP21,14.547169312867263
USP22,108.0125614989866
USP24,2.2158665405170517
USP25,0.15234488218696088
USP26,0.0007770031622251581
USP28,26.431881467617288
USP29,0.0005567365088256548
USP3,0.5523959582366411
USP30,0.22270265084486976
USP31,4.238412517721903
USP32,0.3423139220270666
USP33,19.588652792087473
USP34,31.191755544026588
USP35,1.4897832282672017
USP36,12.572187926069622
USP37,4.655468360034201
USP38,7.777966753727088
USP4,5.003757455647695
USP40,0.4504925754431766
USP41,0.01834435481333142
USP42,7.120399081554327
USP43,0.10452583129584612
USP44,0.04434693545939589
USP45,1.338207881688576
USP46,1.3278968215772413
USP47,3.609892962141462
USP48,0.6578453271436717
USP49,2.1164564714165395
USP51,2.817616693543733
USP6,0.10398063771932763
USP7,85.14830603293974
USP8,0.472139791241249
USP9X,11.296702809394054
USP9Y,0.000893819138395613
UST,0.7164950320056739
UXS1,16.959906261614247
VARS,43.547945933321046
VARS2,15.743932916358464
VKORC1,131.51975935235416
VNN1,10.314165603492228
VNN2,46.24264676895406
VNN3,0.09512532935115779
VRK1,195.5924768798042
VRK2,13.393187593543368
VRK3,26.30280425128239
WARS,1031.5001350216753
WARS2,9.820257270809698
WDYHV1,14.25355526860377
WEE1,55.36052791377216
WEE2,0.03011631072830592
WNK1,3.259625252276482
WNK2,0.004262877883839408
WNK3,0.024524979462355483
WNK4,0.01444306411740637
WWOX,1.039476671402545
WWP1,5.450988471428298
WWP2,0.15678335140927077
XDH,0.005923353896215139
XPO6,1.036795010473995
XPO7,30.44837567674667
XYLB,0.30689645342718685
XYLT1,4.850163678864902
XYLT2,10.23906583693681
YARS,3275.1837130744493
YARS2,19.937161435646626
YES1,2.0788120167236004
ZADH2,9.197255603045425
ZAP70,13.945392071769152
ZC3HAV1,4.663133781617904
ZNRD1,1.1564422137940353
ZNRF1,3.8692210666278597
ZNRF2,15.431744514415152
ZSWIM2,0.0022868596528934303
