A4GALT,45.730232957845885
A4GNT,0.005970618868730773
AACS,153.37992068851875
AADAC,3.4041057218137953
AADAT,0.01247938240022705
AAK1,17.142985837268494
AANAT,0.08419773213225289
AARS,239.28903965240056
AARS2,10.064090081850107
AASDH,1.2584985230952472
AASDHPPT,6.774109876580283
AASS,0.42057670532531133
AATK,1.547042985166963
ABAT,0.1889651617224015
ABCA1,1.608168527641758
ABCA3,1.0133339626142441
ABCA4,2.446641594695448
ABCA8,0.004109018657821019
ABCB1,0.18325802181471015
ABCB11,0.00018589792675366608
ABCB4,0.01911707424644303
ABCB6,21.434999166949822
ABCC1,3.32606711919534
ABCC11,0.0037098927404989874
ABCC2,22.499283670604935
ABCC3,31.27717082743291
ABCC4,2.168346718233939
ABCC5,71.10695847313058
ABCC8,0.00017494274022543393
ABCC9,0.011525942545876241
ABCD1,5.5747944948624495
ABCD2,0.001651997867501276
ABCD3,31.010604050977363
ABCG2,0.009743182136637827
ABCG5,0.0011490848307157357
ABCG8,0.0059428575431990744
ABHD12,26.23663944062618
ABHD5,1.532622529187819
ABHD6,7.537397061194553
ABL1,16.490662097784682
ABL2,1.4689201539043721
ABO,0.5179196697592655
ACAA1,21.454724875640512
ACAA2,6.0694447460733345
ACACA,46.64857059590315
ACACB,0.2323729325778898
ACAD10,4.681446223374741
ACAD11,0.220601057036745
ACAD8,13.499534895876852
ACAD9,594.5579015059674
ACADL,0.4509730412123302
ACADM,6.502270972861097
ACADS,12.453292689679314
ACADSB,40.105787869748475
ACADVL,415.5838241506132
ACAT1,29.984838240578725
ACAT2,93.02429354379356
ACE,1.681055257414638
ACE2,0.5368358605239125
ACER1,0.0016083221694214367
ACER2,0.25297784560136133
ACER3,1.4074874976968526
ACHE,0.1577269540659253
ACLY,310.59771389923696
ACMSD,0.0065236331959082905
ACO1,16.278540803736945
ACO2,15.791264665588699
ACOT1,1.3264079144388288
ACOT11,1.3079974706226223
ACOT12,0.000667021670779311
ACOT13,6.583324017602723
ACOT2,2.9492342904519817
ACOT4,1.055913737037102
ACOT6,0.00497101358939826
ACOT7,107.07227623037446
ACOT8,17.28268658702322
ACOX1,4.056566189050459
ACOX2,0.38691170667741853
ACOX3,3.75663210486627
ACP1,10897.087029135137
ACP2,12.709186972979207
ACP4,0.0036202735317779565
ACP5,53.551341057847814
ACP6,17.36997737405956
ACP7,0.44999467512671487
ACPP,0.07754713776705473
ACSBG1,0.02713482816616708
ACSBG2,0.005793204692987582
ACSF2,36.426069102622336
ACSF3,2.607306716330804
ACSL1,41.33282128620676
ACSL3,4.163460333724577
ACSL4,1.6179700227328655
ACSL5,3.6384737007378924
ACSL6,0.08831554519516095
ACSM1,0.008707933828685873
ACSM2A,0.0585122933778039
ACSM2B,0.06320048198640206
ACSM3,0.08133649258564568
ACSM4,0.002223065030224123
ACSM5,0.38590455571506443
ACSS1,3.8331537212116302
ACSS2,63.50723082494345
ACSS3,1.6052603527989857
ACVR1,9.685292757708611
ACVR1B,3.066700055361513
ACVR1C,0.08247630126037547
ACVR2A,0.30861692537581226
ACVR2B,0.30525506112578815
ACVRL1,0.22308827094542133
ACY1,13.4637739457601
ACY3,4.976429665689097
ACYP1,10.044506384772957
ACYP2,3.6351610808308847
ADA,230.41169451803216
ADCY1,0.07502208757005627
ADCY10,0.2677539264575073
ADCY2,0.00011714616229418576
ADCY3,9.43473453305069
ADCY4,0.43953154629442076
ADCY5,0.03130407663480995
ADCY6,1.4991647391744682
ADCY7,5.699318825544553
ADCY8,0.10844658669179806
ADCY9,0.7674971489170602
ADH1A,0.013744802576588548
ADH1B,0.06769627719840342
ADH1C,50.27727342449807
ADH4,0.025218596435415006
ADH5,480.2950912298212
ADH6,0.0038211404662882044
ADH7,440.23457481896867
ADHFE1,5.177815289445375
ADI1,224.37402549701304
ADK,64.9278154062049
ADO,22.92766118568712
ADPGK,121.6084034380981
ADPRH,14.582892919441926
ADSL,560.407541949292
ADSS,237.25236852058475
ADSSL1,7.661182005939835
AFMID,40.68755404701741
AGA,54.40617358907414
AGK,9.217049114817224
AGL,0.23778922497834243
AGMAT,1.311505255568458
AGPAT1,0.7789927946383991
AGPAT2,67.92986639544853
AGPAT3,21.198685328938293
AGPAT4,0.16986815633517482
AGPAT5,3.1920288029009156
AGPS,56.23040337259845
AGT,0.05587797402271469
AGXT,1.1981950333722313
AGXT2,0.07273189725255508
AHCY,20517.323852385
AHCYL1,21.920119537425812
AHCYL2,2.0657591785870166
AICDA,0.02460038993500046
AK1,156.85941234599267
AK2,446.16032860404863
AK3,20.186105403279896
AK4,87.75829297394247
AK5,0.00021405443794256693
AK7,0.09204210824582307
AKR1A1,232.81538209991626
AKR1B1,64.38155662763646
AKR1B10,162.70012373445138
AKR1B15,1.6769018907509377
AKR1C1,5544.888350611126
AKR1C2,1204.7417985567872
AKR1C3,3111.4153520807777
AKR1C4,1.3386395253517565
AKR1C8P,0.3354345050980549
AKR1D1,3.5763124860476507
AKR7A2,86.02710468314719
AKR7A3,1.9844854160398346
AKT1,4.447743590463775
AKT2,3.103773424500996
AKT3,0.6206641655255258
ALAD,169.01910242387734
ALAS1,19.855244228175437
ALAS2,0.002989621984874876
ALB,70.0017793015632
ALDH18A1,216.43321405328166
ALDH1A1,7.525725031063222
ALDH1A2,0.037074699322668284
ALDH1A3,78.42747455713959
ALDH1B1,11.292228036080463
ALDH1L1,8.782198146146296
ALDH1L2,0.23482933370635417
ALDH2,1996.677503310863
ALDH3A1,685.2185800301792
ALDH3A2,149.2200306711983
ALDH3B1,1.9914388247567691
ALDH3B2,2.119317637341712
ALDH4A1,10.454018475756808
ALDH5A1,4.4682295062394495
ALDH6A1,0.4969767807762469
ALDH7A1,3.319084884449811
ALDH9A1,747.0377796927559
ALDOA,4996.608592512124
ALDOB,0.0013723589998634786
ALDOC,647.4339779419181
ALG1,0.6361093519965896
ALG10,1.599355111028162
ALG11,0.38084488425201396
ALG12,12.487421756991536
ALG13,5.443739548472343
ALG14,6.760617387347255
ALG1L,5.254685122346444
ALG1L2,0.04697639122341267
ALG2,54.131360531884475
ALG3,5.125682928751004
ALG5,30.771465353637296
ALG6,2.737705246705034
ALG8,16.186224917842658
ALG9,1.0803274514354093
ALK,0.019634750154922262
ALLC,0.00804174624311728
ALOX12,9.042479108942008
ALOX12B,0.3664423221535163
ALOX15,0.01616808391794111
ALOX15B,0.003201280702099444
ALOX5,8.278614850075417
ALPG,2.1334538652401167
ALPI,0.09522613776587274
ALPL,35.43629867205527
ALPP,0.0003912743539461588
AMACR,31.77843354746578
AMD1,46.86494522110737
AMDHD1,0.022560636162844414
AMDHD2,1.7686022537044246
AMFR,0.2452732385562772
AMHR2,0.06348622862741445
AMN,2.459204088262117
AMPD1,0.11167496795558433
AMPD2,7.158397410425832
AMPD3,12.118047459728222
AMT,1.4534928246961438
AMY1A,0.00013102136156482682
AMY1B,2.6438139326066277
AMY1C,2.6438139326066277
AMY2A,0.0889939016823485
AMY2B,0.19135242907359895
ANAPC11,309.47367421557965
ANGPTL4,3.6306445853309093
ANKRD1,0.019400296952866377
ANPEP,0.42737553263878175
ANXA3,112.15697641343172
AOAH,0.1995118271563509
AOC1,0.022327631781835014
AOC2,0.29395632289059126
AOC3,0.1172994616523175
AOX1,0.011059031868577755
APOA1,0.016106764115440136
APOA2,180.33762034675766
APOA5,0.11645175048604357
APOB,0.00028882299633736953
APOC1,86.52174739001264
APOC2,27.211319250515267
APOC3,46.87519708233557
APOE,1821.7722737859688
APRT,1278.830739852502
AQP1,2.338016856757749
AQP10,0.14488461045604384
AQP2,2.053743019254548
AQP3,34.1756389985719
AQP4,0.00044910604962038794
AQP5,0.025078976908179812
AQP7,0.0013043576596550117
AQP8,0.0797973813681842
AQP9,0.20876398993839787
ARAF,1.2655253791821732
ARCN1,144.315269182525
ARG1,0.001010664677746129
ARG2,3.369208674943467
ARSA,11.371208822873163
ARSB,0.7954288162057676
ART1,12.508037072622695
ART3,0.008569823450840324
ART4,0.6605953935056178
ART5,0.0197127370131417
AS3MT,0.041389587306551845
ASAH1,55.33669141657691
ASAH2,0.008576028761301155
ASH1L,0.011843926747290756
ASL,156.91619607574532
ASMT,0.0566304971118221
ASNS,359.3278148001471
ASPA,0.0010236155123031802
ASPG,0.03510308370838962
ASPH,388.04217162284056
ASRGL1,0.521618602518017
ASS1,866.7076401283051
ATE1,1.296350362154739
ATIC,759.8072931429384
ATM,0.3517971297516465
ATP10A,0.06698750445265934
ATP11A,2.775429731743589
ATP11C,1.6885678790121887
ATP1A1,76.55134222164874
ATP1A2,0.0007598838692026773
ATP1A3,0.40928549211859505
ATP1A4,0.001215369826525751
ATP1B1,1121.9392012676917
ATP1B2,0.016331158043604938
ATP1B3,239.66033442034188
ATP1B4,0.0005113335232544674
ATP2B1,2.7602247455107234
ATP2B2,0.0012684193927057752
ATP2B3,0.0008811087158835027
ATP2B4,16.748142670510823
ATP4A,0.0007846159708413978
ATP4B,0.2703572249398832
ATP5F1A,124.53265572432873
ATP5F1B,167.30632217246165
ATP5F1C,21.50971022167614
ATP5F1D,155.46511749348954
ATP5F1E,125.55773209538297
ATP5MC1,4.311892001287344
ATP5MC2,2.868050998110428
ATP5MC3,5.997867959791037
ATP5ME,117.38991896387836
ATP5MF,1.481717785000078
ATP5MG,179.57272888452187
ATP5MGL,23.718922705117464
ATP5PB,5.524565248774745
ATP5PD,6.7181129554220975
ATP5PF,4.959033242795014
ATP5PO,42.13932100131758
ATP5S,0.3354345050980549
ATP6V0A1,1.582499808131382
ATP6V0A2,0.31812742835717084
ATP6V0A4,1.4355916693686774
ATP6V0B,234.7360923631738
ATP6V0C,449.2843795555842
ATP6V0D1,228.48519277693592
ATP6V0D2,0.22798636314944093
ATP6V0E1,1085.6439200232523
ATP6V1A,188.98145232291517
ATP6V1B1,10.787623663952576
ATP6V1B2,347.4135375231631
ATP6V1C1,18.69329847376035
ATP6V1C2,5.331302957676793
ATP6V1D,41.034225852159004
ATP6V1E1,138.19088057256613
ATP6V1E2,1.0836601141968851
ATP6V1F,44.543299258704
ATP6V1G1,42.281137419998245
ATP6V1G2,0.0007297452854837258
ATP6V1G3,0.008814314101494646
ATP6V1H,25.861725694205575
ATP7A,0.4030103294385959
ATP7B,1.0386196318272498
ATP8A1,0.0603545373962893
ATP8B1,4.865685383736431
ATP8B2,1.7211081510762485
ATR,0.04222528034529509
AUH,2.4009969132581848
AURKA,0.4468887935798293
AURKB,17.58278008616414
AURKC,1.6402273681286792
AWAT1,0.0633604788899994
AWAT2,0.037809507662185896
AXL,0.028604519509460177
AZIN2,0.7963414524148358
B3GALNT1,4.71109753369374
B3GALNT2,7.245121979197826
B3GALT1,0.0005882235246134707
B3GALT2,0.0021666198033969647
B3GALT4,0.43321358344044353
B3GALT5,0.00029029136760968697
B3GALT6,20.777832683683503
B3GAT1,0.0007544320745007301
B3GAT2,0.0019232074243300905
B3GAT3,34.48262805389219
B3GLCT,0.7866139610071975
B3GNT2,13.856433099212511
B3GNT3,7.609051404776379
B3GNT4,0.09112784665541195
B3GNT5,28.371022219982745
B3GNT6,0.0004792197857849366
B3GNT7,7.600711380156545
B3GNT8,2.159225288695708
B3GNT9,2.2192733017171893
B3GNTL1,5.929776785736787
B4GALNT1,0.5342899970459062
B4GALNT2,3.56420726991732
B4GALNT3,8.739213275832622
B4GALNT4,19.737665756019748
B4GALT1,57.85194813823914
B4GALT2,51.875044650311025
B4GALT3,42.018355700021715
B4GALT4,24.53131616651893
B4GALT5,220.5533953394345
B4GALT6,0.4801932944293827
B4GALT7,47.487868297089534
B4GAT1,2.277812689362301
BAAT,0.0002890917574891185
BARD1,0.19537382844099424
BBOX1,25.0450963894112
BCAP31,3212.1825473095764
BCAT1,0.25886071354064827
BCAT2,132.4615934224059
BCHE,0.5001927752370716
BCKDHA,7.51178894506704
BCKDHB,1.967277656414802
BCKDK,18.1495731201083
BCO1,0.06461878427195712
BCR,0.689533855617917
BDH1,7.497709657702729
BDH2,1.0895795941340485
BHMT,0.005000048486438925
BHMT2,0.0021785532440801907
BIRC6,2.725094705716975
BLK,0.017031225701726816
BLVRA,1334.6128114935177
BLVRB,6640.3445305691785
BMP1,5.981976567787049
BMP2K,0.1117872021794867
BMPR1A,12.842268250112353
BMPR1B,0.08515645128621824
BMPR2,1.7054984314470614
BMX,0.014232915129641647
BPGM,5.668912970896576
BPNT1,31.43112992622928
BRAF,0.35286143101072454
BRAP,0.131519295110987
BRPF1,2.0636254258789264
BRSK1,2.0831855942965904
BRSK2,0.005523754057046847
BSCL2,0.418224798176622
BSG,65.76568374825547
BTD,1.8627749014383812
BUB1,18.56534744574275
BUB1B,0.7059370547535022
C1GALT1,4.335170179461758
CA1,0.3354345050980549
CA12,158.42092349661422
CA13,1.8916342100187655
CA14,0.08870152819741928
CA2,22.138549895886108
CA3,0.00080331621158872
CA4,0.0014759090661400948
CA5A,0.08417582761312976
CA5B,0.10180951641096181
CA6,10.425839500790367
CA7,0.0020396111542010284
CA8,2.359190700135417
CA9,12.24828978083028
CAD,77.00020897544262
CALM1,101.84568508910316
CAMK1,4.284006818746473
CAMK1D,2.2490416339584813
CAMK1G,0.020512388929267805
CAMK2A,0.06516014803925445
CAMK2B,0.11770987981520653
CAMK2D,134.13274480959765
CAMK2G,10.548090945059048
CAMK4,0.06137278813286255
CAMKK1,4.314018608936963
CAMKK2,5.743942632797754
CANT1,36.36466583386818
CARM1,11.966107992010853
CARNS1,0.05100005351627997
CARS,20.58019726147213
CARS2,39.93331853032357
CASK,36.845327069985736
CAT,251.3319349304187
CBLC,75.20288572974073
CBLL1,2.521362966129431
CBLL2,0.027434690025870352
CBR1,164.7662794560266
CBR3,368.04664773539906
CBR4,35.40046842185999
CBS,16.104321203474782
CBSL,0.3354345050980549
CBX1,232.32223278175107
CCNB1IP1,15.373699970054977
CD36,0.3355763585606689
CD38,0.11121004677635507
CDA,86.66289159659247
CDC14A,0.07026878128903416
CDC14B,0.8144720291440453
CDC25A,2.705700648001153
CDC25B,81.1782358415915
CDC25C,2.1491793552385707
CDC34,7.454598925700766
CDC42BPA,0.9279142176202241
CDC42BPB,0.7027589047432649
CDC42BPG,3.19261759430642
CDC7,1.4890148851094567
CDIPT,86.24813288175258
CDK1,72.98105964239751
CDK10,38.12709848677975
CDK11A,5.988780445804886
CDK11B,15.867674344070428
CDK12,7.4093536514236655
CDK13,9.052660143815627
CDK14,0.36342298670734596
CDK15,0.000977135435081772
CDK16,57.14941159739194
CDK17,2.21378949619951
CDK18,18.618687534353057
CDK19,1.3679772864200073
CDK2,11.31536443797523
CDK20,1.594351640155469
CDK3,1.5727061588340354
CDK4,17.745134551628087
CDK5,22.44079029327217
CDK6,6.123106230959675
CDK7,49.482712948599094
CDK8,4.260718311326099
CDK9,47.82646569425245
CDKL1,0.3117144156360361
CDKL2,0.21951206267652235
CDKL3,0.06054333436573246
CDKL4,0.044389833205199104
CDKL5,0.0039633036191762255
CDKN3,34.46163857232022
CDO1,0.006836500132897912
CDS1,3.510898069444714
CDS2,1.3084580187608004
CDY1,0.256335927830294
CDY1B,0.256335927830294
CDY2A,0.04923577690024244
CDY2B,0.04923577690024244
CEL,540.5487461847454
CEPT1,4.281158682309087
CERCAM,54.88953060480419
CERK,7.7505641665565115
CERS1,0.0176607889019218
CERS2,162.50398036136687
CERS3,0.5364662053468676
CERS4,74.60285851567072
CERS5,22.98827152391976
CERS6,6.928138231865093
CES1,961.3620861190088
CES2,5.337849407015393
CES3,4.313116023646632
CES5A,0.008265047777189111
CFTR,0.34868724272974283
CH25H,0.11754791142375877
CHAT,0.05434846867038079
CHD9,1.066244432628624
CHDH,0.35617196572652327
CHEK1,0.9823282308428066
CHEK2,12.629894591638307
CHFR,6.3384881388953165
CHI3L1,288.42565452576116
CHIA,0.0008496295805591008
CHIT1,1.5441967713766258
CHKA,4.677192974684354
CHKB,0.05568162054268444
CHMP4A,53.96195588057514
CHPF,58.91966325283729
CHPF2,17.86344339545677
CHPT1,14.233726593988491
CHST1,5.104112704102999
CHST10,7.3328139292670205
CHST11,2.1179950375280234
CHST12,28.877540209424957
CHST13,0.1283437524671125
CHST14,2.2929205879410723
CHST2,5.406898525643487
CHST3,11.081719055992341
CHST4,0.14775662280429724
CHST5,0.0896219924603761
CHST6,2.4332386127866306
CHST7,2.7576708712671074
CHST8,0.032071621246462796
CHST9,0.002531073228500063
CHSY1,12.184282561606699
CHSY3,0.04192423540711358
CHUK,0.7555098538628096
CHURC1-FNTB,3.2507362769424972
CIDEA,0.3261466052049245
CINP,1.612954405952028
CIT,2.060471672531969
CKB,48.36456370348351
CKM,0.009118781335412671
CKMT1A,77.68663520931393
CKMT1B,71.99382262039735
CKMT2,0.8919925845394381
CLC,0.017603355627226286
CLCF1,1.6944668733618975
CLK1,0.700261193295574
CLK2,43.50092437257238
CLK3,2.2773264813904452
CLK4,0.2545590939289002
CLOCK,0.5282018068221805
CLPS,0.009228328071322666
CLTRN,0.5786685643266595
CLYBL,0.6051776601101725
CMA1,0.0025941153464126543
CMAHP,0.22807693462500708
CMAS,220.44993081773717
CMPK1,681.4838680181008
CMPK2,0.6483753123267882
CMTR1,4.115778316984253
CNDP1,0.03292246943606883
CNDP2,67.85461849541774
CNOT4,1.8819846734818644
CNP,70.00087754679936
COASY,1745.4247468227557
COL4A3BP,0.7025477068363453
COLGALT1,4.827811645801103
COLGALT2,0.08819212596505183
COMT,127.00932752395674
COMTD1,2089.5095548915833
COP1,0.4785008438550989
COPA,166.34623111080762
COPB1,376.51698429932424
COPB2,115.49467627378951
COPE,766.6997465036885
COPG1,269.0147502663051
COPG2,103.33223154655312
COQ2,13.307100191112454
COQ3,7.033840123405043
COQ5,2.078741501523798
COQ6,6.64740054621312
COQ7,0.23918424426055343
COX1,7.766401376158287
COX17,236.3540059175115
COX2,5.3369352212394165
COX3,0.33446363282071023
COX4I1,1665.9673007160302
COX4I2,1.0949864087176695
COX5A,929.6735015967517
COX5B,1859.732756163744
COX6A1,25.792018586000346
COX6A2,2.1594511708694366
COX6B1,321.90316450219564
COX6B2,10.848304201236427
COX6C,482.2211021943206
COX7A1,0.5877915128279649
COX7A2,73.72582749085358
COX7A2L,645.6443783838821
COX7B,2278.9082042944806
COX7B2,0.012186173874824954
COX7C,506.6155842427534
COX8A,1281.0059545949582
COX8C,0.7410518340738615
CP,0.4353291117632151
CPA1,0.002970311577009363
CPA2,0.0059657039466476615
CPA5,0.008543363737337203
CPA6,0.40175423308678915
CPOX,99.93067897560852
CPS1,0.3708291447289523
CPT1A,0.21492336995973285
CPT1B,0.2031408130485575
CPT1C,0.9056209928717929
CPT2,55.05954468385154
CRAT,19.24779907843635
CREBBP,0.08465921153011774
CRLS1,5.631946827603874
CROT,13.5783145897448
CS,2671.5960404325256
CSAD,4.245465921401544
CSF1R,2.5788655964336096
CSGALNACT1,0.12136568870534525
CSGALNACT2,2.8448118958879336
CSK,139.6882636325838
CSNK1A1,59.683421107019306
CSNK1A1L,0.04902285586645351
CSNK1D,145.32265870709912
CSNK1E,2.2874514102087593
CSNK1G1,3.28904251360419
CSNK1G2,61.42770696349115
CSNK1G3,2.43856864440723
CSNK2A1,301.7745973594338
CSNK2A2,202.26528551894697
CSNK2B,63.56682742031004
CTBP1,130.04990642529265
CTDP1,1.0641348663438746
CTDSP1,37.16879104173204
CTDSP2,22.048010090168784
CTDSPL,3.1368419135357803
CTDSPL2,2.1398026606828155
CTGF,0.3354345050980549
CTH,0.42537162603577927
CTPS1,0.2774814774265704
CTPS2,5.708609116974379
CTSA,208.05077666744523
CTSB,11857.959494631317
CTSC,86.4803211589816
CTSD,1095.277047162161
CTSE,0.09280340218325052
CTSF,13.023367832902057
CTSG,0.03489636288068197
CTSH,1185.3960865972
CTSK,6.111817254420107
CTSL,22.309476873829027
CTSO,3.7761670592992855
CTSS,19.53214912942929
CTSV,0.5139622638412911
CTSW,0.5133387129960051
CTSZ,27.20647140768867
CUBN,0.0005113022669447487
CWC27,11.333343004737497
CYB5D1,2.320323920277086
CYB5R1,61.24489195633002
CYB5R2,15.54521686266119
CYB5R3,1266.8697368518035
CYBB,2.969563534420148
CYBRD1,9.486167029252757
CYC1,888.5966808608509
CYLD,1.2795497811274315
CYP11A1,0.1005735308619811
CYP11B1,0.8426372984421979
CYP11B2,0.00037793196739409384
CYP17A1,0.0020062823598632315
CYP19A1,0.004977441190367155
CYP1A1,0.03552277191219149
CYP1A2,0.0003447320219125913
CYP1B1,3.4780840555910384
CYP21A2,0.025143952230601695
CYP24A1,76.82693961094499
CYP26A1,0.06249272703737048
CYP26B1,0.09266933460022297
CYP27A1,56.109177648281346
CYP27B1,0.12427829669637264
CYP2A13,0.003960018846660152
CYP2A6,0.10805671897136379
CYP2A7,0.0014919134312177547
CYP2B6,0.06389413076175088
CYP2C18,0.015389415515039948
CYP2C19,0.0010337692623795186
CYP2C8,0.000650261331921408
CYP2C9,0.13627582512980346
CYP2D6,5.335626849548598
CYP2E1,0.006521730234413743
CYP2F1,0.002077198541020588
CYP2J2,1.2443618814554467
CYP2S1,104.62813827072367
CYP2U1,0.6314314828579608
CYP39A1,0.28149226296147956
CYP3A4,0.16992399508159514
CYP3A43,0.0016180762698884156
CYP3A5,0.13949849018793678
CYP3A7,0.15747794336040138
CYP46A1,0.04594610696104885
CYP4A11,0.00230293649019937
CYP4B1,0.2325771179783191
CYP4F11,20.13761909356685
CYP4F12,4.609153578964661
CYP4F2,0.15190044210858614
CYP4F22,0.023334274783736435
CYP4F3,17.109189610674523
CYP4F8,0.04816827304550529
CYP4V2,2.4667225825988512
CYP4X1,13.847632697268176
CYP4Z1,0.08223929299897938
CYP51A1,170.7734826990822
CYP7A1,0.0003896870018384479
CYP7B1,0.4394646146666134
CYP8B1,0.0006739307947054518
CYTB,10.283962318241796
DAD1,623.4328351666877
DAGLA,1.6176937511381684
DAGLB,26.768697169827593
DAO,1.8577966562707513
DAPK1,0.38927161304903446
DAPK2,5.998358678777555
DAPK3,5.686925033683686
DARS,7102.362696004218
DARS2,22.366496262274
DBH,0.06492341821694937
DBI,509.9145175032438
DBT,0.7928857711963962
DCK,5.84071134706441
DCLK1,29.960665949003626
DCLK2,0.3194579549151911
DCT,0.45229416967959896
DCTD,21.561066306858116
DCTPP1,57.22340393080223
DCXR,285.16360347250156
DDAH1,7.956060345482512
DDAH2,7.402298014592614
DDC,0.0036382966369681996
DDO,0.3509755779790342
DDOST,904.2493965996423
DDR1,34.67371770260528
DDR2,2.8871489423034267
DECR1,115.83340747330247
DECR2,26.749380867552446
DEGS1,13.140575104973985
DEGS2,1.9534885849613868
DERA,115.56454524604476
DGAT1,18.140888170214904
DGAT2,3.551123404627056
DGKA,14.582612091259683
DGKB,0.0004739452339841151
DGKD,1.5543954872397088
DGKE,1.844495959376953
DGKG,0.39269503572644926
DGKH,0.264546204983456
DGKI,0.0038557097176726155
DGKQ,4.58261157358791
DGKZ,25.132035824137805
DGUOK,94.1334823360527
DHCR24,25.679800398039774
DHCR7,104.57924469245903
DHDH,2.240661136640961
DHFR,232.20750840198835
DHODH,3.3615108416457153
DHRS2,0.15809731390383538
DHRS3,427.7937433619005
DHRS4,204.00019629319684
DHRS9,0.6706310724353264
DIO1,0.0009725063471691476
DIO2,0.8121210158444299
DIO3,0.05591819648065682
DLAT,336.049802206396
DLD,841.1863114704313
DLST,100.42934511231937
DMGDH,0.00035193304423096483
DMPK,46.25557224845546
DNAJC6,0.06256918771574944
DNMT1,10.516307530672746
DNMT3A,11.796005399075053
DNMT3B,4.540862593662152
DNMT3L,0.03798289307998578
DOLPP1,11.806574231144559
DOT1L,3.8000740668288207
DPAGT1,13.262861251403105
DPEP1,0.0020656360907541855
DPEP2,0.051920243417993686
DPEP3,0.002232401357405417
DPH5,54.41005957386915
DPM1,1943.4424946746433
DPM2,43.41649649611134
DPM3,57.45398067850282
DPYD,2.32213239831625
DPYS,0.006346577300318149
DPYSL2,212.79663187999637
DPYSL3,25.93965259245265
DSTYK,2.9896448524717796
DTYMK,46.068488948912496
DUOX1,10.967800834355165
DUOX2,0.7844603362813466
DUPD1,0.11783200419515537
DUSP1,73.67758783022674
DUSP10,1.2122586155506043
DUSP11,27.84068516118684
DUSP12,9.86091908119543
DUSP13,0.568107973501727
DUSP14,3.236418592423337
DUSP15,1.3517931803674827
DUSP16,13.295060256770629
DUSP18,0.5497882634661223
DUSP19,0.18816618520963654
DUSP2,3.977113821353299
DUSP21,0.08186674790155296
DUSP22,9.350871878660522
DUSP23,257.7757212657732
DUSP27,0.19340183535026034
DUSP28,0.5603962042193525
DUSP3,278.688820040872
DUSP4,0.4584589898801751
DUSP5,4.865154279770683
DUSP6,3.6956254711396053
DUSP7,36.370333739083435
DUSP8,0.34511852244682484
DUSP9,3.9424727163696325
DUT,493.00883895923903
DYRK1A,6.345117155392015
DYRK1B,20.78531361370383
DYRK2,0.8490590130774579
DYRK3,2.1097723433453526
DYRK4,45.120136050514475
DZIP3,0.9251213957939567
EARS2,1.048178294395265
EBP,2649.7476806718905
ECH1,1021.5193532889305
ECHDC2,37.276980098907735
ECHS1,243.35226353438924
ECI1,85.82392138250266
ECI2,27.27515574296165
EGFR,2.481865026286768
EHHADH,4.004306985454533
EHMT1,0.9526803798494077
EHMT2,0.21761651386401287
EIF2AK1,223.15018309840795
EIF2AK2,35.92690563762849
EIF2AK3,4.049308708166951
EIF2AK4,0.4798482318678487
EIF4EBP3,7.094137772903103
ELOVL1,8.505719579121319
ELOVL2,0.4498812768535091
ELOVL3,0.20116869219727482
ELOVL4,3.5968119105467204
ELOVL5,5.553959180055129
ELOVL6,14.5714980682618
ELOVL7,0.778494370033848
ELP3,1.411893850408625
ENGASE,25.610926408095555
ENO1,2390.791748767369
ENO2,123.84329604676955
ENO3,87.67632213923282
ENOPH1,183.14955244358876
ENPP1,0.17460875782770674
ENPP2,0.3085836219176821
ENPP3,0.787354720512986
ENPP6,0.003364525491001087
ENPP7,0.2621620114119895
ENTPD1,0.638333145419169
ENTPD2,0.6652622238886607
ENTPD3,0.9246090079844297
ENTPD4,8.615839790648353
ENTPD5,0.5211899236014499
ENTPD6,88.27381839766682
ENTPD8,0.04487362461158688
EP300,0.8702517562895662
EPHA1,2.8823553215257793
EPHA10,0.23681659589162818
EPHA2,1.785128172193241
EPHA3,0.00011406064341267999
EPHA4,1.134518986288804
EPHA5,8.988021596342504e-05
EPHA6,0.0006123836884138523
EPHA7,0.21609787458153887
EPHA8,0.015989605505915272
EPHB1,0.0032777375976368876
EPHB2,0.5473326309922246
EPHB3,10.432456423064608
EPHB4,0.6651574355359219
EPHB6,1.0505837692118019
EPHX1,621.3335521766995
EPHX2,7.071107826560605
EPM2A,0.16140858013824294
EPRS,33.703260979860914
EPX,0.0158824001892729
ERBB2,0.6339868749800116
ERBB3,3.6376215128801914
ERBB4,0.11127809041218373
ERN1,0.15684312490683716
ERN2,0.002913623498802646
ESD,1029.5268012092538
ETFA,5479.560402480964
ETFB,7922.171373196425
ETFDH,10.95049429543303
ETNK1,7.5707549991809735
ETNK2,6.870214261981204
ETNPPL,1.3663166774328985
EXT1,95.76278671438583
EXT2,69.13309319510871
EXTL1,0.013674921670266437
EXTL2,1.7376849668269077
EXTL3,5.3965244508900065
EYA1,0.0049059290304074715
EYA2,171.1785408678632
EYA3,0.6792580351116808
EYA4,0.9973481096982774
EZH1,8.555987824569486
EZH2,0.14147157422911136
F13A1,0.5020154627633984
F13B,0.952082265681838
F2,0.0006568793776238172
FAAH,9.318218882317318
FAAH2,3.4601503592391962
FABP1,53.54695633547291
FABP12,0.006381629309427455
FABP2,2.0423800119197857
FABP3,0.2725119824854424
FABP4,5119.324113619861
FABP5,4373.104951290384
FABP6,163.19896473529172
FABP7,0.0018215614325368236
FABP9,0.05251314799731271
FADS1,27.483428325200332
FADS2,17.742143172391103
FADS3,0.7985769302155737
FADS6,2.28261679164971
FAH,160.77992522322205
FAM20B,16.66952153332025
FANCL,11.521995600145837
FAR1,68.4010557875477
FAR2,0.6675797985340951
FARS2,1.3181635551360864
FARSA,1360.508753631749
FARSB,3.386516964984834
FAS,0.08008262380222093
FASN,229.34917809003255
FASTK,122.35469191776244
FAXDC2,0.014854582046724449
FBP1,6.29616993411739
FBP2,0.1431857920406059
FDFT1,412.4586886674326
FDPS,796.2370118374337
FDXR,25.331910790775403
FECH,3.6269770841894537
FER,0.30153935738361204
FES,0.7183056027426179
FGA,6.990622680771628
FGFR1,1.2206378387861554
FGFR2,8.130122828331853
FGFR3,59.78682506570518
FGFR4,2.4342937592801657
FGGY,2.4249417435287524
FGR,1.606669866235737
FH,742.9405136907375
FHIT,1.0832286970390501
FHL2,25.7766211697583
FIG4,1.936057810191022
FITM1,0.030960079179519588
FITM2,1.6022845882795533
FKBP10,74.37510205170707
FKBP11,11.193710633063578
FKBP14,2.158611984773645
FKBP1A,367.5101134194411
FKBP1B,4.719092445854609
FKBP2,612.6576863015873
FKBP3,1240.1065469344112
FKBP4,1616.6848227333012
FKBP5,1.3686201235853257
FKBP6,0.06493286563410418
FKBP7,4.102411094786815
FKBP8,38.22709997835042
FKBP9,99.6856989956251
FKBP9P1,0.3354345050980549
FLAD1,18.475456261880794
FLT1,0.18553196940527988
FLT3,0.0026713042194043777
FLT4,0.08765512142187591
FLVCR1,6.741976307386175
FMO1,0.28532070755404737
FMO2,212.78671433388473
FMO3,2850.7935286028346
FMO4,6.7441425859034245
FMO5,0.2350403639282831
FMO6P,2.8984034182858656
FN3K,64.98462410948548
FN3KRP,65.7660599224765
FNTA,68.72150435041283
FNTB,0.025017646554657075
FOLR1,1.720413434477612
FOLR2,0.1030616217284023
FOLR3,0.03975636519129749
FOSL1,9.576056022537214
FPGS,2.1268217716720685
FPGT,1.5721181531629045
FRK,0.2801959236126499
FRMPD2,0.018686451624639576
FTCD,0.008355000698573624
FTMT,0.0022137943259094026
FUCA1,20.143711850069547
FUCA2,14.60853749705126
FUK,3.428809289801535
FUT1,1.4301615528206526
FUT10,0.48409624289121106
FUT11,1.2204854818206934
FUT2,9.757374602165367
FUT3,8.904218625943551
FUT4,0.25270474494104
FUT5,0.0164655571274585
FUT6,0.012877934524039018
FUT7,0.01662279322409549
FUT8,0.684541822107964
FUT9,0.0003333954530281749
FYN,8.738795653130085
G0S2,19.020760795563582
G6PC,0.2573661812362027
G6PC2,0.00035226637872706794
G6PC3,74.20844927367625
G6PD,2924.092569107694
GAA,116.42235973989953
GAD1,4.065131055112499
GAD2,0.03730519390911924
GAK,2.4572742351248857
GAL3ST1,0.0021366830409964735
GAL3ST2,1.357426854072075
GAL3ST3,0.10515018051485577
GAL3ST4,0.5920839904813571
GALC,2.5377469938803445
GALE,88.11109746049232
GALK1,374.37317885702845
GALK2,52.09371485625653
GALM,13.622835600361338
GALNS,29.201625283476734
GALNT1,31.570671583524025
GALNT10,0.121002601027999
GALNT11,15.681852888659172
GALNT12,3.6185026071170356
GALNT13,0.006112239281818907
GALNT14,47.76254252211317
GALNT15,0.0116113720313577
GALNT2,127.91335289086514
GALNT3,29.524212830551896
GALNT4,0.005144038792338384
GALNT5,0.9053997748471129
GALNT6,8.501220792406759
GALNT7,0.6100142225762222
GALNT8,0.006294604130728849
GALNT9,0.32974164526381466
GALNTL5,0.43999999999999995
GALT,11.981439450018295
GAMT,29.395655692442887
GANC,1.9672159167126164
GAPDH,94436.39100159147
GAPDHS,1.2172619975887593
GARS,384.3462263101001
GART,109.96813981234885
GATM,2.5883338661947146
GBA,10.381704477699676
GBA2,11.173882807680556
GBA3,0.3354345050980549
GBE1,7.752511232557226
GBGT1,0.9191707516248081
GC,0.1128901827185453
GCAT,88.52484846173994
GCDH,11.652017724578041
GCH1,2.221735215587368
GCK,0.0017562138387858506
GCLC,108.82672164751885
GCLM,109.66608956631501
GCNT1,0.1279124673196547
GCNT2,4.846912635101713
GCNT2P,0.3354345050980549
GCNT3,7.140436257018021
GCNT4,0.025510903901314635
GCNT7,0.015588580460091551
GCSH,0.8986072182455008
GDA,0.03205838683929908
GDE1,15.880610699558178
GDPD2,0.008468518269424513
GFPT1,151.19439659271978
GFPT2,7.3991001665203475
GGCT,384.12878046390256
GGH,79.54984731550888
GGPS1,483.15148198352455
GGT1,15.030521390361317
GGT2,1.2557625587889092
GGT3P,0.3104476850400286
GGT5,1.057147798900458
GGT6,11.325920973553501
GGT7,15.645006362289333
GGTLC1,0.11804748016342483
GGTLC2,0.6561261081962018
GIF,0.3354345050980549
GK,1.2235055647004227
GK2,0.9456388863331135
GK3P,0.021159099441075517
GLA,45.99213682544295
GLB1,23.23232562514015
GLB1L,0.4678233934139982
GLCE,0.350371251659892
GLDC,0.01476175893079075
GLIPR1,0.7258391018793305
GLO1,2145.1127964799343
GLRX,87.78233364279487
GLRX2,12.24646919924218
GLS,85.14107127702125
GLS2,0.30084822447278053
GLT6D1,0.06930364432416915
GLT8D1,1.108100513834511
GLT8D2,0.1753404886490654
GLTP,25.936809252063835
GLUD1,1482.097971212078
GLUD2,57.63676371712237
GLUL,76.03999398039136
GLYAT,26.66571856032572
GLYCTK,0.33615559727941213
GM2A,108.843959007589
GMDS,103.45869449267882
GMPPA,17.39386419827315
GMPPB,163.04728327930886
GMPR,1.190396371730495
GMPR2,35.05884980222922
GMPS,366.24493614531434
GNE,3.7272382855615684
GNMT,0.10308508601015762
GNPAT,43.64784233515662
GNPDA1,39.792966105510814
GNPDA2,3.0036367458703026
GNPNAT1,53.34422917895592
GNPTAB,5.228677783750591
GNS,13.861952212007903
GOT1,3464.3413406554664
GOT2,2067.8387818435745
GPAA1,150.9667593479116
GPAM,0.09833277889262555
GPAT2,0.2049588602800253
GPAT3,0.6582069289240687
GPAT4,1.352005973421296
GPCPD1,15.184374784273666
GPD1,0.018304164299915725
GPD2,101.82001394966898
GPHN,7.276630259209177
GPI,5559.577289569629
GPIHBP1,0.025668779969357812
GPLD1,0.029381649035428083
GPT,1.6396022193265882
GPT2,3.9226724729009046
GPX1,149.45235702269193
GPX2,554.3495470339989
GPX3,631.3301695924788
GPX4,221.9569167689492
GPX5,0.793289329058847
GPX6,2.01032323162201
GPX7,26.4621696374796
GPX8,4.687393927150415
GRHL1,3.7335909041316184
GRHPR,121.62176257390311
GRK1,0.012818279120013007
GRK2,4.014622265826703
GRK3,1.2623639556998993
GRK7,0.013790764651663881
GSR,431.1821013195882
GSS,844.4417354092321
GSTA1,91.32265364888849
GSTA2,0.09010481489841461
GSTA3,0.2824423300379767
GSTA4,164.98422292504645
GSTA5,0.6406841110733175
GSTK1,94.60120531801468
GSTM1,0.212799391206156
GSTM2,5.47427787156701
GSTM3,110.79742300835983
GSTM4,10.628107801106024
GSTM5,3.025439980650229
GSTO1,1133.8031270223523
GSTO2,17.79631328026661
GSTP1,10998.280193526467
GSTT1,0.0016706747241142846
GSTT2,1.989756941251437
GSTZ1,14.21575812650452
GTF2F1,5.894144747264038
GTF3C4,0.5162171856739157
GUCA1A,0.005372051627929458
GUCY1A1,2.9663227089166733
GUCY1A2,0.0065418316603666395
GUCY1B1,1.0453859436592674
GUCY1B2,0.3174793970719584
GUCY2C,1.0085418800021113
GUCY2D,0.06045071659959546
GUCY2F,0.13808747592085474
GUK1,422.58518854641216
GUSB,4.348285336657946
GYG1,35.15422670965164
GYG2,6.515873677114463
GYS1,79.6832195798571
GYS2,0.003598961991112185
H6PD,18.251176090728308
HAAO,13.614670393836143
HACD1,0.6699772991826155
HACD2,3.095013644366691
HACD3,4.330319334841662
HACD4,0.5979568033382378
HACE1,0.4664430976182033
HACL1,2.5215067075948885
HADH,991.2840163417004
HADHA,1001.367771704961
HADHB,114.59448781010899
HAGH,53.35232907634477
HAGHL,8.140021973917065
HAL,0.0017026046702092253
HAO1,0.19763453007540133
HAO2,2.123937704953015
HARS,184.4471646919988
HARS2,22.741452805383204
HAS1,0.8231473947483053
HAS2,0.046037698645251396
HAS3,37.05913313529823
HAT1,175.45197518743572
HCCS,9.549469241287374
HCK,9.685686861260209
HCST,13.665473443993282
HDAC3,1.046015823280633
HDC,0.1326917662460737
HDLBP,94.43214018393951
HECTD1,2.3607404996588115
HECTD2,0.301825529708183
HECTD3,1.109881464187456
HECW1,0.0312160916238131
HECW2,0.10686425178022345
HELZ2,0.16199531088786426
HEPH,0.06184547334743111
HERC1,0.20722985181074768
HERC2,0.11589629300440571
HERC3,0.48127114910996033
HERC4,18.587462060541526
HEXA,121.83661297069379
HEXB,3.5213760502492
HEXDC,0.3354345050980549
HGD,0.3163234847442616
HIBADH,23.2831852260869
HIBCH,61.810628634136684
HIF1AN,5.913979808424592
HIGD2A,20.54406588128492
HIPK1,1.9939612745372592
HIPK2,0.7997163883407223
HIPK3,5.688765941130486
HIRIP3,0.1420637453984178
HK1,583.1931842636209
HK2,23.859116535664626
HK3,0.8062298333284079
HKDC1,16.005345855300124
HLCS,2.8014737718696425
HLTF,0.08595648976938026
HMBS,132.20809089743412
HMGCL,251.7307936395025
HMGCLL1,0.02397504238015225
HMGCR,41.21469114901512
HMGCS1,420.6500530951682
HMGCS2,7.047271030787692
HMOX1,106.76513375758431
HMOX2,145.43782044521777
HNMT,0.6581890793170674
HPD,0.08461901020447639
HPGD,0.9013273327912124
HPGDS,0.022296191123982918
HPRT1,1535.750105012292
HS2ST1,4.175889451339231
HS3ST1,5.238458868741397
HS3ST2,0.0018845223524191937
HS3ST3A1,0.4354774883085227
HS3ST3B1,0.07079529643290206
HS3ST4,0.012466929075615836
HS3ST5,0.0020716790441619513
HS3ST6,0.09513816180990634
HS6ST1,77.31750072871493
HS6ST2,1.177586672124636
HS6ST3,0.0038294294068255074
HSD11B1,0.0859125814857195
HSD11B1L,1.951501284917588
HSD11B2,2.0938730179327982
HSD17B1,15.492532210319391
HSD17B10,355.53154618180986
HSD17B11,71.58598457555742
HSD17B12,612.9235986233319
HSD17B14,79.54636645377559
HSD17B2,0.47449715057245734
HSD17B3,0.16578768493769244
HSD17B4,36.10173270743822
HSD17B6,0.8114158855188858
HSD17B7,12.77195130807398
HSD17B7P2,4.047154567613052
HSD17B8,0.4536789205355264
HSD3B1,0.8561440324619417
HSD3B2,0.9278984217862639
HSD3B7,9.801351488244498
HSPG2,0.06664007798577645
HTATIP2,201.7647696390593
HUNK,0.11805331014054198
HUWE1,4.490071813813306
HYAL3,1.9463981354830018
HYALP1,0.3354345050980549
HYI,15.133447674791238
HYKK,0.3304860018863759
IARS,775.4633350162866
IARS2,164.33089638654062
ICK,5.823285482772764
ICMT,20.797885432457075
IDH1,203.5829043783799
IDH2,745.943978923788
IDH3A,1533.2980747865963
IDH3B,162.33572853399102
IDH3G,144.29222972640366
IDI1,367.27318739907116
IDI2,1.2858553295011628
IDO1,146.4420432521851
IDO2,0.039745530036936906
IDS,37.981140424267195
IDUA,17.938669326494054
IGF1R,10.697818179086672
IKBKB,7.197993359273544
IKBKE,40.66526943802554
IL4I1,1.5023213324854026
ILK,9.280216926928542
ILKAP,22.72763053607807
IMPA1,193.92544717988008
IMPA2,156.1067947884828
IMPDH1,28.384322733808723
IMPDH2,168.19972592108834
INMT,0.09674921433147803
INPP1,1168.9486089153063
INPP4A,2.3833794880022388
INPP4B,0.2700679507145017
INPP5A,6.207562384132435
INPP5B,1.1755367800454792
INPP5D,0.6716980123056588
INPP5E,14.301256556004747
INPP5F,0.24588729433570908
INPP5J,1.5099763210367598
INPPL1,5.197572713302082
INSL3,0.013961529441669219
INSR,2.1506216174673933
INSRR,0.001116052552556669
IP6K1,5.62742534272502
IP6K2,29.196133588134863
IP6K3,0.5637095379920997
IPMK,3.450093105429008
IRAK1,147.94723528511108
IRAK2,2.293310626061167
IRAK3,0.7902289974373135
IRAK4,1.6900407703681624
IREB2,13.367072682269052
ISYNA1,94.92456596117306
ITK,0.08118136102211647
ITPA,541.1031569749523
ITPK1,9.57412319283818
ITPKA,2.056276239200375
ITPKB,2.2712591373815862
ITPKC,44.92672935723469
IVD,617.7269659246914
JAK1,22.802318677552385
JAK2,0.5287186436395191
JAK3,0.7238214275380155
JMJD7-PLA2G4B,0.0003094778727578938
KALRN,0.004405846661691409
KANSL3,25.229561411385568
KARS,485.93142429927457
KAT2A,328.84455870406197
KAT2B,1.3422919288708832
KAT5,4.552540993843517
KAT6A,1.7435571680172643
KAT6B,1.9192294102006688
KAT7,13.822400581964434
KAT8,10.737282906048774
KCNJ11,0.19843853291507696
KCNJ8,0.2682353610613702
KDR,0.11357365492564096
KDSR,8.145696857426653
KHK,2.1729921430891705
KIT,0.0713130947438979
KL,0.013720775734838927
KMO,0.03892989909817652
KMT2A,0.1132089503784727
KMT2B,0.3354345050980549
KMT2C,0.02724143815923862
KMT2D,0.256842919373976
KMT2E,0.08892210317369556
KMT5A,0.08744585611927874
KMT5B,0.052531638327043204
KMT5C,0.3350355754164824
KPNA6,27.566903053848957
KYAT1,0.41426786262502635
KYAT3,10.315561941178165
KYNU,88.90047341920645
L1CAM,0.31462133077973187
L2HGDH,0.37939179800005474
LALBA,0.09996023381633702
LAP3,644.5805506831902
LARS,307.6452545284381
LARS2,4.749554187942317
LATS1,0.1493344099072024
LATS2,1.05355192574058
LBR,79.76149589708953
LCAT,2.206536467988883
LCK,0.7775699863903553
LCLAT1,4.475511791183385
LCT,0.00012482294053359832
LDHA,21546.853400410408
LDHAL6A,0.002262726277529674
LDHAL6B,0.0007901158395222272
LDHB,5026.376929717489
LDHC,0.0034720959750017023
LDHD,2.131296484972617
LDLR,3.5021073408358188
LGALS13,0.16621830202908744
LGMN,29.832996510829446
LGSN,0.0888586760811947
LHPP,95.77475434886132
LIAS,0.5485452061254449
LIMK1,28.934924783300236
LIMK2,28.69797255260247
LIPA,12.921991149596229
LIPC,0.17711236222578083
LIPE,2.8248085972702413
LIPF,1.3406968406403874
LIPG,1.5524842364078582
LIPT1,2.1158729610282547
LIPT2,2.3423247553175646
LMTK2,2.1083502540154355
LMTK3,0.5520113976148132
LOC102724197,0.3354345050980549
LOC286297,0.00016489407042685324
LOC344967,0.11698132425275219
LOX,1.700385986696694
LOXL2,14.381741270123332
LPCAT1,7.9428798935885
LPCAT2,2.1682151135940346
LPCAT3,299.48771440014184
LPCAT4,1.4750094717887423
LPIN1,9.677902263915216
LPIN2,0.6545387998665082
LPIN3,13.602362678197663
LPL,0.01942749515134782
LPO,0.698421570275035
LRAT,0.08651698808181908
LRP1,1.0571395011509521
LRP2,0.0022131785963183195
LRRK1,0.12306849022239957
LRRK2,0.05378452766206407
LRSAM1,5.502950804832599
LRTOMT,0.149995015635319
LSS,139.1569563752301
LTA4H,417.7628159265677
LTC4S,2.5601666753195245
LTK,0.22118678283550341
LYN,62.263074915156245
LYPLA1,216.3604519439275
LYPLA2,116.80804947800178
LYZL1,0.0024646549076016108
MACROD1,3.4153889576159364
MACROD2,0.014313949600857669
MAGEA2B,0.1626710879648594
MAK,0.01779731448802975
MAN1A1,0.2020562119683669
MAN1A2,1.2985342190827736
MAN1B1,3.192753321797428
MAN1C1,2.1596353334486253
MAN2A1,2.4392549342814744
MAN2A2,19.58020536413572
MAN2B1,37.00235720673399
MAN2C1,64.04792848140995
MANBA,9.068719831153762
MANSC1,48.21725754735329
MAOA,1047.6659323236704
MAOB,2.426359132449452
MAP2K1,340.03860015022167
MAP2K2,269.438759277395
MAP2K3,15.791426788415938
MAP2K4,17.148117601175407
MAP2K5,9.165733164946431
MAP2K6,4.726118945931975
MAP2K7,1.6190878988092978
MAP3K1,0.6693364044540976
MAP3K10,8.613573706339405
MAP3K11,30.320902148498106
MAP3K12,2.770257568652784
MAP3K13,3.1551474148507714
MAP3K14,10.813057933147759
MAP3K15,0.0005340306955182014
MAP3K2,7.212325991660414
MAP3K20,0.20179825659102824
MAP3K21,0.03839897316107535
MAP3K3,2.7913351361289984
MAP3K4,5.814802084919231
MAP3K5,2.1814437081352875
MAP3K6,6.785013400254845
MAP3K7,0.4228725712607743
MAP3K8,1.2548846471702062
MAP3K9,0.06945372059953966
MAP4K1,2.054697294131361
MAP4K2,6.994141120460051
MAP4K3,9.137542816119288
MAP4K5,13.052308006459654
MAPK1,244.75904332335168
MAPK10,1.0995478091117248
MAPK11,25.919116520335052
MAPK12,27.31045861068162
MAPK13,58.880580605730664
MAPK14,34.4344332202257
MAPK15,1.0447137080200848
MAPK3,84.82011128820973
MAPK4,0.033656466762704486
MAPK6,63.32256362248108
MAPK7,3.043675841333877
MAPK8,7.215261997921899
MAPK9,4.055506257099817
MAPKAPK2,2.80216605612321
MAPKAPK3,18.325307796178798
MAPKAPK5,12.99864404769315
MARCH1,0.3795808263319245
MARCH10,0.007785246529319793
MARCH11,0.007982758707868126
MARCH2,13.427252340000985
MARCH3,0.0427311104678447
MARCH4,0.002812928903996828
MARCH5,7.481552118521645
MARCH6,34.64775338331127
MARCH7,27.187144941794248
MARCH8,0.8910957016272169
MARCH9,5.349714296149836
MARK1,4.876177503119983
MARK2,17.108777836392616
MARK3,18.09196203484027
MARK4,9.107796410963122
MARS,98.06983233917335
MARS2,0.9735021557133677
MAST1,0.06813681458327266
MAST2,10.038689946887066
MAST3,1.6706192815577734
MAST4,1.0818700043891651
MASTL,0.22541985755599994
MAT1A,1.0560268737253968
MAT2A,193.1794438347969
MAT2B,153.0217276945943
MATK,0.5316123465384328
MBOAT1,1.2730954627215358
MBOAT2,3.0405693786408716
MCAT,16.17024762674212
MCCC1,13.097177974879086
MCCC2,43.48371956669398
MCEE,3.5610703326514743
MDH1,6644.510016013959
MDH1B,0.12791052968123542
MDH2,9471.670250213676
MDM2,0.011095302564681038
MDP1,14.203344437320851
ME1,1367.4479992648767
ME2,19.80877241394825
ME3,0.6628175507409977
MECR,4.41542887477148
MED1,0.4625449205590396
MELK,0.5337208316538942
MERTK,1.0809651685981903
MET,2.358599240177641
METTL1,36.077780865047636
METTL3,11.735694626057768
MGAM,0.0016242690148748217
MGAT1,30.07842323100399
MGAT2,2.574966740653384
MGAT3,0.026882811511900202
MGAT4A,0.4549587740131487
MGAT4B,65.48656698376406
MGAT4C,0.0034511630552525965
MGAT4D,0.02696149145334556
MGAT5,4.129906800934521
MGAT5B,0.09099745363440294
MGLL,0.3883197172925853
MGMT,31.031757754979722
MGRN1,5.261450499512721
MGST1,3627.933083742273
MGST2,108.51706736000794
MGST3,114.1259584368639
MIA3,7.005895804556979
MIB1,2.4208615388462476
MIB2,14.30529221661434
MID1,2.139021489456629
MIF,140.49615036235662
MINK1,0.27498654974540193
MINPP1,28.80326807981978
MIOX,0.022263502863396303
MIP,0.4037412759029347
MKNK1,11.58184478874889
MKNK2,104.66643424614509
MKRN1,33.107798883046
MKRN2,5.213888900195238
MKRN3,1.0286295061580308
MLKL,12.724613838545096
MLYCD,3.1352861747623098
MMAA,0.49159660679785244
MOCS1,0.3355683655385739
MOCS2,26.22544262136729
MOGAT1,0.0015912243456436392
MOGAT2,0.09384621348109533
MOGAT3,0.06832763191888709
MOGS,127.81575004279033
MOK,5.497380696045856
MOS,0.09191795284698573
MOXD1,0.695331933585309
MPC1,27.8052229308476
MPC2,12.311032245951754
MPI,28.572162012781607
MPO,0.008166116360335525
MPST,2534.8799720031216
MRPL58,13.330417578133794
MSMO1,162.13551708635526
MSRA,2.4641339504556443
MST1R,7.6639681946918286
MT1A,3.312207465251375
MT2A,779.8638897553852
MT3,0.38845804787200827
MT4,0.3354345050980549
MTAP,10.432840384148989
MTFMT,5.601862739895914
MTHFD1,116.54770058916463
MTHFD1L,7.744741280215035
MTHFD2,31.35135805054441
MTHFD2L,0.31075101957070594
MTHFD2P1,0.3354345050980549
MTHFR,2.426689185931588
MTHFS,1.529308180724068
MTMR1,3.6659233580323365
MTMR14,11.013608024073203
MTMR2,0.5948903837078309
MTMR3,0.1647958077796374
MTMR6,1.9462589021103878
MTMR7,0.06140259591236149
MTMR8,0.000436238284042325
MTPAP,6.7242209926981475
MTR,0.24004361247048642
MTRR,6.990740688852348
MTTP,0.0006405427071009797
MUL1,10.519599166596954
MUSK,0.006974761893580716
MUT,0.3354345050980549
MVD,444.32380908215947
MVK,31.528566442858704
MYBBP1A,48.483076098586565
MYCBP2,0.03755311005817084
MYLIP,2.543258811339289
MYLK,0.107770888813529
MYLK2,0.08835888278250084
MYLK3,0.00043504521960081145
MYLK4,0.025295813152448502
MYO3A,0.07299247231635841
MYO3B,0.5926208184511406
MYO5B,0.52417436724264
NAA10,201.87235455477722
NAAA,5.322870998677104
NADK,32.379312028663364
NADSYN1,24.221874929991472
NAGA,8.871022339319245
NAGK,42.978616402333955
NAGLU,45.536660850346905
NAGPA,3.346361160935187
NAGS,0.728467031710732
NAMPT,164.17357910191572
NANP,1.742336201829355
NANS,985.8719266866696
NAPRT,25.164291606310147
NAPSA,1.8947749062856107
NARS,2504.227867976709
NARS2,3.6117179074369026
NAT1,3.9127725419791703
NAT2,0.2956896560448193
NCOA1,6.3018289109462104
NCOA2,0.07370156354472623
NCOA3,4.457318494695447
NCOA6,15.128577511576411
NCOR1,0.05494556000302466
NCOR2,0.8483975946434615
ND1,0.7496282848946749
ND2,6.647572110665278
ND3,3.518721426725826
ND4,15.91921099634504
ND4L,0.3354345050980549
ND5,3.9860139175064595
ND6,2.1511623729121254
NDST1,6.008217358920366
NDST2,7.23249932559247
NDST3,0.019462942544334894
NDST4,0.024005586560330774
NDUFA1,2268.0899653784045
NDUFA10,43.10353309959735
NDUFA11,104.1661112110208
NDUFA12,24.889993855452868
NDUFA13,2405.4129790319207
NDUFA2,29.852980646625678
NDUFA3,77.98031207706255
NDUFA4,29.593471808441933
NDUFA5,33.729451484159455
NDUFA6,53.97236235697754
NDUFA7,6.750911788871443
NDUFA8,116.25511686747151
NDUFA9,154.33103206700972
NDUFAB1,327.7294936020294
NDUFB1,97.70278656618554
NDUFB10,163.75007467114924
NDUFB2,382.27227872367905
NDUFB3,137.5681929429354
NDUFB4,260.2314760736996
NDUFB5,380.30860139080283
NDUFB6,18.65803571319692
NDUFB7,195.75596011767033
NDUFB8,67.2681747939314
NDUFB9,72.78912630730181
NDUFC1,109.98229286640323
NDUFC2,13.591413333414906
NDUFS1,37.41612749093843
NDUFS2,79.62705506774506
NDUFS3,878.3323903898778
NDUFS4,80.59509420054727
NDUFS5,651.6904761307496
NDUFS6,141.26394898465864
NDUFS7,44.08525469579628
NDUFS8,164.21022736288526
NDUFV1,62.343616845648555
NDUFV2,43.54413259065375
NDUFV3,25.50400180673392
NEDD4,2.104955192797312
NEDD4L,1.8850483189122176
NEK1,0.4561690601358528
NEK11,0.6502789950175152
NEK2,8.806492018215136
NEK3,1.3054964728192449
NEK4,2.8127297740534862
NEK5,0.014369341136316703
NEK6,0.5247876503324175
NEK7,9.103482040860053
NEK8,2.228251810213265
NEK9,0.764594071228707
NEU1,6.2054366821565425
NEU2,0.07868648115252536
NEU3,0.11094092802602991
NEU4,0.9976272004329203
NEURL1,0.14715923590013888
NEURL1B,4.900166751639996
NGLY1,9.48311735723371
NHLRC1,2.8051826563652087
NIT2,3371.8509287408224
NKTR,4.657925175382369
NLK,5.020927846834408
NLN,77.22636221985708
NME1,21622.869445842483
NME2,1890.5080683250553
NME3,68.30182997419246
NME4,373.28033059023966
NME6,0.787240295882939
NME7,0.7188977071410793
NMNAT1,1.2834932558755472
NMNAT2,0.03182339346696399
NMNAT3,8.99524604347952
NMRK1,2.9351673795914386
NMT1,127.69364174426086
NMT2,1.061896129511214
NNMT,52.97043352043548
NNT,19.763425422650766
NOL9,2.4562795146288328
NOS1,0.21765124900615843
NOS2,0.126419265034106
NOS2P1,0.3354345050980549
NOS2P2,0.3354345050980549
NOS3,0.21973882320849394
NOX1,0.10587772644672151
NOX3,0.09198887034239282
NOX4,0.021938562454282017
NOX5,0.02530593261500937
NPAS2,4.275205157968917
NPC1,0.08659983671321679
NPC1L1,0.030674120671498602
NPR1,0.6768893117058946
NPR2,0.45470852748165896
NQO1,1203.7247531976643
NQO2,202.96834504420488
NR1D1,9.254642736791284
NRF1,1.135567742149246
NSD1,3.1127699214592557
NSD2,0.8117852405670956
NSD3,0.8238692165195934
NSDHL,2823.692934579984
NSF,98.84526502880954
NT5C,346.27897152852285
NT5C1A,0.058725969276404735
NT5C1B,0.0197299334735983
NT5C1B-RDH14,0.037698419756150243
NT5C2,53.27970615504239
NT5C3A,4.209671716104311
NT5DC3,1.0628539729122806
NT5E,0.14033502483410554
NT5M,3.807132920102321
NTAN1,1.2832084524593736
NTRK1,0.006723341712527236
NTRK2,4.405240425173717
NTRK3,0.00044648171025517497
NUAK2,10.240426872862225
NUDT10,0.00328388436541269
NUDT11,0.005319797105358745
NUDT12,1.8580922895259238
NUDT2,10.875084173534889
NUDT3,2.0795565314816877
NUDT4,0.06696523601749878
NUDT5,633.1985074744157
NUDT9,12.750988866962635
OARD1,11.970020898409903
OAT,627.6088157553401
OBSL1,0.6278343507920263
OCRL,11.797376643578483
ODC1,9.942631673677552
OGA,13.207835039605774
OGDH,446.75941266262527
OGT,48.13506389985836
OLAH,0.0037290902728347422
OPLAH,14.846430975705715
OTC,2.3305572451444374
OTUD5,36.055768524108395
OXCT1,87.79963764829284
OXCT2,0.010333115299092255
OXSM,4.07029079364863
OXSR1,8.334509009948304
P4HA1,46.02716150092112
P4HA2,99.53441857427896
P4HA3,0.04352405581138384
P4HB,3921.697528869522
PADI1,0.30223271350859215
PADI2,12.775681923839112
PADI3,76.05856352310978
PADI4,0.004170031856918448
PADI6,0.3354345050980549
PAFAH1B2,541.1751269927003
PAFAH1B3,1073.1151911981153
PAFAH2,2.9047066514719644
PAH,0.004515309421016082
PAICS,318.3188579693159
PAK1,23.553280676594866
PAK2,140.87870592413455
PAK3,0.025698313220300778
PAK4,1.4235966428919402
PAK5,0.1843105272396382
PAK6,11.349173088333798
PAM,0.18190467785890635
PAN2,2.5330883537174103
PANK1,0.29011695188056846
PANK2,7.803426384147023
PANK3,5.044477372399388
PANK4,7.193304824394937
PAOX,1.9773625104165589
PAPOLA,3.6622509302396358
PAPOLB,0.12322917716507763
PAPOLG,1.706461727831021
PAPSS1,33.88963391487969
PAPSS2,5.466871276593664
PARP1,95.0192889311611
PARP10,4.710653350865204
PARP11,3.2351048424032114
PARP12,2.212094825511453
PARP14,22.72331998772319
PARP15,0.07885973826319262
PARP16,11.200106911549424
PARP2,9.853056791874364
PARP3,28.527568512302377
PARP4,2.1411322489991598
PARP6,60.60622061969011
PARP8,0.47851714102384973
PARP9,9.466684623611112
PARS2,0.7204636076376577
PASK,1.263288575617418
PBK,7.527636224193789
PC,19.279007850278326
PCBD1,487.1989475882901
PCBD2,8.730608105170353
PCCA,2.379734868230887
PCCB,8.965897314277774
PCK1,0.31657172263754174
PCK2,8.431393732846049
PCMT1,472.8872706369437
PCYOX1,55.70957822264848
PCYT1A,21.324416541677373
PCYT1B,0.30137340259933937
PCYT2,33.46468900700051
PDE10A,0.001412957854931509
PDE11A,0.00977441361354322
PDE1A,0.24511604554589914
PDE1B,0.07496653300209531
PDE1C,0.0015917540089942952
PDE2A,0.05238676332984424
PDE3A,0.005378231828390614
PDE3B,0.34756036370522625
PDE4A,5.602946262208362
PDE4B,0.1413002212476844
PDE4C,0.017101821509743983
PDE4D,0.25562651199895425
PDE5A,0.17020692015001776
PDE6A,0.0004006170111774216
PDE6B,1.349206671739359
PDE6C,0.002809704390026006
PDE6H,1.0083333333333333
PDE7A,25.661348971884433
PDE7B,0.007326937397315624
PDE8A,7.190861195894931
PDE8B,0.13655091335342726
PDE9A,3.2192025320812734
PDF,0.8456516198288537
PDGFRA,0.2255929700662516
PDGFRB,1.055374598263803
PDHA1,362.66738530950164
PDHA2,8.963593332760542
PDHB,53.48345727364952
PDHX,40.291158944811315
PDIA2,0.32217595382015674
PDIA3,4743.917747270833
PDIA4,2031.5858558653943
PDIA5,57.51074083559175
PDIA6,1139.0497829628084
PDK1,0.8827282929336723
PDK2,17.92071072777652
PDK3,2.84915962742908
PDK4,0.10335297680640124
PDP1,25.366126429005234
PDP2,0.81579762847088
PDPK1,0.3578270647081863
PDPR,1.1144262371981855
PDXK,25.89972468319709
PDXP,16.35904179500061
PDZD4,0.729697053150301
PEAK1,0.7874595872175393
PECR,68.29495921509418
PEMT,12.876874891762505
PEPD,31.997935057842714
PEX11A,5.6429930336802885
PFAS,44.02355101954932
PFKFB1,0.04238382798149883
PFKFB2,1.8520061803978307
PFKFB3,34.123355578652685
PFKFB4,6.278452341389637
PFKL,82.04082604332598
PFKM,24.711367784774914
PFKP,1686.7041181188988
PGAM1,88.36848508626775
PGAM2,6.394257731492774
PGAM5,86.05467452440493
PGAP1,0.7193788252215348
PGD,25192.30280202758
PGGHG,0.02991860446325157
PGK1,770.6419439523896
PGK2,0.41602035045051816
PGLS,1272.2731265156472
PGLYRP1,0.05621446503310401
PGLYRP2,0.0123709135889359
PGLYRP3,1.2450455543221968
PGLYRP4,0.6217759388225986
PGM1,197.49345358866066
PGM2,212.89800483624933
PGM2L1,1.5489105281609241
PGM3,28.37269016465931
PGP,46.659316418414775
PGS1,19.876895814123618
PHEX,0.9920608955687761
PHGDH,789.2826058067207
PHKA1,0.34832257205334316
PHKA2,7.863835044944002
PHKB,7.04993163086414
PHKG1,0.20100091580590276
PHKG2,6.193067915492183
PHLPP1,1.2387789837333132
PHLPP2,0.4649804922894999
PHOSPHO1,0.030468403535794605
PHPT1,82.17372409176909
PHYH,53.658505045839064
PHYKPL,0.6462009571960334
PI4K2A,0.942883597400932
PI4KA,0.7998507967543659
PI4KB,1.0070728049934259
PIGA,1.845524862377118
PIGB,10.77782820084138
PIGC,29.980338255988418
PIGF,7.639221993842561
PIGG,10.49093447318206
PIGH,6.62160214969905
PIGK,1.5121881980010052
PIGL,2.5420511249981512
PIGM,3.3502886965973877
PIGN,2.519551315981253
PIGO,5.663838583370894
PIGP,7.628456604848773
PIGQ,22.552951472741746
PIGS,24.947196790245883
PIGT,18.62224743803671
PIGU,4.045273512177066
PIGV,4.9574951218901395
PIGW,6.381618564385639
PIGX,2.9575635824482527
PIGY,67.20724435584565
PIGZ,9.806091122451338
PIK3C2A,1.122918532866654
PIK3C2B,1.9802693890611553
PIK3C2G,0.0005004364749995747
PIK3C3,0.05837079355314951
PIK3CA,3.945095273840457
PIK3CB,0.3686766982430177
PIK3CD,1.4401790630870532
PIK3CG,0.00734284029632002
PIK3R1,0.6062559294569839
PIK3R2,30.422302409562473
PIK3R3,6.330942018445193
PIK3R4,21.550325396230242
PIK3R5,0.22147003561345968
PIKFYVE,0.70918658888465
PIM1,6.726549021440257
PIM2,7.045212167130738
PIM3,67.88031103361033
PIN1,657.0625272171438
PIN4,1.7829632668865605
PINK1,17.470574370800517
PIP4K2A,9.78497035996053
PIP4K2B,6.876947143131077
PIP4K2C,15.344144070799766
PIP5K1A,0.7052752227325091
PIP5K1B,0.002341837942852379
PIP5K1C,7.385081459557059
PIP5KL1,0.3431707306171966
PIPOX,6.377873517159757
PISD,3.4872979510567497
PJA1,9.346546972874686
PJA2,4.027451314937626
PKLR,0.0009315220336721492
PKM,541.3891072832749
PKMYT1,11.025632189042769
PKN1,66.18561898527463
PKN2,3.541786560950743
PKN3,6.5562716234920035
PLA2G10,1.071788078290162
PLA2G12A,0.3921752403121808
PLA2G12B,1.1304561412675453
PLA2G15,3.748748712147228
PLA2G16,17.27974961588704
PLA2G1B,0.011500158893984215
PLA2G2A,0.02969908215363203
PLA2G2C,0.3354345050980549
PLA2G2D,0.023088567601193467
PLA2G2E,0.10480083352838437
PLA2G2F,0.017105401618544066
PLA2G3,1.292656366264418
PLA2G4A,7.447203430143818
PLA2G4B,0.04589452019434166
PLA2G4C,5.017862765392076
PLA2G4D,0.0659433669844792
PLA2G4E,1.1398490046625944
PLA2G4F,6.52100151054588
PLA2G5,0.005413480463758816
PLA2G6,1.181979984644157
PLA2G7,0.4076522209608026
PLB1,0.3430834381660283
PLCB1,0.3871189992716888
PLCB2,2.581548338170833
PLCB3,1.8117616918319777
PLCB4,0.7220896371769414
PLCD1,0.8254435358363403
PLCD3,14.50760021190979
PLCD4,1.3079170854723596
PLCE1,0.11227957470360249
PLCG1,2.2412809656118142
PLCG2,1.478409945442455
PLCH1,0.13317065729346975
PLCH2,10.519217890142604
PLCL1,0.014177816484654483
PLCL2,0.3785304899111751
PLCXD2,0.01238531972306555
PLCZ1,0.0006270772318191088
PLD1,10.222001715616111
PLD2,9.63363208898775
PLD3,52.488285942839696
PLD4,0.2340171215321523
PLD6,1.8422361218641645
PLG,0.0016834022552381694
PLIN1,0.058508827264659495
PLIN2,27.210469933041427
PLIN3,51.538719066735176
PLIN4,0.32677067087404466
PLK1,6.154253777105798
PLK2,94.66950355051848
PLK3,1.9742131671874623
PLK4,2.0454709225109786
PLOD1,43.945170493495034
PLOD2,19.276160179656028
PLOD3,17.692083139156225
PLPBP,1.3790311261442316
PLPP1,5.389883230682263
PLPP2,2.123055391477898
PLPP3,4.2032094621878
PLPP4,0.019762828557283812
PLPP5,0.0656688155578048
PLPP6,0.050042688733332445
PLPP7,1.1305815492037874
PLPPR2,0.3307009692228308
PLPPR3,0.9307949846236876
PLPPR4,0.11900942508124815
PLPPR5,0.012456429933028047
PLTP,281.699887406246
PLXNB3,7.876800244375796
PMM1,6.338498531066448
PMM2,196.91555116320288
PMPCA,43.797598202764426
PMVK,479.58665776754924
PNCK,48.704280519558296
PNKP,45.12986601568169
PNLIP,0.0010086967487269551
PNLIPRP1,0.04876262171622993
PNLIPRP2,0.014002807395544645
PNLIPRP3,0.004057176403411351
PNMT,0.03626874374393142
PNP,796.0654254130408
PNPLA2,17.49178749326187
PNPLA3,1.5404160365264776
PNPLA4,9.571305695811771
PNPLA6,0.564849194639918
PNPLA7,0.3024850410469248
PNPLA8,1.356046603824093
PNPO,83.93785019065656
PNPT1,7.517352846818106
POLA1,3.899856488097118
POLA2,3.071537600494253
POLB,20.689801892228928
POLD1,3.806217889124997
POLD2,16.32811032998019
POLD3,0.32378407152485156
POLD4,186.8912196168346
POLE,0.107522489953022
POLE2,0.8267872846885437
POLE3,39.787856825695
POLE4,31.536262972486774
POLG,22.19950865335196
POLG2,5.593431011197871
POLH,1.2189446709521057
POLI,1.0392996335600146
POLK,1.2258631482289255
POLL,5.772942871572639
POLM,16.544778441111294
POLN,0.018092691569620692
POLQ,2.124465028815269
POLR1A,0.7629475702548365
POLR1B,1.0850322940401964
POLR1C,50.11550026788465
POLR1D,61.32415315695237
POLR1E,19.79198079347421
POLR2A,2.0936721566773446
POLR2B,11.144174026136346
POLR2C,77.85734782330394
POLR2D,48.98091640138643
POLR2E,49.37191317775927
POLR2F,23.655435924452163
POLR2G,49.77735993390766
POLR2H,827.601969361365
POLR2I,50.36128696989864
POLR2J,22.808080486250383
POLR2K,212.6582623540909
POLR2L,195.03596911131083
POLR3A,0.3307921219105332
POLR3B,0.7947225917291432
POLR3C,0.9310617386501406
POLR3D,8.343797378807169
POLR3E,12.275799945806707
POLR3F,5.250517966758615
POLR3G,0.5486581111391422
POLR3GL,15.808536225145998
POLR3K,51.81549931577177
POLRMT,5.729870030579991
POMGNT1,27.584192264055364
POMT1,5.606247722518497
POMT2,3.7723132664029917
PON3,3.4425917713315983
POR,417.2614303295448
PPA1,1997.0133784911527
PPA2,193.6358963696474
PPARA,0.7989062910692866
PPAT,8.164394676007891
PPCDC,10.077909294145387
PPCS,118.7375069013145
PPEF1,0.05331625324926893
PPEF2,0.0475767992202525
PPIA,1066.9452872124127
PPIAL4A,0.3354345050980549
PPIAL4C,0.3354345050980549
PPIAL4E,0.01956636905639655
PPIAL4G,16.818959635459972
PPIB,4374.282371089575
PPIC,77.63735534019256
PPID,749.222939138779
PPIE,9.221770243226867
PPIF,850.8531864352118
PPIG,25.64920768458989
PPIH,1684.4998103395967
PPIL1,141.83681113557313
PPIL2,0.7561317297671716
PPIL3,23.524005755927945
PPIL4,2.003344738625756
PPIL6,0.013955073075975091
PPIP5K1,4.376718000685948
PPIP5K2,1.13828977916986
PPM1A,0.5499382425856544
PPM1B,7.781287363465942
PPM1D,0.7746702562916812
PPM1E,0.018454334049860494
PPM1F,12.381223924543496
PPM1G,41.645848846442306
PPM1K,0.11528307024154855
PPM1M,6.61302200849251
PPOX,8.133524704051489
PPP1CA,272.73081027725306
PPP1CB,273.77763680920265
PPP1CC,91.3123454636235
PPP1R1A,0.005673780699891468
PPP1R1B,0.1697561591025458
PPP1R2,46.01569765125774
PPP1R3A,0.06646892507772041
PPP1R3B,1.5204513518374378
PPP1R3C,0.044423994874809844
PPP2CA,191.74093939887464
PPP2CB,30.34241992902621
PPP2R1A,871.6325638969972
PPP2R1B,12.432616778313268
PPP2R2A,90.67161490044364
PPP2R2B,0.3297606167655421
PPP2R2C,9.000619562900422
PPP2R3A,0.8095985753703117
PPP2R3B,0.9423656301790627
PPP3CA,114.44468537534662
PPP3CB,16.900022978807822
PPP3CC,2.5497509738242217
PPP3R1,220.46111987983795
PPP3R2,0.0003068154793023536
PPP4C,148.41875726718865
PPP5C,48.24838057480778
PPP6C,114.05039510773682
PPT1,6.705527295411502
PPT2,0.06885997184592244
PPWD1,9.581831857590918
PRAG1,0.3354345050980549
PRDX1,46456.80891633963
PRDX2,3450.6813483088517
PRDX3,156.26242360601523
PRDX6,3093.8604284968364
PREP,92.36696719621106
PRKAA1,13.769033175589009
PRKAA2,0.2740875580705233
PRKAB2,1.6894188098740772
PRKACA,1170.3978661398633
PRKACB,16.663820972557858
PRKACG,0.012613108459283016
PRKAG2,3.29138998553644
PRKAR1A,20.397877099145134
PRKAR1B,26.67410385150547
PRKAR2A,5.834796948994681
PRKAR2B,6.261895251445844
PRKCA,1.6318647547450271
PRKCB,0.05701444228994748
PRKCD,4.677262302626438
PRKCE,0.48502114969272137
PRKCG,0.014533828331469354
PRKCH,2.644893562703656
PRKCI,4.976257387570654
PRKCQ,1.1720966876309762
PRKCSH,469.09986654869454
PRKCZ,5.40909970314444
PRKD1,0.015728596578802257
PRKD2,40.930058077913245
PRKD3,6.2374029133894116
PRKDC,2.5538126091184234
PRKG1,0.014106666392063214
PRKG2,0.003293965961197172
PRKN,0.21524163632635238
PRKX,11.01636935309403
PRKY,3.603519690165479
PRODH,25.583424795421983
PRODH2,0.047452249121563574
PRPF19,933.059116293553
PRPF4,189.83166486769267
PRPF4B,16.380761019821705
PRPS1,739.1201818617751
PRPS1L1,3.1923533573130802
PRPS2,59.86967372955087
PRRT2,0.3897234652322823
PSAP,92.18821545891727
PSAT1,190.97818113698838
PSKH1,4.1096015502855066
PSKH2,0.11813839957802594
PSPH,2329.3037835914006
PSPHP1,0.3354345050980549
PTDSS1,136.9541571652342
PTDSS2,11.59442552911257
PTEN,0.33910108926043325
PTGDS,2.7584211628181707
PTGES,51.30613628024324
PTGES2,76.5844631878101
PTGES3,5667.5097162930015
PTGIS,19.20674854504213
PTGR1,1075.9205156433507
PTGS1,2.5543005254014655
PTGS2,0.762856730821497
PTK2,5.278291082807846
PTK2B,6.9403409874661826
PTK6,4.209222878109567
PTK7,5.256086652212228
PTP4A2,2.180765619719887
PTP4A3,79.99742207757106
PTPDC1,0.34735979820687324
PTPMT1,41.41871872692162
PTPN1,38.158356402914706
PTPN11,10.828764768289387
PTPN12,2.778016459419764
PTPN13,2.510486433369412
PTPN14,1.1697414815906784
PTPN18,33.5077338234563
PTPN2,11.239589498375727
PTPN21,0.458094796826365
PTPN22,0.12701456277269185
PTPN23,7.9953882083241075
PTPN3,2.1393207653224424
PTPN4,2.995456920640789
PTPN5,0.002595322606285544
PTPN6,120.30686789413613
PTPN7,0.7283300175981954
PTPN9,0.6743967683947248
PTPRA,0.23191711025204578
PTPRB,0.1748690145043341
PTPRC,0.7094976199585457
PTPRD,0.004878585056111219
PTPRE,0.9020364976519069
PTPRF,165.68240994231084
PTPRG,0.5829414287279935
PTPRH,1.0856526862198248
PTPRJ,2.574567607427821
PTPRK,16.38783256028046
PTPRM,1.2165934151647866
PTPRN,0.0026038000073681025
PTPRN2,0.016627817397176364
PTPRO,0.01963275733196689
PTPRQ,0.12479573765535924
PTPRR,0.0032018541783977177
PTPRS,31.91347994624083
PTPRT,4.4647872404905215e-05
PTPRU,6.288786493917659
PTPRZ1,1.4199903024412688
PTRH1,5.779435416884289
PTRH2,4373.487565355285
PTS,41.747369226398604
PUS1,21.530710927392132
PXDN,2.3751568382668156
PXDNL,0.0013911415085425946
PXYLP1,0.3900283303635837
PYCR1,35.87952379920706
PYCR2,1102.3655957641797
PYCR3,18.52640291410028
PYGB,434.8173790178245
PYGL,53.538179934780906
PYGM,0.017397775438089704
PYURF,0.6402221518630032
QARS,389.24790233637736
QDPR,541.9408050483509
QPCT,31.351271296937497
QPRT,28.615306733190412
QTRT1,68.33481485566136
QTRT2,3.0803803903498332
RAD1,1.718893815006953
RAD18,1.5246136237176522
RAD9A,4.729172102591929
RAF1,0.23061246515422035
RAG1,0.7818228688529941
RALBP1,16.173272602033034
RARS,332.6518045088555
RARS2,13.637639644197229
RBBP6,0.20721594380397035
RBKS,1.2274503191991166
RBP1,2528.8291653689466
RBP2,0.44262896504099397
RBP4,0.06694678767882206
RCHY1,0.8606977412843045
RCL1,11.328750728556068
RDH10,135.54088159275722
RDH11,338.2986753087522
RDH12,0.015066622730589414
RDH13,9.161196304712597
RDH14,1.6398399460297344
RDH16,2.2938181007021377
RDH5,0.01616808391794111
RDH8,0.3354345050980549
REG3A,15.598236131061894
RENBP,2.219878128486018
RET,0.06343710392928432
REV3L,0.34905872494984014
RFC5,30.1529195642685
RFK,7.272556193879619
RFWD3,8.627274709925858
RGL1,0.5643027374064407
RHAG,0.0006980317989109425
RHBG,0.6178826489052561
RHCG,53.6933931492922
RING1,2.53313292967032
RIOK1,1.482497527456275
RIOK2,0.079217247433209
RIOK3,4631.34733944574
RIPK1,6.052633057975474
RIPK2,3.5560095051240377
RIPK3,6.107293901472609
RIPK4,31.476448389583325
RIPOR1,1.8350848174091228
RNF103,7.7996280817853165
RNF115,14.490054966739399
RNF123,6.680712081686718
RNF125,0.056415144775920266
RNF126,34.38644964094328
RNF128,18.92010597493748
RNF13,17.084302799014893
RNF130,40.988318224009575
RNF133,0.0029283635591496257
RNF138,3.3185706622683515
RNF139,10.940003083263038
RNF14,6.919966310516298
RNF144A,0.5644291515909536
RNF144B,1.9668994395369925
RNF146,6.007255288680916
RNF149,48.89206307508981
RNF152,1.1600890883103578
RNF167,70.20496244004751
RNF180,0.2072609542192564
RNF182,0.06921995567495347
RNF185,4.891677880220458
RNF187,158.44398803861748
RNF19A,13.100979423381034
RNF19B,29.40494883905203
RNF2,5.269575595343249
RNF20,2.0502474127353683
RNF216,22.876815021350506
RNF217,6.338694555377976
RNF25,9.551903347672908
RNF31,9.156721704736828
RNF40,1.5607537089390504
RNF41,2.096960078417067
RNF5,0.09013082658543353
RNF8,2.5396446315301833
RNGTT,2.6119624794344842
RNMT,20.231172083865527
ROCK1,2.7607811717030657
ROCK2,3.912073012109643
ROR1,0.0031688764352748662
ROR2,0.05663016598587739
RORA,0.3339820571213224
ROS1,0.15922724306134955
RPAP2,1.567551528971782
RPE,70.4506522012884
RPE65,0.011728131313476612
RPIA,77.43568772897788
RPL14,1430.1475228512165
RPN1,2304.5369617594883
RPN2,950.1736351100541
RPP14,29.86579894495626
RPS6KA1,31.40446833562044
RPS6KA2,1.2517326842935645
RPS6KA3,1.043067468995418
RPS6KA4,1.4054207035980624
RPS6KA5,0.3869793022197024
RPS6KA6,8.438904911949908e-05
RPS6KB1,2.7415830987622094
RPS6KB2,70.3563515119702
RPS6KC1,0.42008088645344704
RPUSD4,0.7169018565263297
RRM1,36.237947763159816
RRM2,26.36338424923996
RRM2B,5.813025935313373
RTCA,1.6973780629584712
RWDD2A,0.8938244765155776
RXRA,21.650446062877926
RYK,32.72918578447366
SACM1L,6.912208227909493
SAE1,518.8001753462019
SAP130,0.738625272984314
SARDH,0.8732581277973153
SARS,100.1188873924926
SARS2,27.809396838436175
SAT1,12058.445796278183
SAT2,67.37347322995306
SBK1,0.6712002632696137
SC5D,1.7142905425756392
SCARB1,49.795619577494385
SCARF2,0.32998314447859345
SCD,553.2084275760764
SCD5,4.089610385318974
SCLY,0.015549597957525817
SCP2,143.86045629423583
SDC1,91.76546230764825
SDHA,181.24500396767598
SDHB,362.4690792571229
SDHC,14.020560716195085
SDHD,2.8202696546537442
SDR16C5,0.0003597366060287811
SDR42E1,2.244934595258604
SDR42E2,0.3354345050980549
SDR9C7,0.0627881105540467
SDS,1.723292422847238
SDSL,6.454936425568529
SEC11A,639.342320851008
SEC11C,8.296806247069796
SELENOI,0.1784505883933933
SEPHS1,828.2010883343714
SEPHS2,68.209429396299
SERPINA1,5.886341008309243
SERPINA3,4835.820006396995
SETD1A,0.19047555013033718
SETD1B,1.7255240054916503
SETD2,0.027134017454941244
SETD5,13.865086473639673
SETD7,3.9038352511713335
SETDB1,0.34861616042376237
SETDB2,0.6449241511827025
SETMAR,4.19535806088705
SFXN3,511.8302312212591
SGK1,32.333914271366126
SGK2,0.1264982350638023
SGK3,0.009202045032030943
SGMS1,5.200526491216327
SGMS2,0.3633579901796143
SGPL1,68.69279723791509
SGPP1,3.7988079632320617
SGPP2,15.443924144226182
SGSH,38.30093121512129
SH3RF1,1.2047294574226892
SH3RF2,5.557034212094148
SH3RF3,0.1416640229559209
SHMT1,99.47385890472285
SHMT2,529.81124928418
SHPK,1.7344842517524361
SHPRH,0.08422420622790816
SI,0.18373547314711697
SIAE,4.486101490055272
SIAH1,3.9502049026233497
SIAH2,20.472143608584844
SIK2,1.0444033017803809
SIK3,1.0555650342793073
SIN3A,6.180054044144987
SIN3B,0.10429087037776409
SIRT1,2.640206703963982
SIRT2,45.54981496181618
SIRT3,5.955283862522604
SIRT5,3.33792982964699
SIRT6,12.338979010026181
SIRT7,85.735028183164
SLC10A1,0.009323407215725643
SLC10A2,0.058748703153154044
SLC10A6,0.0027620743409137788
SLC11A1,2.4636657165087485
SLC11A2,4.437776109777413
SLC12A1,0.12604246262781418
SLC12A2,0.6880674559243567
SLC12A3,0.00014860857090723693
SLC12A4,0.09062713476276361
SLC12A5,0.264560510272192
SLC12A6,0.03726761164892219
SLC12A7,4.6777432062081346
SLC13A1,1.3898493503991496
SLC13A2,1.5175298654342735
SLC13A3,0.008311863862680529
SLC13A4,0.0029165614934117596
SLC13A5,0.0003212400665230444
SLC14A1,0.352341059404153
SLC14A2,0.0010216049228723562
SLC15A1,0.0399711736312318
SLC15A2,6.221449741882838
SLC15A3,20.818104976696333
SLC15A4,4.987094286336239
SLC16A1,30.375022003166418
SLC16A10,0.0902221015255476
SLC16A2,0.5859193398158529
SLC16A3,155.39834409121013
SLC16A7,0.0014281187181438685
SLC16A8,0.01222839162899952
SLC17A1,0.06505057075080632
SLC17A2,0.014797084619435076
SLC17A3,0.0480606884147512
SLC17A4,0.0002806956453526197
SLC17A5,2.253238040839832
SLC17A6,0.03561924497624714
SLC17A7,0.012248949664786618
SLC17A8,0.00024220315627533065
SLC18A1,0.058656845323138175
SLC18A2,1.0423153559441514
SLC18A3,0.1464375400642951
SLC19A1,5.993471867931583
SLC19A2,2.7090717885656828
SLC19A3,0.2975367528303748
SLC1A1,0.01120298839318817
SLC1A2,0.006893913544709416
SLC1A3,0.33603103160470565
SLC1A4,9.563392204153931
SLC1A5,434.6855733050565
SLC1A6,16.81629722581603
SLC1A7,0.002147754014763034
SLC20A1,73.65668261758499
SLC20A2,9.183473270369642
SLC22A1,0.03335805678567097
SLC22A10,0.10034501076203277
SLC22A11,0.0013043576596550117
SLC22A12,0.0016509455477321756
SLC22A13,0.0012688324633637858
SLC22A16,0.0006689834825835813
SLC22A18,11.680813758834514
SLC22A2,0.0013043576596550117
SLC22A3,0.14480005593349224
SLC22A4,0.22733303057522447
SLC22A5,3.658841007331886
SLC22A6,0.3332262579895881
SLC22A7,0.0022937520186174236
SLC22A8,0.6796964855365107
SLC22A9,0.0005369023564474429
SLC23A1,2.7063766629856154
SLC23A2,3.1083074633172076
SLC24A1,1.1119394990952447
SLC24A2,0.001616987562949695
SLC24A3,2.5886678818747115
SLC24A4,0.001338223344616181
SLC25A1,902.5613853622405
SLC25A10,94.89676320627423
SLC25A11,717.6395031182033
SLC25A12,658.0638381490215
SLC25A13,151.44822725171764
SLC25A14,3.986821722881364
SLC25A15,2.147230256323414
SLC25A16,11.755649069164088
SLC25A17,8.797526282117051
SLC25A18,0.41290820223833724
SLC25A19,3.8717387084018275
SLC25A2,0.026983515090518516
SLC25A20,3.6002442690698055
SLC25A21,0.09405440811355606
SLC25A22,9.925875024402762
SLC25A26,5.979443030117924
SLC25A27,1.2023445655058673
SLC25A28,49.34969557924144
SLC25A29,17.926842828846826
SLC25A3,1802.8870697240047
SLC25A37,16.68177781919485
SLC25A4,118.41135597499462
SLC25A5,8062.384842261284
SLC25A6,244.36607835136127
SLC26A1,0.12919641226496317
SLC26A11,9.725868282783102
SLC26A2,0.6309917656572337
SLC26A3,0.16226921407916228
SLC26A4,0.03859159050493302
SLC26A6,11.258564386165402
SLC26A7,0.0034844058850070697
SLC26A8,0.0013895949058685584
SLC26A9,0.08147773741266803
SLC27A1,2.3925656945009792
SLC27A2,2.5370611501083156
SLC27A3,6.662593041845083
SLC27A4,2.2003627999792457
SLC27A5,6.241570764403642
SLC27A6,0.06403625466536879
SLC28A1,0.010051246355366366
SLC28A2,0.0004883299710051063
SLC28A3,1.6565369010407764
SLC29A1,32.97076171049727
SLC29A2,29.98048740403704
SLC29A3,5.203955923056769
SLC29A4,26.912787644248585
SLC2A1,103.29173428905372
SLC2A10,4.741853612824023
SLC2A11,0.6611058132255948
SLC2A12,3.2099597428680897
SLC2A13,0.04588113569690246
SLC2A14,0.10768297266127509
SLC2A2,0.7271472329221568
SLC2A3,4.743619828671174
SLC2A4,0.03100721818132594
SLC2A5,0.38431384482494474
SLC2A6,6.719483880537914
SLC2A7,0.02769435809366143
SLC2A8,22.912526632489588
SLC2A9,17.217791908283974
SLC30A1,2.1174027623913636
SLC30A6,7.137045799675263
SLC30A7,7.9417332564317995
SLC31A1,6.606227971697672
SLC32A1,1.4740945089441455
SLC33A1,902.1766519199605
SLC34A1,0.002246530326856908
SLC34A2,130.86843820815847
SLC34A3,0.02799214693823482
SLC35A1,7.044210729215142
SLC35A2,41.22116205883992
SLC35A3,2.5203991795860143
SLC35B2,1.856941400357053
SLC35B4,1.1360661247953285
SLC35C1,13.07025840980007
SLC35D1,1.7559201795543948
SLC35D2,27.32176269614667
SLC36A1,2.1407663278403493
SLC36A2,0.001501785095057874
SLC36A4,1.4037316306190377
SLC37A1,2.8475439644469067
SLC37A4,6.8701947193324715
SLC38A1,8.134241437327383
SLC38A2,19.10803804834218
SLC38A3,0.09908168203605312
SLC38A4,0.0069670991813947855
SLC38A5,0.21260305846904057
SLC39A7,4.109954083264005
SLC3A1,0.0005328557624238781
SLC3A2,96.24722998432642
SLC40A1,115.50939560122576
SLC41A1,7.368933334974355
SLC41A2,1.0230425713081568
SLC43A1,0.2081517260322156
SLC43A2,26.869148817308954
SLC46A1,0.9284967160709094
SLC47A1,2.1747255157251772
SLC47A2,5.285043274234867
SLC4A1,0.00048445130833971395
SLC4A10,0.0023924719611703397
SLC4A2,8.442508374385834
SLC4A3,5.510986225980396
SLC4A4,0.010707852235246198
SLC4A5,0.6089856664382339
SLC4A7,0.13455268808460227
SLC4A8,0.014731281260981088
SLC4A9,0.0024394132098215296
SLC51A,0.15730939956507933
SLC51B,0.1317954273752661
SLC52A1,0.11277172956640528
SLC52A2,0.09357936368667576
SLC52A3,0.28454763876001143
SLC5A1,0.6851136441924117
SLC5A10,4.599365838491911
SLC5A11,0.022058212787355924
SLC5A12,0.13050810972005356
SLC5A2,0.020604611808787726
SLC5A3,0.5756052412796343
SLC5A5,66.29496530293041
SLC5A6,46.09047107312291
SLC5A7,0.0001667207195794714
SLC5A8,0.001592637441862644
SLC5A9,0.0033735245304190777
SLC6A1,0.004218854622777705
SLC6A10P,0.5602452529199754
SLC6A11,0.7900475178621038
SLC6A12,0.06483995426688542
SLC6A13,0.014809292919690908
SLC6A14,0.666006628259972
SLC6A18,0.020564936803086797
SLC6A19,0.00016545250982101533
SLC6A2,0.014369341136316703
SLC6A20,0.026413720272291566
SLC6A3,0.0002466167803052826
SLC6A4,0.0015154989217393202
SLC6A5,0.00039207212161286044
SLC6A6,1.036690271971256
SLC6A7,0.029083636726173985
SLC6A8,174.47219130365414
SLC6A9,1.1099827441930432
SLC7A1,17.87918657909677
SLC7A10,0.20126467042795074
SLC7A11,10.480889216221842
SLC7A2,0.005611182867010045
SLC7A3,0.04679511839960159
SLC7A5,24.277586366591574
SLC7A6,2.622433699867854
SLC7A7,2.3047035463485623
SLC7A8,7.236911311053198
SLC7A9,0.18898786764281258
SLC8A1,0.09948950432585164
SLC8A2,0.002877931337578712
SLC8A3,0.23722842177089118
SLC8B1,0.13932836983899105
SLC9A1,14.941876618700968
SLC9A2,0.044896482612533296
SLC9A3,2.065585237656111
SLC9A4,0.0011377592287460684
SLC9A5,0.12540283998533217
SLC9A7,1.9420102140801112
SLC9A8,6.672752970924896
SLCO1A2,0.5812119297029168
SLCO1B1,0.03705400036392741
SLCO1B3,0.013664987565046485
SLCO1C1,0.0007785450062724737
SLCO2A1,0.34547918005532663
SLCO2B1,0.7494929657779996
SLCO3A1,7.276521059569502
SLCO4A1,1.7930724864918928
SLK,10.888298263462493
SMARCD3,57.41846299300749
SMG1,0.3747647075175217
SMPD1,8.15191157383745
SMPD2,6.131118188919178
SMPD3,0.09974945680869508
SMPD4,14.850848374195188
SMS,355.80789023895426
SMURF1,4.970139860717193
SMURF2,5.297816260334951
SMYD3,14.933953681729193
SNRK,1.8242871832165968
SOAT1,4.872635737005375
SOAT2,0.0017262206084057321
SOD1,5004.9390753967255
SOD2,496.8707566354512
SOD3,0.8577817990404641
SORD,11.758830301569846
SPCS1,237.06734641475475
SPCS2,82.60841451553753
SPCS3,149.13340425026806
SPEG,0.46448114737908636
SPHK1,6.41520405286258
SPHK2,1.1845542988215227
SPR,1989.6863761174338
SPRYD3,10.316926110049609
SPTLC1,22.529900939219434
SPTLC2,1.2142009026241434
SPTLC3,0.43807309443370235
SQLE,2.190582190294508
SRC,32.59122843113799
SRD5A1,8.504387195949263
SRD5A2,0.008438217590249486
SRD5A3,12.682580288982916
SREBF1,51.16901765210082
SRM,816.2180038108684
SRMS,0.037203208646119326
SRPK1,7.317503344957865
SRPK2,7.098171076651655
SRPK3,0.14361941285901983
SSH1,3.9962341114397124
SSH2,2.1408038774595397
SSH3,43.18419439865185
SSR4,1310.7826611581258
SSU72,381.9830282077593
ST3GAL1,36.52360136129412
ST3GAL2,2.841936734586966
ST3GAL3,8.753368771438154
ST3GAL4,3.5314227424271225
ST3GAL5,1.5700744362407595
ST3GAL6,0.5120240553727889
ST6GAL1,302.22467860789453
ST6GALNAC1,8.079734811445697
ST6GALNAC2,223.57003532959405
ST6GALNAC3,0.009200456176181352
ST6GALNAC4,18.725274027125785
ST6GALNAC5,0.1205133172388927
ST6GALNAC6,15.902872198657313
ST8SIA1,0.006396010530924217
ST8SIA4,0.885268430550021
ST8SIA5,0.0022125631553155246
STAMBP,16.58251895882127
STAMBPL1,0.07994008190325308
STARD3,74.07409548179953
STK10,0.26190328102008065
STK11,31.09378483411332
STK16,0.7725810042387287
STK17A,9.364554959926647
STK17B,1.3197804493832999
STK19,0.8669064087722209
STK24,29.563055099288455
STK25,4.25922438760228
STK26,0.629690691282171
STK3,14.467039109624084
STK31,0.7152977772234925
STK32A,0.0020738838732429756
STK32B,0.3646354533935269
STK32C,3.984403691984726
STK33,1.6809056064730936
STK35,5.0102807928714235
STK36,2.9074649298552684
STK38,12.443873041191061
STK38L,16.81539224048531
STK39,46.94784045576459
STK4,1.302314171424292
STRA6,216.72894813421811
STS,0.33351703426298784
STT3A,11.053971696976026
STT3B,17.18608113402497
STUB1,33.01525155452243
STYK1,3.4798820731630076
STYXL1,10.181053468673344
SUCLA2,77.75496780374421
SUCLG1,676.3465691873548
SUCLG2,427.92178505846226
SULT1A1,167.65127467961895
SULT1A2,17.521359172769778
SULT1A3,3.7503041530200782
SULT1B1,0.001228032686448226
SULT1C2,0.0634945781443598
SULT1C4,0.006538890640442356
SULT1E1,1.3273511575593253
SULT2A1,3.553854432798619
SULT2B1,5.138452166408513
SULT4A1,2.5941079589699023
SUOX,5.056588703586759
SUV39H1,9.343654409730833
SUV39H2,3.3668132658043692
SYK,2.10768635688124
SYNJ1,0.01665459930908672
SYNJ2,0.01908042704617352
SYVN1,0.5138063048314827
TAF1,5.764056907265135
TALDO1,1190.219749274005
TAOK1,2.32569018800105
TAOK2,6.721314772162886
TAOK3,2.6615304139509224
TARS,486.14274575007136
TARS2,2.1810423679607935
TARSL2,9.418097710088954
TAT,0.0020574434431217927
TBCB,234.40026506326325
TBK1,0.8135547836178828
TBL1X,12.228564728275213
TBL1XR1,14.37594973618283
TBXAS1,0.6842529107754525
TCIRG1,56.946677543051315
TDO2,0.3527810112600467
TECR,154.40331638464542
TECRL,0.11400593534832566
TENT2,0.15316461371698084
TENT4A,0.45357387630786017
TESK1,20.695491014001
TESK2,0.5959354503012685
TFRC,486.2493929887643
TGDS,2.2820396235324174
TGFBR1,2.235190925170792
TGFBR2,14.443068033246597
TGM1,0.37436994340064883
TGM2,178.93769749287102
TGM3,0.008982939585369018
TGM4,0.009038161263053353
TGM5,0.849770408887791
TGM6,0.0005423789698483522
TGM7,0.01438308791538765
TGS1,7.89613547396572
TH,0.0019452814728901226
THNSL1,1.1957565112184618
THTPA,1.695747152806623
TIAM2,0.006850531035777271
TICRR,0.05167590734814967
TIPARP,2.863459706317832
TK1,413.8939961625209
TK2,4.884026255638665
TKFC,17.655218887752373
TKT,1787.8075231127038
TKTL1,0.02561980913550767
TKTL2,0.00040479698446372974
TLK1,23.8640267126861
TLK2,0.23103014109502784
TM7SF2,36.58036128386123
TMEM91,65.70252694510033
TMLHE,2.423928762772611
TMX3,4.735247460231766
TNFRSF21,480.87157196821425
TNIK,0.038091634699989746
TNK1,4.372789857568019
TNK2,37.23377884940826
TNKS,1.729844055772035
TNKS2,5.011518379906689
TNNI3K,0.3354345050980549
TNS2,1.434061794943761
TOPORS,1.2231615385318597
TP53RK,6.8803212014380515
TPH1,0.005760638064797522
TPH2,0.08567194949607831
TPI1,32467.922077337418
TPI1P2,56.81327404900454
TPK1,0.24360131226144446
TPMT,4.245571204877793
TPO,0.6666932893355447
TPP1,17.354281066428054
TPSAB1,1.3000972241734967
TPSB2,1.687411730433978
TPSD1,5.340733439554472
TPST1,3.7147670213193567
TPST2,21.20171332580748
TPTE,0.0005811707581736358
TPTE2,0.3354345050980549
TRAF7,25.848806632112048
TRDMT1,0.08620092929723495
TREH,0.0020331911699155666
TREX1,3.7811398804437935
TREX2,1.5313768875363212
TRHDE,0.16805755992133736
TRIB3,20.953068991561892
TRIM11,35.37430205401611
TRIM32,0.7720888390530619
TRIM33,2.1473750486683825
TRIM63,0.5828185949801588
TRIO,1.0368926798389626
TRIP12,9.55017121727275
TRIT1,10.731885926363898
TRMT1,6.782591333265779
TRMT11,4.352501886782704
TRMT1L,4.446565491965254
TRMU,10.52598849910447
TRPM6,0.02497885635779183
TRPM7,4.883366456313994
TSSK1B,0.001330548728715292
TSSK2,0.0231714118888251
TSSK3,2.1890332809241593
TSSK4,0.06904413776619849
TSSK6,0.35912117514036224
TST,39.59402718953896
TSTA3,563.5246596191143
TTC3,3.844882167066691
TTK,0.3537749670754632
TTL,1.218613336439481
TTLL10,0.01618567616487083
TTN,0.021777788397432423
TUSC3,6.38711959187084
TUT1,0.29953019823821214
TUT4,0.6950417161591614
TUT7,0.1907089895411479
TXN,4502.215383104091
TXN2,47.445366139019384
TXNRD1,424.3209950619087
TXNRD2,7.564041181395124
TXNRD3,2.592851300308967
TYMP,547.9440812674729
TYMS,34.47912707720121
TYR,0.0006315122976160683
TYRO3,5.824214781235622
TYRP1,0.006658641220443022
UAP1,29.650475430498954
UAP1L1,5.836371188074421
UBA1,753.2978048852153
UBA2,186.81683427744446
UBA3,47.08344691784086
UBA6,67.0626992771281
UBA7,14.200110813529951
UBE2A,61.25324664064183
UBE2B,24.643128148052757
UBE2C,62.3269913083905
UBE2D1,9.180624714913094
UBE2D2,26.192823823401312
UBE2D3,725.2839753529619
UBE2D4,2.0673951343787054
UBE2E1,58.1581528204865
UBE2E2,3.4709474884244225
UBE2E3,24.957806733602283
UBE2F,1.1200322477027178
UBE2G1,13.027076324986119
UBE2G2,5.120218771247186
UBE2H,201.728255797731
UBE2I,1103.0927452742037
UBE2J1,5.653224671485081
UBE2J2,41.594025482894885
UBE2K,458.54256880116566
UBE2L3,983.2597041281867
UBE2L6,134.59650580273143
UBE2M,201.25731802605213
UBE2N,39.72841105356349
UBE2NL,10.270634298265717
UBE2O,20.20407964720354
UBE2Q1,9.125005360274933
UBE2Q2,2.0575964567260936
UBE2QL1,0.002208000323754944
UBE2R2,10.516167004295287
UBE2S,186.42359165886114
UBE2T,19.57659481791854
UBE2U,0.023784263818109993
UBE2W,7.558881093673493
UBE2Z,236.49348725658146
UBE3A,22.738425936569573
UBE3B,6.222900436650174
UBE3C,3.9221252305291965
UBE4A,0.5682366909472806
UBE4B,2.6080674571373352
UBLCP1,67.60996078645053
UBR1,0.33115683274282515
UBR2,2.2029503862101762
UBR3,0.04497173428064389
UBR4,4.645854188039696
UBR5,0.615045709483648
UBR7,6.775307248690406
UCK1,5.2388212976849715
UCK2,10.626290055745159
UCKL1,44.96229931472183
UCP1,0.009033766425158138
UCP2,36.127984971762274
UCP3,0.030363872946403192
UEVLD,9.699858271289738
UGCG,10.138982373648407
UGDH,145.5441486959281
UGGT2,0.7977631226423163
UGP2,1261.4292051992263
UGT1A1,0.024470295101292498
UGT1A10,18.18437186615266
UGT1A3,0.001442059261705402
UGT1A4,0.0070348488975350565
UGT1A5,0.0005245885627434764
UGT1A6,25.900975716474143
UGT1A7,0.009035649485976545
UGT1A8,5.925646567930152
UGT1A9,0.08078290417504394
UGT2A1,0.0008326344857754776
UGT2A3,1.2389146853275619
UGT2B10,1.2536713325042186
UGT2B11,0.23720441855058141
UGT2B15,0.0002015241445848435
UGT2B17,0.0023887464781053875
UGT2B28,0.0007514317176662308
UGT2B4,0.001690413597661852
UGT2B7,0.000720267747433625
UGT3A1,0.0001629643274839446
UGT3A2,0.4674274194375321
UGT8,0.17435279614277743
UHMK1,35.06428545559537
UHRF1,0.9019511534688769
UHRF2,5.1905066895991006
ULK1,44.594109896998205
ULK3,83.72189031359738
ULK4,0.13388005093162933
UMPS,180.26680964462324
UPB1,0.0006306210628129303
UPP1,9.276725121396227
UPP2,0.3354345050980549
UPRT,3.0449642895473055
UQCR10,77.58944691891931
UQCR11,216.43456159340127
UQCRB,90.71348574989489
UQCRC1,2416.6085051807077
UQCRC2,2809.7988630240266
UQCRFS1,454.0805350758645
UQCRH,97.25232634041195
UQCRQ,90.33532993386987
UROC1,0.0002993088097469411
UROD,33.361043503194935
UROS,33.082599288907005
USP1,6.530324760753496
USP10,5.1800630819625315
USP11,22.037897028141188
USP12,2.166375986197426
USP13,0.7832610504299007
USP14,75.6342623325325
USP15,1.5744378406123136
USP16,8.591633972464354
USP17L2,0.7544524097088302
USP17L22,0.04998256910149056
USP17L30,0.050968258904732194
USP17L5,0.050968258904732194
USP17L9P,0.3354345050980549
USP18,0.818140567468119
USP19,0.6948642886570162
USP2,0.35808631172781613
USP20,6.034601633272979
USP21,20.624830365701648
USP22,49.3231027870502
USP24,0.8649675272638746
USP25,0.031204978639552825
USP26,0.08118014005684498
USP28,6.950506946666504
USP29,0.08228852752006045
USP3,0.5807511323570715
USP30,0.0980983851301773
USP31,1.833938910199203
USP32,0.43064517907188904
USP33,5.645825508303435
USP34,12.74769943382554
USP35,0.6095177262702841
USP36,10.646846348683418
USP37,0.5304872404327665
USP38,1.6617869592979333
USP4,1.2472852524899822
USP40,0.6579458983812179
USP41,0.01834435481333142
USP42,6.285925378889204
USP43,1.4899727034485213
USP44,0.07422174278099643
USP45,0.449684401779628
USP46,0.909550028853039
USP47,6.236756727790371
USP48,0.3828736966370854
USP49,0.0732203406335887
USP51,0.08620516065833467
USP6,0.027273734303122566
USP7,26.706502668171083
USP8,0.5542975939367474
USP9X,6.138312748277984
USP9Y,2.7853527992934035
UST,3.663815422161797
UXS1,45.81489551538504
VARS,19.618252660687812
VARS2,21.800981173493064
VKORC1,66.76386530178436
VNN1,0.0034826428262856807
VNN2,0.02633859596974464
VNN3,0.003950192008575885
VRK1,54.6518394374398
VRK2,7.572846142729292
VRK3,16.299364612979012
WARS,1280.3741449621589
WARS2,10.70457554969019
WDYHV1,21.94159395678545
WEE1,2.804288993902702
WEE2,0.0037213912112697904
WNK1,8.402889847690638
WNK2,2.0975332367718202
WNK3,0.011021903070886817
WNK4,0.01289892455433862
WWOX,3.4666670794377534
WWP1,20.9757519396243
WWP2,0.07840404201174453
XDH,5.538120508249256
XPO6,0.352116034561767
XPO7,21.481628439699332
XYLB,1.587429424921017
XYLT1,0.026786502257338096
XYLT2,73.58356620844754
YARS,2625.874363056637
YARS2,81.07108788986352
YES1,14.696525035763415
ZADH2,1.4712183065921882
ZAP70,0.5846413061505656
ZC3HAV1,1.4787667503270994
ZNRD1,1.184422203135826
ZNRF1,4.3500493679372205
ZNRF2,8.156664542503064
ZSWIM2,0.003727607600200797
