A4GALT,89.5959834235061
A4GNT,0.008706779018182589
AACS,105.42361426953991
AADAC,4.454684486814116
AADAT,0.14218736428477582
AAK1,16.62431230093528
AANAT,0.010804738702945203
AARS,449.37995909508413
AARS2,1.7035105974139764
AASDH,0.6107570707002316
AASDHPPT,4.3675266861496285
AASS,0.09814650068156536
AATK,0.06302860498643738
ABAT,0.7330988565950172
ABCA1,2.461867607510257
ABCA3,4.677265595226013
ABCA4,0.70624306013812
ABCA8,0.01397137410680004
ABCB1,0.22084522787999092
ABCB11,0.04664320692677182
ABCB4,0.020640124629293516
ABCB6,50.85660882985489
ABCC1,7.693901298252824
ABCC11,0.03686579053401453
ABCC2,1.961143438484139
ABCC3,8.30460673315837
ABCC4,3.520134356099243
ABCC5,84.06310099840314
ABCC8,0.00027629286108597203
ABCC9,0.10973032409570672
ABCD1,4.110234859503888
ABCD2,0.0036051834442185023
ABCD3,35.45920093316799
ABCG2,0.09631606868434708
ABCG5,0.0006473145320853832
ABCG8,0.026673876708283938
ABHD12,25.73037863846601
ABHD5,5.110507994043373
ABHD6,2.4294739572265254
ABL1,17.85841333706955
ABL2,6.245870866243091
ABO,24.57763204382699
ACAA1,11.371364835107244
ACAA2,2.2452398032017578
ACACA,22.693116585237675
ACACB,0.11098732162615141
ACAD10,0.9653112537477863
ACAD11,0.09017081403324634
ACAD8,5.180513345696983
ACAD9,344.09358938993824
ACADL,0.12289025981058088
ACADM,3.5509556677059093
ACADS,6.261896664634651
ACADSB,51.36015304903898
ACADVL,397.6972584479712
ACAT1,11.100866849624936
ACAT2,34.55281287145471
ACE,2.1064068207068836
ACE2,0.1326668608312404
ACER1,0.008922953882815336
ACER2,0.5603431589253454
ACER3,1.1697516656932059
ACHE,0.42759830713176183
ACLY,123.95994827915636
ACMSD,0.0019820960431143593
ACO1,16.27704768500788
ACO2,63.11925035618308
ACOT1,0.18605702970801713
ACOT11,0.4067763645711322
ACOT12,0.09846384054416166
ACOT13,7.944678157966079
ACOT2,2.15906796135524
ACOT4,0.0936413992144498
ACOT6,0.009586111032012986
ACOT7,33.162990167356455
ACOT8,12.54259891309263
ACOX1,1.9793300521617705
ACOX2,0.05093419876500954
ACOX3,2.394777595938208
ACP1,4579.563904658807
ACP2,3.3096534478156046
ACP4,0.0036202735317779565
ACP5,74.37601259157492
ACP6,6.479663432337895
ACP7,0.44999467512671487
ACPP,13.481221390075204
ACSBG1,0.05177777261688859
ACSBG2,0.009475906848575955
ACSF2,1.6962784804238502
ACSF3,4.179780021507443
ACSL1,17.538152764917136
ACSL3,7.4573692940407454
ACSL4,1.7457529939613003
ACSL5,0.5423183425731007
ACSL6,0.21603985081194502
ACSM1,0.0963421103952697
ACSM2A,0.0585122933778039
ACSM2B,0.06320048198640206
ACSM3,0.06635718574503525
ACSM4,0.24076687484729298
ACSM5,0.0028556601504778505
ACSS1,4.060114045521833
ACSS2,10.958653634891652
ACSS3,0.08910657521857597
ACVR1,39.59808435365398
ACVR1B,7.29262763566445
ACVR1C,0.6171972559553607
ACVR2A,1.092753336685965
ACVR2B,0.12243342089477553
ACVRL1,2.0835165410419214
ACY1,9.729470095647246
ACY3,0.16143798435589693
ACYP1,3.8225821518125374
ACYP2,3.5979305926058527
ADA,7.516549198971803
ADCY1,0.029545867851911205
ADCY10,0.05659234303082609
ADCY2,0.2888055800960788
ADCY3,15.898614437735025
ADCY4,0.16276794188036683
ADCY5,0.055799930514552606
ADCY6,4.568092156557833
ADCY7,7.8760535091670025
ADCY8,0.0003642351858676739
ADCY9,3.3011268880022056
ADH1A,0.001528336697523119
ADH1B,0.0031966755777028556
ADH1C,0.2597891589565424
ADH4,0.0018352482575825781
ADH5,233.3618747925408
ADH6,0.0015239886932846285
ADH7,1738.3854227070547
ADHFE1,0.5917820947785154
ADI1,85.78197621251459
ADK,35.48401171898998
ADO,14.33964520432397
ADPGK,47.314712939883535
ADPRH,7.334689755548451
ADSL,401.5132710712677
ADSS,297.51380430573454
ADSSL1,1.5783365176200883
AFMID,7.315402902612016
AGA,35.22566739028031
AGK,2.5479346815857027
AGL,0.46607411559532663
AGMAT,0.010273179255581582
AGPAT1,1.0946614335855551
AGPAT2,142.0086412257783
AGPAT3,18.14920190840126
AGPAT4,0.18918426900342272
AGPAT5,2.956972971502401
AGPS,30.79577076250294
AGT,0.12141061144878725
AGXT,1.1981950333722313
AGXT2,0.00028998286893960564
AHCY,11292.03571477798
AHCYL1,15.287832581380734
AHCYL2,1.9482990700278766
AICDA,0.0002343077376948496
AK1,151.88977461854194
AK2,239.12915342039233
AK3,9.004746750180741
AK4,105.15189100100767
AK5,0.06944361673311654
AK7,0.08474327543339295
AKR1A1,188.33563083199286
AKR1B1,120.40138874506842
AKR1B10,3858.3278662164143
AKR1B15,36.42362238473968
AKR1C1,8397.408475100918
AKR1C2,3410.811124932136
AKR1C3,6225.554085593089
AKR1C4,4.551321158134874
AKR1C8P,0.3354345050980549
AKR1D1,0.00024473164639519614
AKR7A2,79.29157705973377
AKR7A3,0.014457238950735318
AKT1,4.393294374708293
AKT2,1.4726094599689734
AKT3,21.13914108496143
ALAD,321.76837381810753
ALAS1,19.885371381217688
ALAS2,0.014823279131642511
ALB,70.0017793015632
ALDH18A1,188.8519693644388
ALDH1A1,265.1732825532442
ALDH1A2,0.051879935798421914
ALDH1A3,5.968793658664305
ALDH1B1,7.260858020812539
ALDH1L1,11.09871802106495
ALDH1L2,2.068765293286213
ALDH2,592.3110765858256
ALDH3A1,2049.1612030418155
ALDH3A2,476.17805319238107
ALDH3B1,4.2812680467161055
ALDH3B2,90.1285172597518
ALDH4A1,6.153854905254351
ALDH5A1,1.0567001213859417
ALDH6A1,1.5743404541726995
ALDH7A1,0.7171893458852395
ALDH9A1,921.9490793020474
ALDOA,11710.825649956198
ALDOB,0.00990981764219017
ALDOC,56.669181276470056
ALG1,1.0322163711935608
ALG10,0.4197852017826609
ALG11,0.8294314316179264
ALG12,7.313876255433139
ALG13,1.4254500796714547
ALG14,1.8282237867841327
ALG1L,13.827062766267332
ALG1L2,0.04111078434102524
ALG2,46.5617293679025
ALG3,6.194187167922765
ALG5,29.641145819142064
ALG6,0.8584317176084257
ALG8,5.665988560100255
ALG9,0.5567236716483154
ALK,0.009461808375346348
ALLC,0.001613544470197118
ALOX12,4.645847598017991
ALOX12B,0.18943531857057463
ALOX15,0.789272591265008
ALOX15B,0.548024982996697
ALOX5,5.405613023285863
ALPG,2.1334538652401167
ALPI,0.0002669167157323874
ALPL,0.9801470546833284
ALPP,0.006021831898856149
AMACR,67.98881581245072
AMD1,25.824465878015275
AMDHD1,0.03383969298495409
AMDHD2,3.1071160533251385
AMFR,0.5676221001401617
AMHR2,0.06348622862741445
AMN,0.1267155449692284
AMPD1,0.015112766574531634
AMPD2,7.1605950273133425
AMPD3,5.541570574166645
AMT,0.0749166065958367
AMY1A,0.0005596225484535471
AMY1B,2.6438139326066277
AMY1C,2.6438139326066277
AMY2A,0.0889939016823485
AMY2B,0.007663183377610575
ANAPC11,123.65571046457843
ANGPTL4,14.784148234219892
ANKRD1,0.6572333033095661
ANPEP,4.872303972151458
ANXA3,127.06014930740086
AOAH,0.3433994831444416
AOC1,0.022327631781835014
AOC2,0.0759743766552597
AOC3,1.0961794934787972
AOX1,0.03745818945703959
APOA1,0.005671722461397386
APOA2,180.33762034675766
APOA5,0.11645175048604357
APOB,1.4927272133171663
APOC1,61.24001563134776
APOC2,27.211319250515267
APOC3,46.87519708233557
APOE,236.84799390115572
APRT,1683.607731906592
AQP1,33.480862198737626
AQP10,0.0043837496829895045
AQP2,0.00013196881043843565
AQP3,478.54696284317345
AQP4,9.618041989654998e-05
AQP5,0.004281132704436389
AQP7,0.007270890190205065
AQP8,0.0006915037101920222
AQP9,0.28609452621307696
ARAF,0.9042035753848748
ARCN1,153.94628769980582
ARG1,0.02975783619608924
ARG2,4.9349229926047995
ARSA,8.293127742026625
ARSB,1.8992793429899903
ART1,0.0006884994897221612
ART3,0.004613402493639549
ART4,0.0006466413945863855
ART5,0.030507671997982256
AS3MT,0.003603259329674883
ASAH1,38.89111649255351
ASAH2,0.009956601755227178
ASH1L,0.018245019986574185
ASL,203.67708746194327
ASMT,0.0566304971118221
ASNS,448.47936808023775
ASPA,0.007440658680598746
ASPG,0.18511166982758273
ASPH,335.6152349794869
ASRGL1,0.3647157429058807
ASS1,350.17911298024546
ATE1,4.6524978554707666
ATIC,619.3214921038394
ATM,0.24729127798597217
ATP10A,0.8614096671110738
ATP11A,3.448626364392557
ATP11C,1.2738782518046854
ATP1A1,178.08524492784667
ATP1A2,0.041744372997651755
ATP1A3,0.5450295883648586
ATP1A4,0.00014275375993811037
ATP1B1,938.1795137610969
ATP1B2,0.016935474475494167
ATP1B3,273.5324006450227
ATP1B4,0.018805712370440694
ATP2B1,9.536169795579783
ATP2B2,0.0015375854405439194
ATP2B3,0.0003313188693318347
ATP2B4,64.29472553185421
ATP4A,0.001646614621022527
ATP4B,0.0015327058488216374
ATP5F1A,124.53265572432873
ATP5F1B,167.30632217246165
ATP5F1C,21.50971022167614
ATP5F1D,155.46511749348954
ATP5F1E,125.55773209538297
ATP5MC1,4.311892001287344
ATP5MC2,2.868050998110428
ATP5MC3,5.997867959791037
ATP5ME,117.38991896387836
ATP5MF,1.481717785000078
ATP5MG,179.57272888452187
ATP5MGL,23.718922705117464
ATP5PB,5.524565248774745
ATP5PD,6.7181129554220975
ATP5PF,4.959033242795014
ATP5PO,42.13932100131758
ATP5S,0.3354345050980549
ATP6V0A1,1.6931363545760711
ATP6V0A2,0.20654513766405638
ATP6V0A4,0.03471407595499148
ATP6V0B,141.24499644481557
ATP6V0C,798.9434059053086
ATP6V0D1,589.8855778046329
ATP6V0D2,0.32998038844798994
ATP6V0E1,569.6209358709825
ATP6V1A,448.631368150735
ATP6V1B1,0.5383961931387728
ATP6V1B2,277.1280633684869
ATP6V1C1,10.861777349331673
ATP6V1C2,0.1387283047716612
ATP6V1D,32.823078833694844
ATP6V1E1,177.68653849621646
ATP6V1E2,1.0175405849298143
ATP6V1F,60.49322779497164
ATP6V1G1,79.9878691806792
ATP6V1G2,0.0007404234744948204
ATP6V1G3,0.2330917175245828
ATP6V1H,29.404478374790614
ATP7A,0.9565691458419069
ATP7B,0.2717251126408964
ATP8A1,0.14355984797937724
ATP8B1,8.915812379065123
ATP8B2,4.791039362959556
ATR,0.03941489498873286
AUH,1.8388416476842968
AURKA,0.058821154843463765
AURKB,4.983030546416588
AURKC,0.06474111422761736
AWAT1,0.0016880546965495368
AWAT2,0.6905945531355334
AXL,0.04623157503902962
AZIN2,0.7963414524148358
B3GALNT1,0.11910982962284904
B3GALNT2,12.697849979355343
B3GALT1,0.0191156874089058
B3GALT2,0.0012031605446275084
B3GALT4,1.3812127965059229
B3GALT5,0.008018650743925021
B3GALT6,3.102573569669699
B3GAT1,0.0139628984675963
B3GAT2,0.002877260391625798
B3GAT3,27.231015506671255
B3GLCT,0.7866139610071975
B3GNT2,8.956020789034664
B3GNT3,0.5888136192255624
B3GNT4,0.06227714466027924
B3GNT5,41.71594120128243
B3GNT6,0.0007398123210337757
B3GNT7,1.2158830267848812
B3GNT8,2.379722667136469
B3GNT9,5.726429270811553
B3GNTL1,1.3167213530275477
B4GALNT1,10.35849329641793
B4GALNT2,0.03842996239525153
B4GALNT3,38.5028272656774
B4GALNT4,8.80706709388698
B4GALT1,173.18211214583343
B4GALT2,32.2651243632355
B4GALT3,46.70516924673139
B4GALT4,187.8394649764145
B4GALT5,30.226342262161864
B4GALT6,0.06914481957023258
B4GALT7,11.999451217727115
B4GAT1,2.277812689362301
BAAT,0.0012128979168413367
BARD1,0.8997161180310533
BBOX1,0.25903656420794424
BCAP31,4265.180065804077
BCAT1,0.9184651355426727
BCAT2,25.88593102171235
BCHE,1.6320829243717314
BCKDHA,13.696218821355178
BCKDHB,2.1509852278873103
BCKDK,23.930077512567827
BCO1,0.06461878427195712
BCR,0.7497817971666544
BDH1,12.539594087663042
BDH2,0.14104533411440626
BHMT,0.8690339003060988
BHMT2,0.08054673106829716
BIRC6,3.4144271896281104
BLK,0.005989699200966877
BLVRA,1769.5719191433739
BLVRB,6349.504648456094
BMP1,22.1430069669786
BMP2K,0.18706362492405748
BMPR1A,1.477129856918044
BMPR1B,0.23276370269946794
BMPR2,14.85902970784721
BMX,0.03472513777510605
BPGM,13.276346255853039
BPNT1,17.867277577247343
BRAF,0.5802630851901697
BRAP,0.13293426306821773
BRPF1,3.009593524232751
BRSK1,0.09250667277448617
BRSK2,0.14162762463836617
BSCL2,1.4544008325395925
BSG,101.00264927036518
BTD,2.6682256667872646
BUB1,2.7652003993315635
BUB1B,0.27775672124478945
C1GALT1,2.5944732866242206
CA1,0.0015730042768514374
CA12,27.493640238732695
CA13,5.25204931132843
CA14,0.29937777805027654
CA2,42.30763302113055
CA3,1.0307946585650598
CA4,0.0022213137646917417
CA5A,0.08417582761312976
CA5B,0.22874629741438293
CA6,0.0032137482384592382
CA7,0.002021957170850821
CA8,2.049539333445856
CA9,1.2609428587013194
CAD,50.28775416906792
CALM1,139.89869019506858
CAMK1,2.392040849364043
CAMK1D,3.5120273332283403
CAMK1G,0.013277616040992608
CAMK2A,0.021677816051083394
CAMK2B,0.014748981613558141
CAMK2D,236.02669343344402
CAMK2G,8.714804013312717
CAMK4,0.29236056290662893
CAMKK1,5.812303663105241
CAMKK2,4.669659616546739
CANT1,27.161082673581223
CARM1,21.127378051334503
CARNS1,0.034408615957512566
CARS,42.28483676755494
CARS2,24.011406349423503
CASK,40.84282666855655
CAT,226.53086511981692
CBLC,34.23820729612408
CBLL1,5.828308656686763
CBLL2,0.027434690025870352
CBR1,2121.7164179516885
CBR3,1943.5963844629948
CBR4,26.354574182166363
CBS,15.454943604930643
CBSL,0.3354345050980549
CBX1,128.04878704077413
CCNB1IP1,14.471828472864615
CD36,8.083031073214217
CD38,0.16053740786570245
CDA,106.59588941698162
CDC14A,0.1297876112192175
CDC14B,1.4599616869896463
CDC25A,0.32947821236079167
CDC25B,31.891437929301077
CDC25C,0.6704434893657508
CDC34,6.675190781422333
CDC42BPA,2.0717922712224146
CDC42BPB,2.10512762068447
CDC42BPG,13.751196263412833
CDC7,0.2555285253125833
CDIPT,169.71208965137706
CDK1,8.55086278533602
CDK10,12.385062238385641
CDK11A,0.9679664655123231
CDK11B,3.0758609600302393
CDK12,7.838015326074945
CDK13,7.7299135365761
CDK14,7.0782033320329365
CDK15,0.028792544204038588
CDK16,53.70299820939003
CDK17,2.6490233658096893
CDK18,5.935265632657551
CDK19,2.7278832479487285
CDK2,10.8260822235305
CDK20,0.6127835131023346
CDK3,1.5727061588340354
CDK4,16.202479535066097
CDK5,20.850611468555037
CDK6,9.818028949495524
CDK7,87.06543773188216
CDK8,12.963876115287812
CDK9,38.747691995629864
CDKL1,0.37197161784844374
CDKL2,0.0021551069657423155
CDKL3,0.23481405055040358
CDKL4,0.0014360131548543686
CDKL5,0.3525051510980177
CDKN3,6.179307552059873
CDO1,0.026704607549593504
CDS1,21.66431476114858
CDS2,4.388834493920274
CDY1,0.256335927830294
CDY1B,0.256335927830294
CDY2A,0.04923577690024244
CDY2B,0.04923577690024244
CEL,3.349085123834362
CEPT1,2.9171979578360876
CERCAM,79.41347050622875
CERK,18.24347116069333
CERS1,0.0037767510940302875
CERS2,194.68223072361397
CERS3,4.447396723752897
CERS4,24.584483407556263
CERS5,20.966255760022648
CERS6,16.706165004752492
CES1,10920.027418708378
CES2,14.284787757204846
CES3,0.01169457802339473
CES5A,0.0027560310236065693
CFTR,0.002333735526454691
CH25H,0.1279973331948137
CHAT,0.00024243232236019713
CHD9,4.8841448001628205
CHDH,0.04144213705425484
CHEK1,0.4054278852323027
CHEK2,3.2802868756199235
CHFR,3.599131349196826
CHI3L1,3.9819441822352415
CHIA,0.34819723870797287
CHIT1,0.2690745433293777
CHKA,1.7664510641290336
CHKB,0.006508227147142404
CHMP4A,26.201756542772397
CHPF,214.86047682918613
CHPF2,21.219849270969686
CHPT1,2.8512109881619745
CHST1,2.3634771851821257
CHST10,0.7303167802579339
CHST11,6.838065467347966
CHST12,8.615791471339405
CHST13,0.008616450691003726
CHST14,1.3893511042723363
CHST2,56.59345029758331
CHST3,8.277692096206325
CHST4,0.017494716108604664
CHST5,0.001874289258564361
CHST6,0.07590429568553986
CHST7,14.648438655060065
CHST8,0.004314031145721567
CHST9,0.0029017327717574815
CHSY1,11.569676687670952
CHSY3,0.481214723522379
CHUK,0.7592539271423625
CHURC1-FNTB,0.0010674408178985408
CIDEA,0.01402027935873563
CINP,0.7262005394343111
CIT,0.7712606696401856
CKB,41.304473266314595
CKM,2.754887597586876
CKMT1A,14.98611051020343
CKMT1B,10.717712567289782
CKMT2,0.11344772454991603
CLC,29.70780291316182
CLCF1,4.155920538951362
CLK1,0.9864447692809157
CLK2,10.356945193259397
CLK3,1.030588269985962
CLK4,0.29027611778755535
CLOCK,1.0162009390105402
CLPS,9.828993754263943
CLTRN,0.5786685643266595
CLYBL,0.2518966836780768
CMA1,0.03291782847125048
CMAHP,0.04049364947537495
CMAS,50.909179703032414
CMPK1,405.5358778243828
CMPK2,0.21217381140563882
CMTR1,4.115778316984253
CNDP1,0.10098650708592134
CNDP2,15.725389875874846
CNOT4,2.2100533406472107
CNP,15.953038836764089
COASY,932.0159133613653
COL4A3BP,2.202658376403662
COLGALT1,4.827811645801103
COLGALT2,0.08819212596505183
COMT,193.13045201956226
COMTD1,668.2292187110379
COP1,0.4785008438550989
COPA,323.6737085042633
COPB1,253.77260031162913
COPB2,129.80271280929773
COPE,869.3763811269185
COPG1,309.44183341903886
COPG2,53.48499398307243
COQ2,5.03128776643049
COQ3,6.1370389887525825
COQ5,0.9257743923127607
COQ6,3.1048747446902887
COQ7,0.1758143291895163
COX1,7.766401376158287
COX17,70.85305968244798
COX2,5.3369352212394165
COX3,0.33446363282071023
COX4I1,1487.3732240860795
COX4I2,0.2886799400708741
COX5A,504.84838562253833
COX5B,929.2402565433681
COX6A1,11.854206666975804
COX6A2,0.7444096238391892
COX6B1,181.86621764701133
COX6B2,0.3793201484322646
COX6C,173.76255457067685
COX7A1,3.6794275082856163
COX7A2,30.250405814031517
COX7A2L,211.08834891697754
COX7B,567.0538129165735
COX7B2,0.3354345050980549
COX7C,348.30478740474416
COX8A,1759.440639137218
COX8C,0.0025006835084656776
CP,0.014719021439246275
CPA1,2.3131739981911728
CPA2,0.004879967674534909
CPA5,0.0009602289490627344
CPA6,0.2595216838742958
CPOX,89.71210253175738
CPS1,0.00622113800262485
CPT1A,0.7523675771441214
CPT1B,0.003818327789728741
CPT1C,0.18638413026493894
CPT2,27.1646979942346
CRAT,16.01563406523098
CREBBP,0.16094879274109203
CRLS1,4.344022604283931
CROT,5.6113294392153135
CS,4643.831467136716
CSAD,0.7634235548064027
CSF1R,5.313698459086911
CSGALNACT1,1.230475509211902
CSGALNACT2,7.621804223259399
CSK,57.35528652122265
CSNK1A1,170.2831249178352
CSNK1A1L,0.3503925288223765
CSNK1D,62.92704377441808
CSNK1E,4.218677446582264
CSNK1G1,2.8815856107527886
CSNK1G2,57.90531969528023
CSNK1G3,7.20694265545096
CSNK2A1,430.4016662942061
CSNK2A2,455.0882726000269
CSNK2B,71.04658197130888
CTBP1,59.757424660690724
CTDP1,1.1573069790957513
CTDSP1,55.42306618012188
CTDSP2,81.32333453732451
CTDSPL,7.994984678087875
CTDSPL2,1.720990258014426
CTGF,0.3354345050980549
CTH,0.07803051649172231
CTPS1,0.2774814774265704
CTPS2,2.760185412880595
CTSA,165.17847677535957
CTSB,4201.308015387487
CTSC,70.13496828173942
CTSD,3108.8710608082356
CTSE,0.0003235712871296214
CTSF,5.543041789351472
CTSG,0.2584371548722826
CTSH,59.011455696766205
CTSK,104.67406423253125
CTSL,22.309476873829027
CTSO,4.185836704383361
CTSS,7.4265568946344525
CTSV,0.5139622638412911
CTSW,0.5485661119517447
CTSZ,11.824069506170419
CUBN,0.006099983793271752
CWC27,9.920898416052935
CYB5D1,3.9596997798524938
CYB5R1,61.24032255270735
CYB5R2,28.41319092760639
CYB5R3,2797.1405964698997
CYBB,2.6609496237308328
CYBRD1,28.316502445514157
CYC1,1286.107243179963
CYLD,2.8088086515853177
CYP11A1,0.004589578578983676
CYP11B1,0.8426372984421979
CYP11B2,0.08105018928386314
CYP17A1,0.0029986804003931163
CYP19A1,0.010337737317658816
CYP1A1,0.18377077273447714
CYP1A2,0.0005361671857593353
CYP1B1,1.8634931656054798
CYP21A2,0.1014757002698907
CYP24A1,0.002413798718146553
CYP26A1,13.006943446499278
CYP26B1,0.8685730226758497
CYP27A1,1.2908443941069838
CYP27B1,0.1456139954035249
CYP2A13,0.001216830473452886
CYP2A6,0.00325887091469727
CYP2A7,0.05996477628878289
CYP2B6,0.0014913413274165808
CYP2C18,1.937038255129908
CYP2C19,0.013393445035628296
CYP2C8,0.0003710541253102756
CYP2C9,0.009596211555066368
CYP2D6,0.025677735087517486
CYP2E1,0.021080754040464326
CYP2F1,0.005530524566721435
CYP2J2,0.12716632385221166
CYP2S1,180.85213185871802
CYP2U1,0.12237126202455903
CYP39A1,16.72822821388265
CYP3A4,0.0002345471027815068
CYP3A43,1.2489318499587934
CYP3A5,0.07050942352141432
CYP3A7,0.15747794336040138
CYP46A1,0.009535512621802621
CYP4A11,1.6372931884537043
CYP4B1,0.2204191214873149
CYP4F11,111.05974078870862
CYP4F12,0.7134501363431416
CYP4F2,0.2683195900260864
CYP4F22,0.3212311220611115
CYP4F3,58.584566664234174
CYP4F8,0.061761564825554165
CYP4V2,0.6237970304133895
CYP4X1,0.4562206649647413
CYP4Z1,0.0029160633518901555
CYP51A1,128.8670252798731
CYP7A1,0.015615087844251259
CYP7B1,0.07723164849914894
CYP8B1,1.3996596795653906
CYTB,10.283962318241796
DAD1,464.1062103252663
DAGLA,0.16074769476296683
DAGLB,10.427608301843112
DAO,1.8577966562707513
DAPK1,4.378248280041474
DAPK2,0.509440266080098
DAPK3,6.366405736590942
DARS,4048.3129392435544
DARS2,16.064082720396858
DBH,0.0023661367428842624
DBI,193.78641478509832
DBT,1.384352131776259
DCK,4.461292298776271
DCLK1,18.661040873000868
DCLK2,0.09734821967542932
DCT,0.0002915366400523156
DCTD,14.559863016485702
DCTPP1,67.01750663175552
DCXR,107.42497454617319
DDAH1,10.507336521778278
DDAH2,11.632193359946982
DDC,0.04047043454968825
DDO,0.014425585297674215
DDOST,555.2561171098486
DDR1,63.7073260996277
DDR2,0.9305963911945718
DECR1,84.98810999820121
DECR2,6.06593072574275
DEGS1,11.954194942019468
DEGS2,0.1421779939945956
DERA,162.88810807728757
DGAT1,20.026394492259133
DGAT2,1.530176625470471
DGKA,45.576927862058305
DGKB,0.01768530936726429
DGKD,2.310992295508983
DGKE,0.38026640375634957
DGKG,0.635362455807839
DGKH,1.563438539185183
DGKI,0.020973032448640214
DGKQ,6.100292779934017
DGKZ,7.816078569122176
DGUOK,36.08761126288065
DHCR24,7.675072019822321
DHCR7,32.480178853938256
DHDH,0.065011709916817
DHFR,374.56987932714225
DHODH,0.843715216565164
DHRS2,0.042065633513855456
DHRS3,87.36261226225942
DHRS4,181.8728066522719
DHRS9,0.04531792798607548
DIO1,0.0005363264579477505
DIO2,3.2743135034039343
DIO3,0.09569053060121509
DLAT,239.09175569897434
DLD,1065.275175720151
DLST,98.94053898988177
DMGDH,0.07321995302847481
DMPK,7.759755429468242
DNAJC6,0.04253037828520404
DNMT1,8.898235306311676
DNMT3A,2.2391550694487505
DNMT3B,1.4423421135168148
DNMT3L,0.0004738578484835034
DOLPP1,5.658709714807126
DOT1L,4.3692863506637245
DPAGT1,11.664999752912793
DPEP1,0.002047170374581756
DPEP2,0.09090689970017278
DPEP3,0.0004610805358027459
DPH5,36.67466492831268
DPM1,1061.0242538814107
DPM2,29.66806615068039
DPM3,27.17479946850737
DPYD,0.6835226980849514
DPYS,0.004461093856172887
DPYSL2,1035.1311139626505
DPYSL3,54.313289458420414
DSTYK,6.83782807940503
DTYMK,21.043392238287346
DUOX1,11.361160777542194
DUOX2,2.9211805356683374
DUPD1,0.008727853006080945
DUSP1,280.37332544681976
DUSP10,6.196022518555848
DUSP11,17.52330714962093
DUSP12,7.0761957056374705
DUSP13,0.09424154111506891
DUSP14,4.318638749861859
DUSP15,0.03799621203341602
DUSP16,5.018010277065133
DUSP18,1.0814943884221393
DUSP19,0.03554856462734785
DUSP2,2.2558102202221506
DUSP21,0.08186674790155296
DUSP22,22.424662953225845
DUSP23,133.67091627852486
DUSP27,0.03990332026627996
DUSP28,0.5831022861991194
DUSP3,211.0265417636314
DUSP4,0.634217188173872
DUSP5,18.66115211586918
DUSP6,9.419443767735434
DUSP7,62.96665571504572
DUSP8,2.948035662130191
DUSP9,4.894545564050079
DUT,240.42890645632832
DYRK1A,6.9763474391987765
DYRK1B,8.564896457079623
DYRK2,6.791054028909161
DYRK3,1.4215937051597691
DYRK4,4.153347431531386
DZIP3,0.713155620437148
EARS2,0.7188744079105773
EBP,812.0289968939552
ECH1,384.80155947425277
ECHDC2,3.0180461320349288
ECHS1,138.0260203364897
ECI1,139.94805878717108
ECI2,2.5547557026141687
EGFR,4.496723554003394
EHHADH,1.886487559994361
EHMT1,0.7057096508877357
EHMT2,0.17858820636412
EIF2AK1,92.55597772998931
EIF2AK2,26.29763913020092
EIF2AK3,4.809204296430717
EIF2AK4,0.35789119815870846
EIF4EBP3,5.409770027392558
ELOVL1,9.379458245532398
ELOVL2,0.03018588408969789
ELOVL3,0.015814069045635024
ELOVL4,0.8554252959394782
ELOVL5,1.6949869062212772
ELOVL6,1.1652464238769038
ELOVL7,2.903568344614659
ELP3,0.9211680905187998
ENGASE,1.610655934804337
ENO1,1317.9706206005167
ENO2,53.57324469513404
ENO3,14.793686407380994
ENOPH1,230.74279310266533
ENPP1,0.7878537607562464
ENPP2,1.6298445680741174
ENPP3,0.0009395310309941013
ENPP6,0.0006884994897221612
ENPP7,0.0011403281213752444
ENTPD1,1.1450887524286253
ENTPD2,4.571728441072798
ENTPD3,2.732305888972176
ENTPD4,4.709115742691414
ENTPD5,1.9939282765643076
ENTPD6,18.580676600425555
ENTPD8,0.033827532792953974
EP300,2.038962499090843
EPHA1,6.358273267352429
EPHA10,0.026789196287024964
EPHA2,2.300286834090905
EPHA3,0.5843708212291354
EPHA4,4.419176753393785
EPHA5,0.0025493778073413307
EPHA6,0.009329875688625271
EPHA7,0.01803536128851094
EPHA8,9.134931920576139e-05
EPHB1,0.17039020194959836
EPHB2,0.026771209212093482
EPHB3,118.23716039842446
EPHB4,1.298515776657104
EPHB6,1.7400032433525294
EPHX1,1197.8801680311005
EPHX2,2.047219855741454
EPM2A,0.47605244026039617
EPRS,120.33759277107357
EPX,0.012707620739359325
ERBB2,0.3652323717070055
ERBB3,7.480981359380721
ERBB4,0.05774640073406998
ERN1,1.4570369212619907
ERN2,0.0031414159704839305
ESD,1593.5981574412342
ETFA,4703.216421899938
ETFB,8808.867633533373
ETFDH,8.80316513091501
ETNK1,2.940195365616758
ETNK2,16.06119305854726
ETNPPL,1.3663166774328985
EXT1,41.58832457253653
EXT2,44.73969847634849
EXTL1,0.0054175780738017825
EXTL2,3.3391252567084755
EXTL3,11.155541323297733
EYA1,2.0046341907284337
EYA2,13.959784171887287
EYA3,0.6101322691794633
EYA4,0.0893704698498159
EZH1,1.7404062705906445
EZH2,0.03825382140351923
F13A1,4.664809440358189
F13B,0.952082265681838
F2,37.171748814504454
FAAH,1.1069375040055967
FAAH2,0.9658284578173666
FABP1,53.54695633547291
FABP12,0.07934900655694876
FABP2,2.0423800119197857
FABP3,21.380824628403598
FABP4,62.8328643752371
FABP5,12049.901628669155
FABP6,2.059217583740633
FABP7,0.06260333198086637
FABP9,0.01800443162159021
FADS1,31.797890436494356
FADS2,14.002748788965254
FADS3,0.7940105549299837
FADS6,0.31181616906792886
FAH,46.99991228461581
FAM20B,30.50950138529864
FANCL,5.695348238301613
FAR1,24.681828532312043
FAR2,0.25472781597588656
FARS2,1.2973307441723951
FARSA,1443.717022107746
FARSB,2.140272731740431
FAS,2.4879745840383167
FASN,98.50476183208052
FASTK,39.169613331926065
FAXDC2,0.014854582046724449
FBP1,1.302969434741949
FBP2,0.30298877227167836
FDFT1,147.01550117619362
FDPS,219.74808072843305
FDXR,13.074976824468537
FECH,2.18715113767083
FER,0.8386123215956108
FES,0.6219794042152612
FGA,0.0001447852803835522
FGFR1,5.93667011747667
FGFR2,4.8285322374221495
FGFR3,34.76176998591086
FGFR4,1.8298542575438421
FGGY,1.8180704383378956
FGR,0.45240744568844166
FH,866.8830721684927
FHIT,0.9370162242889052
FHL2,15.963721543423489
FIG4,3.957884425009405
FITM1,0.03913808977820947
FITM2,1.3146783864590543
FKBP10,27.197356610461416
FKBP11,7.639763796754291
FKBP14,3.5209088422838004
FKBP1A,338.8646603936425
FKBP1B,0.366729386043336
FKBP2,682.953671681448
FKBP3,379.7095314803125
FKBP4,980.9169047552999
FKBP5,4.137690514826963
FKBP6,0.03580975479626277
FKBP7,5.53359700398321
FKBP8,44.86154295052852
FKBP9,115.97197789361763
FKBP9P1,0.3354345050980549
FLAD1,14.99796366014936
FLT1,3.243385079767495
FLT3,0.0010740497188013887
FLT4,0.4895244867729277
FLVCR1,1.4468387027889718
FMO1,0.4384390532165109
FMO2,0.029443022910202236
FMO3,0.12188393792306892
FMO4,0.43464440045428343
FMO5,0.670371653741346
FMO6P,0.0003461636215054215
FN3K,8.297510482241211
FN3KRP,28.40130315959894
FNTA,100.53039514913188
FNTB,0.09689715719880405
FOLR1,0.01430904042630971
FOLR2,2.8698146930324917
FOLR3,0.020672851124674815
FOSL1,74.00133474401856
FPGS,1.724962372601718
FPGT,0.5822362308568034
FRK,2.5238832112813063
FRMPD2,0.00025500009364797134
FTCD,0.016621618161439703
FTMT,0.001228759276626649
FUCA1,5.739988776800489
FUCA2,30.733376628393792
FUK,3.0364682233793068
FUT1,1.9624575413761463
FUT10,0.3624804069475369
FUT11,4.155817855960995
FUT2,3.354642846197256
FUT3,2.2591061859242116
FUT4,0.14987029883607342
FUT5,0.03328571651835406
FUT6,0.010352654709588502
FUT7,0.007695392209745502
FUT8,0.24713618311596247
FUT9,0.00012814791321829572
FYN,18.886156641287105
G0S2,3.871207437760876
G6PC,0.2573661812362027
G6PC2,0.018216384410824384
G6PC3,27.261170141216418
G6PD,3961.592001251308
GAA,153.44562484319303
GAD1,0.033904416356515914
GAD2,0.0010396692748449762
GAK,1.2639226688280196
GAL3ST1,0.0760843775170654
GAL3ST2,0.12331374059920845
GAL3ST3,0.0004922796885700294
GAL3ST4,2.710669675923684
GALC,1.4316164380808893
GALE,4.23349087322468
GALK1,187.1575825385782
GALK2,26.252873091265197
GALM,0.4922334340265424
GALNS,21.571528250110507
GALNT1,47.55336250216421
GALNT10,0.24020840476704852
GALNT11,13.731720401507442
GALNT12,0.9915326575697592
GALNT13,1.7714821339995388
GALNT14,2.0577649781827767
GALNT15,0.0116113720313577
GALNT2,188.09078089451327
GALNT3,44.21068167010267
GALNT4,0.01765325991181274
GALNT5,0.3378323917290104
GALNT6,16.015961132207302
GALNT7,0.410650502503904
GALNT8,0.0003438539878096452
GALNT9,0.008528225696964773
GALNTL5,0.43999999999999995
GALT,10.828603545245066
GAMT,35.489773223594284
GANC,0.8837568500393311
GAPDH,49032.34824156262
GAPDHS,0.18281608291194115
GARS,433.7047911222783
GART,113.14695984408931
GATM,0.5357713694745581
GBA,13.711351022070604
GBA2,6.048813967190734
GBA3,0.3354345050980549
GBE1,13.957002458434868
GBGT1,0.30658242227933596
GC,0.1128901827185453
GCAT,76.94220510003501
GCDH,4.75438062384809
GCH1,1.8666050922253619
GCK,0.012611175068640845
GCLC,109.51530305316636
GCLM,206.21196089075005
GCNT1,0.9945932164332101
GCNT2,0.3143153224238258
GCNT2P,0.3354345050980549
GCNT3,0.20822240306398926
GCNT4,0.13477630321119388
GCNT7,0.001728431092264075
GCSH,0.9022113320004361
GDA,1.0748131557187892
GDE1,26.747752575911438
GDPD2,0.08398099749409767
GFPT1,244.4856964370087
GFPT2,6.754530770498265
GGCT,65.62357270926786
GGH,217.0465018875998
GGPS1,682.9328915253624
GGT1,8.564844233230048
GGT2,1.2557625587889092
GGT3P,0.07592600970083434
GGT5,6.127810738351515
GGT6,3.7886982079859983
GGT7,0.7641436141273802
GGTLC1,0.0435699638068556
GGTLC2,0.23817156970967954
GIF,0.3354345050980549
GK,1.0637946365851059
GK2,0.9456388863331135
GK3P,0.02998622678446829
GLA,29.613879353293267
GLB1,19.365181624368198
GLB1L,0.8239512040052792
GLCE,0.4217958742100133
GLDC,0.0024150036279657833
GLIPR1,1.632265465752604
GLO1,1605.521051501415
GLRX,48.2658224598041
GLRX2,9.368162897854535
GLS,131.62198968374508
GLS2,0.13496849728043986
GLT6D1,0.0005550526046199676
GLT8D1,0.5895057304176108
GLT8D2,2.8321681844748006
GLTP,31.936067673489426
GLUD1,875.4466734787513
GLUD2,99.06814333019548
GLUL,12.609458719472068
GLYAT,0.00027836367256332573
GLYCTK,0.058130521651790966
GM2A,75.39529610170825
GMDS,88.36670519039684
GMPPA,14.3012767994226
GMPPB,126.23211561871837
GMPR,2.292473610719424
GMPR2,19.412340395432135
GMPS,649.7726352187516
GNE,2.4898687017942716
GNMT,0.05691643903917655
GNPAT,41.54284794476833
GNPDA1,26.973322930602645
GNPDA2,4.688240196956689
GNPNAT1,35.66810922490023
GNPTAB,4.858747874554652
GNS,15.415953168043984
GOT1,3006.1092076284613
GOT2,2002.2782423223782
GPAA1,287.2881944613633
GPAM,0.045525946522150175
GPAT2,0.11934813227712347
GPAT3,0.6582069289240687
GPAT4,1.352005973421296
GPCPD1,8.44814682300129
GPD1,0.016107591154200525
GPD2,149.8106539626427
GPHN,5.394498826839965
GPI,4299.314256056686
GPIHBP1,0.006069319178196885
GPLD1,0.020478846401075675
GPT,0.060039735087930764
GPT2,7.680747976371444
GPX1,67.15108396126625
GPX2,475.1226736446638
GPX3,744.8376206801521
GPX4,230.88396613729728
GPX5,0.793289329058847
GPX6,2.01032323162201
GPX7,3.390660916978196
GPX8,6.310334330731071
GRHL1,12.128409934811307
GRHPR,137.64967278170676
GRK1,0.11699235770509935
GRK2,4.014622265826703
GRK3,1.2623639556998993
GRK7,0.09452503829213595
GSR,556.1126132356748
GSS,233.28600855415303
GSTA1,11.535019414908499
GSTA2,0.023885865317926826
GSTA3,0.049740770872920066
GSTA4,137.0760688837514
GSTA5,0.06730822107466053
GSTK1,68.1731500950224
GSTM1,0.0653326841101815
GSTM2,0.07951726325954474
GSTM3,442.6622078835805
GSTM4,49.28250660655451
GSTM5,6.562753191514263
GSTO1,1626.4167489036925
GSTO2,1.9179698969928598
GSTP1,37647.173194255716
GSTT1,61.3122596833259
GSTT2,0.02638615556806529
GSTZ1,7.4551945818312255
GTF2F1,9.855799372031344
GTF3C4,1.931487269371618
GUCA1A,0.04926517112910799
GUCY1A1,2.9663227089166733
GUCY1A2,0.14827735854954194
GUCY1B1,1.0453859436592674
GUCY1B2,0.04323371136369796
GUCY2C,0.005144679194134863
GUCY2D,0.0016052951701309552
GUCY2F,0.13808747592085474
GUK1,457.15072016095974
GUSB,4.301136875865639
GYG1,39.95903092825395
GYG2,0.46335046507824657
GYS1,76.68815806933976
GYS2,0.0005349470894291609
H6PD,15.676048064365967
HAAO,0.42748944125075955
HACD1,0.6699772991826155
HACD2,3.095013644366691
HACD3,4.330319334841662
HACD4,0.5979568033382378
HACE1,0.8556107326159638
HACL1,3.0817475483917467
HADH,553.7443812904586
HADHA,1048.7107410162364
HADHB,65.47382440533362
HAGH,59.23585973853888
HAGHL,5.793104347347783
HAL,0.0005332468717510975
HAO1,0.19763453007540133
HAO2,2.123937704953015
HARS,179.28597198692896
HARS2,23.11599865720453
HAS1,0.19359585071690547
HAS2,1.8991977669950935
HAS3,46.26054087271693
HAT1,113.16285260415587
HCCS,13.722134985732716
HCK,3.3751608500090486
HCST,3.612972571916175
HDAC3,1.3771945530213265
HDC,0.0194893926018823
HDLBP,186.7330238250458
HECTD1,3.4116935656132847
HECTD2,0.5055317494556586
HECTD3,1.4311499930141567
HECW1,0.1865433759345236
HECW2,0.5652991693907958
HELZ2,0.16199531088786426
HEPH,2.2442576774743985
HERC1,0.24866831716173576
HERC2,0.08961644980374132
HERC3,4.931489876648229
HERC4,12.464947324318516
HEXA,49.62011997135794
HEXB,2.9503922621526804
HEXDC,0.3354345050980549
HGD,0.0773302873286331
HIBADH,19.332319354670368
HIBCH,25.039652963346104
HIF1AN,5.986549081137569
HIGD2A,13.559475672132391
HIPK1,4.786805431322681
HIPK2,2.1724039788815346
HIPK3,20.52986813912538
HIRIP3,0.1427222645716214
HK1,1162.8651023968714
HK2,138.35986761532982
HK3,0.2977109462453295
HKDC1,0.639074473965813
HLCS,2.743457164132455
HLTF,0.05545103402376253
HMBS,53.0469173664071
HMGCL,89.22415692304263
HMGCLL1,0.0002652834589128114
HMGCR,27.605765316324725
HMGCS1,50.091818570069655
HMGCS2,0.03920425804259952
HMOX1,67.042355427384
HMOX2,196.48195135742907
HNMT,0.3270364938384015
HPD,0.07576147161783056
HPGD,0.23037105817517284
HPGDS,0.105644043138416
HPRT1,441.54281817777
HS2ST1,4.900534704809948
HS3ST1,0.9474403514357532
HS3ST2,0.07254196278991024
HS3ST3A1,3.902559785781369
HS3ST3B1,0.9413257608963513
HS3ST4,0.01095723105519415
HS3ST5,0.00173562095685176
HS3ST6,0.004458099271105253
HS6ST1,56.71323616100138
HS6ST2,4.204849692062799
HS6ST3,0.022217728154490017
HSD11B1,0.22405344747108083
HSD11B1L,1.1968875544327655
HSD11B2,16.837045969011047
HSD17B1,12.093824127106496
HSD17B10,236.41600454182412
HSD17B11,17.641231510198175
HSD17B12,335.34172532919047
HSD17B14,3.035311361598275
HSD17B2,0.03160917289095184
HSD17B3,0.052252172138851874
HSD17B4,70.3084697334658
HSD17B6,1.7711806759366193
HSD17B7,2.3585158725541637
HSD17B7P2,0.19997956154404284
HSD17B8,0.5605519810208689
HSD3B1,0.8561440324619417
HSD3B2,0.9278984217862639
HSD3B7,9.113766004073154
HSPG2,0.4408948628116417
HTATIP2,115.00419158878385
HUNK,0.47112883630540486
HUWE1,5.32330698206253
HYAL3,0.6967408779045207
HYALP1,0.3354345050980549
HYI,15.133447674791238
HYKK,0.3304860018863759
IARS,1347.8143049045148
IARS2,136.79479776201313
ICK,4.479433489898334
ICMT,17.178742556636827
IDH1,635.4307758463011
IDH2,218.14962421728586
IDH3A,1209.994922552257
IDH3B,279.0072880234248
IDH3G,209.6690481621403
IDI1,42.644550093671825
IDI2,2.401301188587656
IDO1,0.5318307033092535
IDO2,0.0650322570798734
IDS,61.15234046195808
IDUA,2.0826633292738346
IGF1R,17.664550940456
IKBKB,4.4856427491824356
IKBKE,3.358216463112862
IL4I1,3.7443573472895557
ILK,23.12549151509497
ILKAP,11.065613388102008
IMPA1,138.4467655132288
IMPA2,253.96290769241722
IMPDH1,61.520851921723064
IMPDH2,118.13885841715184
INMT,0.584919251850065
INPP1,265.4750111243139
INPP4A,6.3971429178681944
INPP4B,0.8141439024474788
INPP5A,16.987040087705346
INPP5B,0.6317410044033798
INPP5D,0.4040357243390261
INPP5E,6.816848592934296
INPP5F,0.30571105004019233
INPP5J,0.2322830151035592
INPPL1,2.084014991596475
INSL3,0.08087823516447178
INSR,3.3008208189682
INSRR,0.0013033808686559387
IP6K1,7.250508393858488
IP6K2,8.240844175906114
IP6K3,0.016540519160662463
IPMK,2.1483950575318427
IRAK1,379.79553815876903
IRAK2,0.5584061447076875
IRAK3,0.06850878888456269
IRAK4,4.092381920115054
IREB2,5.839694726497832
ISYNA1,10.182210806479539
ITK,0.06641969033174921
ITPA,430.41332816830516
ITPK1,11.623144718297064
ITPKA,0.5147771264139772
ITPKB,19.893145562683525
ITPKC,36.097232438610945
IVD,27.38938042168027
JAK1,29.31892497243591
JAK2,0.6890540340479346
JAK3,0.5112270638673477
JMJD7-PLA2G4B,0.0008601964978391674
KALRN,0.20379460669285082
KANSL3,6.505230286385566
KARS,669.99596022609
KAT2A,4.851692975330569
KAT2B,0.6119089280329817
KAT5,7.819348305093373
KAT6A,6.028024787739987
KAT6B,2.769209433326224
KAT7,7.611812957002913
KAT8,11.108629624697397
KCNJ11,0.05403560714278076
KCNJ8,0.936283812756584
KDR,1.4261733274893487
KDSR,8.607966782246892
KHK,1.2305016381458198
KIT,0.18712522668052192
KL,0.013652334713513027
KMO,0.014489545950995096
KMT2A,0.1132089503784727
KMT2B,0.3354345050980549
KMT2C,0.02724143815923862
KMT2D,0.256842919373976
KMT2E,0.08892210317369556
KMT5A,0.08744585611927874
KMT5B,0.052531638327043204
KMT5C,0.3350355754164824
KPNA6,23.876854744572036
KYAT1,0.41426786262502635
KYAT3,10.315561941178165
KYNU,45.14064073327456
L1CAM,2.8049993671364026
L2HGDH,0.3083932131199855
LALBA,0.09996023381633702
LAP3,485.8324123316644
LARS,461.3536552364996
LARS2,3.69032218187807
LATS1,0.5027287405047642
LATS2,3.621495827724334
LBR,38.16065366518448
LCAT,0.571173813948767
LCK,0.47235135939827044
LCLAT1,2.455111481266462
LCT,7.393280592207466e-05
LDHA,10804.63924382456
LDHAL6A,0.006012858341633286
LDHAL6B,0.007197240059244457
LDHB,113.66056154547167
LDHC,0.0007100071833640828
LDHD,3.4881668016597462
LDLR,4.789526915098617
LGALS13,0.16621830202908744
LGMN,61.150850478531424
LGSN,0.00023158463505759623
LHPP,128.93485476563995
LIAS,0.3857367717984763
LIMK1,62.64154040336964
LIMK2,51.87075938811926
LIPA,26.466318364516233
LIPC,0.013784068509098284
LIPE,0.7085412260158852
LIPF,1.3406968406403874
LIPG,0.1189004327699553
LIPT1,0.5174336564327104
LIPT2,0.1244141690498546
LMTK2,6.5853579030594975
LMTK3,0.4423656785131245
LOC102724197,0.3354345050980549
LOC286297,0.001249088144466931
LOC344967,0.036741370745374556
LOX,21.852267358317366
LOXL2,98.65637613872393
LPCAT1,1.5171427121290444
LPCAT2,10.82530101579181
LPCAT3,32.461091336293656
LPCAT4,0.6386043383291934
LPIN1,1.325580302941531
LPIN2,0.5943247753922959
LPIN3,1.7052779177400528
LPL,0.22000519123205856
LPO,0.005701608726209991
LRAT,0.36797928682289166
LRP1,15.28127723956633
LRP2,0.005423583688035392
LRRK1,0.17347343582416752
LRRK2,0.009410169337722811
LRSAM1,5.535626137040987
LRTOMT,0.17500052224828475
LSS,88.75130762604854
LTA4H,309.76527136239855
LTC4S,0.8360117997040274
LTK,0.024283496111279643
LYN,6.7312255217875725
LYPLA1,132.24747226432052
LYPLA2,67.17954875902592
LYZL1,0.0013646851605292995
MACROD1,5.728936649404752
MACROD2,0.004272527260842919
MAGEA2B,0.1626710879648594
MAK,0.006097069348430508
MAN1A1,0.5736672014518094
MAN1A2,3.9068717853900012
MAN1B1,2.691359969860931
MAN1C1,0.332432622328446
MAN2A1,7.370070371305697
MAN2A2,3.8831661403835813
MAN2B1,123.63883423552386
MAN2C1,10.10833340033186
MANBA,6.04496123555335
MANSC1,38.285607973346885
MAOA,1091.9879425547545
MAOB,0.07687541814798057
MAP2K1,519.0611199481893
MAP2K2,250.7440259352858
MAP2K3,20.296689803862105
MAP2K4,26.869405560214265
MAP2K5,11.791727764025676
MAP2K6,1.5595684995662598
MAP2K7,2.0042580278345867
MAP3K1,4.05961141789432
MAP3K10,4.807475239741119
MAP3K11,38.100002270801674
MAP3K12,0.7694174446715015
MAP3K13,2.0000601195042425
MAP3K14,1.8163823889073472
MAP3K15,0.0011305138296248253
MAP3K2,7.4621797434202275
MAP3K20,0.20179825659102824
MAP3K21,0.03839897316107535
MAP3K3,4.732929494215596
MAP3K4,14.28834650592285
MAP3K5,2.1175657604133575
MAP3K6,7.808730193194766
MAP3K7,0.5788458045182501
MAP3K8,0.6559945431974588
MAP3K9,0.3583660593556573
MAP4K1,0.24669886645314512
MAP4K2,15.032613639497844
MAP4K3,6.3619730802348435
MAP4K5,17.15012272952578
MAPK1,434.5874198656346
MAPK10,4.064323780768067
MAPK11,10.217204225071384
MAPK12,10.909797282977463
MAPK13,80.48426593333797
MAPK14,56.58668445899265
MAPK15,0.8050932423271232
MAPK3,81.1250707666421
MAPK4,0.03433634088938275
MAPK6,50.26767245177665
MAPK7,9.265098586010609
MAPK8,7.0381024455472145
MAPK9,5.047363696345555
MAPKAPK2,4.0250614565310485
MAPKAPK3,14.266024234774893
MAPKAPK5,5.21723725826718
MARCH1,0.142598601231637
MARCH10,0.0023559870029872926
MARCH11,0.003999529198904829
MARCH2,18.005771935818682
MARCH3,0.3718953695265451
MARCH4,0.011882390142984235
MARCH5,7.006097859683172
MARCH6,34.739693757003714
MARCH7,44.216042963612736
MARCH8,3.3404156612384455
MARCH9,5.708764400411811
MARK1,8.459584649571612
MARK2,34.4627429231194
MARK3,19.12161503729788
MARK4,19.26431405333061
MARS,192.55846452376238
MARS2,2.7033879277802075
MAST1,0.07007374442711377
MAST2,3.5411206961493797
MAST3,1.1307129005639704
MAST4,4.32229773377354
MASTL,0.11579018187760318
MAT1A,0.006853039803711661
MAT2A,36.41133792177271
MAT2B,151.38494021008833
MATK,0.1710096092926167
MBOAT1,3.8895778299193724
MBOAT2,27.059940011786843
MCAT,10.508596927325012
MCCC1,13.601883213107936
MCCC2,45.5218971861199
MCEE,7.819823349985637
MDH1,3515.670188358878
MDH1B,0.04250731758691125
MDH2,13776.18103124168
MDM2,0.018113197654163315
MDP1,16.08559796209327
ME1,2604.475994149069
ME2,12.420800095015357
ME3,0.14562294094446063
MECR,3.3913867241964537
MED1,0.47337171623629
MELK,0.29434111562057946
MERTK,1.1043189393233381
MET,5.178628774137991
METTL1,19.140196222412634
METTL3,3.373776666156101
MGAM,0.007752655879583542
MGAT1,108.12287293089373
MGAT2,2.635988761237444
MGAT3,0.0561855729053652
MGAT4A,0.32215326841830594
MGAT4B,107.81752503473285
MGAT4C,0.22700394102848317
MGAT4D,0.02696149145334556
MGAT5,14.782987398089643
MGAT5B,0.24055572435384137
MGLL,15.756006544043109
MGMT,1.232507522309822
MGRN1,8.143102293687802
MGST1,1140.771803467585
MGST2,48.1716954409862
MGST3,90.75201024030943
MIA3,6.690472301897362
MIB1,5.598806008191359
MIB2,13.745864819067366
MID1,4.608912623386168
MIF,140.49615036235662
MINK1,0.6168651480519357
MINPP1,4.3710723227974855
MIOX,0.0006047102305415123
MIP,0.0050139155411253
MKNK1,12.206046196192506
MKNK2,241.17155653770786
MKRN1,23.317172038402557
MKRN2,5.804858100722822
MKRN3,0.38896730379171734
MLKL,2.4634429108078555
MLYCD,3.0674516354437475
MMAA,0.24525785740301456
MOCS1,0.7047083376057668
MOCS2,14.70127145401468
MOGAT1,0.05476426140032141
MOGAT2,0.0010068818681089654
MOGAT3,0.06832763191888709
MOGS,104.3327092381702
MOK,0.32663269246216176
MOS,0.09191795284698573
MOXD1,0.8319119714495629
MPC1,27.8052229308476
MPC2,12.311032245951754
MPI,7.508224414491055
MPO,0.0005153633751561983
MPST,2943.019888465093
MRPL58,13.330417578133794
MSMO1,28.559187901328862
MSRA,2.8671518632350375
MST1R,0.4786809835919627
MT1A,0.4397868526852247
MT2A,1102.326223112427
MT3,0.010509950635476717
MT4,0.3354345050980549
MTAP,222.86722136563185
MTFMT,2.3771489095775182
MTHFD1,71.88435944480025
MTHFD1L,20.556764744091137
MTHFD2,28.53703374724656
MTHFD2L,0.25559873546935147
MTHFD2P1,0.3354345050980549
MTHFR,0.6655197614376284
MTHFS,0.5791081187218787
MTMR1,1.644048259203326
MTMR14,6.583591068526066
MTMR2,1.043260558793689
MTMR3,0.293622191091919
MTMR6,4.065832408321792
MTMR7,0.021486802718081496
MTMR8,0.0018133243136792552
MTPAP,2.0811150120720168
MTR,0.26749879905933865
MTRR,4.688223139509157
MTTP,0.0017513747486822646
MUL1,8.084466699477233
MUSK,0.02185873092572107
MUT,0.3354345050980549
MVD,119.61120961070527
MVK,5.7294049747993325
MYBBP1A,62.08980254237607
MYCBP2,0.21782054459103933
MYLIP,5.117747175924821
MYLK,0.6037163909636232
MYLK2,0.03429878321627132
MYLK3,0.002725617331814122
MYLK4,0.04948063083131252
MYO3A,0.22549575107176506
MYO3B,0.05296767762450233
MYO5B,4.093843576942328
NAA10,195.24927918238265
NAAA,1.4836285574114978
NADK,6.222421359507766
NADSYN1,27.35268986033299
NAGA,7.854050421489708
NAGK,40.93226572630968
NAGLU,11.244074631610228
NAGPA,2.820478843015649
NAGS,0.21261198932459063
NAMPT,3787.4193667043546
NANP,0.7050215076862003
NANS,646.2064910198621
NAPRT,25.164291606310147
NAPSA,0.01014581925938797
NARS,1685.7461671722388
NARS2,1.4944394862729895
NAT1,1.652104391960866
NAT2,0.020383695481774024
NCOA1,8.826206938185445
NCOA2,0.22852136036556978
NCOA3,5.426102151531465
NCOA6,11.728406001882023
NCOR1,0.07053211574545852
NCOR2,1.2926457042466173
ND1,0.7496282848946749
ND2,6.647572110665278
ND3,3.518721426725826
ND4,15.91921099634504
ND4L,0.3354345050980549
ND5,3.9860139175064595
ND6,2.1511623729121254
NDST1,26.801818411365204
NDST2,1.8063746853091562
NDST3,7.979667745535148e-05
NDST4,0.0004874573342550621
NDUFA1,372.9901350906314
NDUFA10,51.39389982272541
NDUFA11,89.1235150709354
NDUFA12,14.030744984488623
NDUFA13,1781.3219034520773
NDUFA2,16.33173498989957
NDUFA3,20.455541610027325
NDUFA4,11.660924484004168
NDUFA5,19.842402315993656
NDUFA6,41.32525464585733
NDUFA7,9.599963175669302
NDUFA8,98.45743620868824
NDUFA9,42.53166813270007
NDUFAB1,268.4186038697537
NDUFB1,29.663441931438964
NDUFB10,158.6435524598572
NDUFB2,229.30505898217766
NDUFB3,155.614242917445
NDUFB4,264.6778092576541
NDUFB5,325.1034083092811
NDUFB6,18.2220323936998
NDUFB7,188.97327854758996
NDUFB8,40.775889320185954
NDUFB9,62.49334590546565
NDUFC1,16.025838276639764
NDUFC2,5.941803512141402
NDUFS1,111.81252166877364
NDUFS2,61.35811678832535
NDUFS3,349.8429023394506
NDUFS4,114.36511870065719
NDUFS5,220.13344015708395
NDUFS6,63.88418218749203
NDUFS7,49.45518588201631
NDUFS8,144.76740266857806
NDUFV1,73.6877820434727
NDUFV2,51.81368659374329
NDUFV3,22.951202569113622
NEDD4,3.330255571332069
NEDD4L,3.0063380036695513
NEK1,1.2167261154949145
NEK11,0.8790707864580957
NEK2,1.7182049550757326
NEK3,0.5634442596966854
NEK4,0.8234115296449986
NEK5,0.011523044198378019
NEK6,0.32366894617121766
NEK7,23.19624820238539
NEK8,0.2166639758607911
NEK9,0.5688075925753078
NEU1,2.228606715157217
NEU2,0.002251858561843958
NEU3,0.23714552308511402
NEU4,0.032175307092323954
NEURL1,0.14715923590013888
NEURL1B,31.70791668958623
NGLY1,4.611840003129895
NHLRC1,0.508237716107631
NIT2,1322.7086911536965
NKTR,0.898314371185781
NLK,2.1891579699538837
NLN,92.69931491631993
NME1,3605.281548271298
NME2,978.1829889299667
NME3,37.262203012034604
NME4,86.6265055286919
NME6,0.2999809769757124
NME7,1.180136350902071
NMNAT1,0.6222139821409458
NMNAT2,0.056780403196354204
NMNAT3,6.192672810534405
NMRK1,2.9351673795914386
NMT1,55.49651725689029
NMT2,0.9946778323737968
NNMT,38.129400329485414
NNT,14.935416940728246
NOL9,0.8655250060143925
NOS1,0.001068250482955788
NOS2,0.0547676326358183
NOS2P1,0.3354345050980549
NOS2P2,0.3354345050980549
NOS3,0.512020688229573
NOX1,0.0557327845777897
NOX3,0.0003658879144950225
NOX4,0.6125377716454263
NOX5,0.057401683033741185
NPAS2,7.44648967850403
NPC1,20.894602497154672
NPC1L1,0.039638331224870975
NPR1,0.17490717551199758
NPR2,1.539751854610376
NQO1,2076.7874766014615
NQO2,254.27419232622097
NR1D1,85.7127558434151
NRF1,0.7569168244886209
NSD1,7.352739022432227
NSD2,0.8117852405670956
NSD3,0.8238692165195934
NSDHL,2093.3643649419055
NSF,47.471636782048456
NT5C,107.21913267502191
NT5C1A,0.058725969276404735
NT5C1B,0.042347086839445
NT5C1B-RDH14,0.037698419756150243
NT5C2,52.93385754422835
NT5C3A,4.209671716104311
NT5DC3,1.315268285923134
NT5E,2.4415552872889874
NT5M,1.4882322488501245
NTAN1,1.9412164191161554
NTRK1,0.02363789084443632
NTRK2,54.17413761529865
NTRK3,0.007344632007093099
NUAK2,42.59370729210877
NUDT10,0.37701446447730236
NUDT11,18.868825496714795
NUDT12,1.059770078700774
NUDT2,32.5397836402621
NUDT3,2.610775641461241
NUDT4,0.037024708865717626
NUDT5,444.7872479611112
NUDT9,7.371062664470293
OARD1,11.970020898409903
OAT,464.1523610840067
OBSL1,0.7167698318277524
OCRL,10.135134866892372
ODC1,38.24287091147178
OGA,13.207835039605774
OGDH,390.4982585362265
OGT,11.421283609186307
OLAH,0.0004270535378029917
OPLAH,26.489579115791553
OTC,2.3305572451444374
OTUD5,26.668766527583546
OXCT1,108.33405564889884
OXCT2,0.005539173573165588
OXSM,1.3574473774933387
OXSR1,8.197397434849393
P4HA1,30.32509505469172
P4HA2,187.5768257237741
P4HA3,0.9043792297245598
P4HB,2374.4576827226388
PADI1,0.0034072264819487294
PADI2,0.4066422573717983
PADI3,0.051366329361607795
PADI4,0.009653990631432066
PADI6,0.3354345050980549
PAFAH1B2,418.60699068112854
PAFAH1B3,342.59187866776887
PAFAH2,1.33620811415595
PAH,1.0237857162607364
PAICS,145.40992774451763
PAK1,21.739646413493823
PAK2,161.77657300663296
PAK3,0.008503400730367858
PAK4,1.2322305756049874
PAK5,0.1843105272396382
PAK6,17.441167442431624
PAM,0.4554174598651466
PAN2,1.363675469755
PANK1,0.14600986806985458
PANK2,10.206637417690061
PANK3,10.680481165557852
PANK4,8.73902053211522
PAOX,1.9268913926510458
PAPOLA,2.901037830116982
PAPOLB,0.24772342493477742
PAPOLG,2.275858042858158
PAPSS1,58.15533283603747
PAPSS2,3.4728462261383846
PARP1,96.68590733948086
PARP10,1.1510259175679578
PARP11,0.5154073690259776
PARP12,1.0919154589407087
PARP14,5.358764561024609
PARP15,0.009086482987592553
PARP16,6.153996773072049
PARP2,3.5674416206326445
PARP3,9.636059849920636
PARP4,4.597552261103754
PARP6,12.620640197426406
PARP8,1.356994717689456
PARP9,1.3777473990253042
PARS2,0.7097577908244324
PASK,0.42267333552639486
PBK,2.0507417075628496
PC,31.49859958695861
PCBD1,163.2176356868394
PCBD2,4.439041599500083
PCCA,4.4367944588183095
PCCB,8.636674547276067
PCK1,0.0011878547814691014
PCK2,12.493198178792913
PCMT1,693.6635927184215
PCYOX1,56.87648783562868
PCYT1A,36.82019890404527
PCYT1B,0.5741607701677731
PCYT2,6.506287802800077
PDE10A,0.05560460916467144
PDE11A,0.004770347771391385
PDE1A,0.04872709269151984
PDE1B,0.05086911442418998
PDE1C,0.0037661069839203367
PDE2A,0.2917527642127006
PDE3A,0.27893927976277527
PDE3B,0.4802151258374798
PDE4A,2.1115448433046144
PDE4B,0.9465922263113586
PDE4C,0.0039202714350270625
PDE4D,0.8372686340585543
PDE5A,0.7572382103799281
PDE6A,0.00023111654565561034
PDE6B,0.007185666252071199
PDE6C,0.0005773092459653255
PDE6H,0.0015370962927202787
PDE7A,1.453304389778361
PDE7B,0.07775756332084231
PDE8A,4.345494951713603
PDE8B,0.5089887287185758
PDE9A,6.451205571227977
PDF,0.2958153772248457
PDGFRA,1.1659818461773803
PDGFRB,53.78095366466583
PDHA1,149.11886554425726
PDHA2,0.0006360310422587779
PDHB,23.615423510669917
PDHX,16.397269004648397
PDIA2,0.010684031581326758
PDIA3,1915.0059592031596
PDIA4,773.1564491738505
PDIA5,44.10930040444513
PDIA6,669.117529554866
PDK1,1.6900300197300393
PDK2,4.0654564981650445
PDK3,3.6700156899802225
PDK4,0.22400089075192947
PDP1,3.3902623655356807
PDP2,0.7533171310308104
PDPK1,0.8699449782766786
PDPR,4.353444776760835
PDXK,19.423320572749937
PDXP,13.974373047135837
PDZD4,0.10196192827537386
PEAK1,1.6200336060493954
PECR,65.04076449869355
PEMT,34.40360823791958
PEPD,26.48915088964018
PEX11A,4.166846937883678
PFAS,33.50285386900493
PFKFB1,0.004594434601290708
PFKFB2,1.7034315644295253
PFKFB3,45.875484540609975
PFKFB4,1.1054595541936252
PFKL,229.0868991462974
PFKM,37.032109419299026
PFKP,2892.8085439427323
PGAM1,95.76093765308445
PGAM2,4.550727917693847
PGAM5,32.454715736142155
PGAP1,3.2325527036003825
PGD,19387.881057742557
PGGHG,0.02991860446325157
PGK1,858.9841319649254
PGK2,1.534082343885498
PGLS,1965.1474865796677
PGLYRP1,0.002922617108023841
PGLYRP2,13.13342928945454
PGLYRP3,22.52618715745238
PGLYRP4,1.2325843175678162
PGM1,197.8659405610767
PGM2,186.4527291358536
PGM2L1,0.9835441276424921
PGM3,50.81314931130554
PGP,23.417859654571743
PGS1,8.146822569422865
PHEX,0.06866249094987627
PHGDH,1149.6314515273352
PHKA1,0.18258846774774534
PHKA2,2.8667516117606
PHKB,19.579680047395218
PHKG1,0.016220060486028035
PHKG2,2.9212653752819877
PHLPP1,2.871768331292332
PHLPP2,0.34888145907357737
PHOSPHO1,0.04695301341744383
PHPT1,66.93744009145999
PHYH,13.976041756034755
PHYKPL,0.6462009571960334
PI4K2A,1.8500419225600135
PI4KA,1.3037514712272067
PI4KB,0.94763215765131
PIGA,3.62286785444968
PIGB,4.167603100301358
PIGC,27.048895835726743
PIGF,1.9054242026590311
PIGG,4.637640271180318
PIGH,1.7329633569916858
PIGK,1.1892716608920257
PIGL,1.1516669166282354
PIGM,1.5911009579824664
PIGN,3.775754166761319
PIGO,8.911765878606893
PIGP,10.52219711187497
PIGQ,14.504305878107363
PIGS,22.478432206362125
PIGT,12.8792877855365
PIGU,1.037259928826455
PIGV,2.3659574231609923
PIGW,2.937854094431834
PIGX,1.9868422981544085
PIGY,133.8241679705362
PIGZ,1.4645048039864772
PIK3C2A,0.652930897697538
PIK3C2B,1.671903954986596
PIK3C2G,0.004143930124647351
PIK3C3,0.12119533315846166
PIK3CA,10.741043452945982
PIK3CB,0.5220959095764569
PIK3CD,0.4569379582361973
PIK3CG,0.08590580213181997
PIK3R1,0.874265007703874
PIK3R2,60.75407870728052
PIK3R3,0.4276419580265774
PIK3R4,34.96689698926978
PIK3R5,0.19900728152887215
PIKFYVE,3.8344030083303675
PIM1,173.3720017659955
PIM2,5.757549566082025
PIM3,80.54846292669603
PIN1,934.6200968382582
PIN4,0.6650674572461832
PINK1,38.63405002692485
PIP4K2A,4.240362827810883
PIP4K2B,4.271464582702161
PIP4K2C,48.59831840877281
PIP5K1A,0.5391599499314684
PIP5K1B,0.030134944854724934
PIP5K1C,14.118336979528623
PIP5KL1,0.7707867929898281
PIPOX,1.1811908618109384
PISD,0.8413543457013121
PJA1,6.893610699848917
PJA2,45.217522046285886
PKLR,0.001947350270283504
PKM,541.3891072832749
PKMYT1,8.45717189401052
PKN1,76.93045967646859
PKN2,2.2993007450571032
PKN3,0.8755495888331288
PLA2G10,1.1224600454065823
PLA2G12A,0.3278584207576369
PLA2G12B,1.1304561412675453
PLA2G15,6.391530112740996
PLA2G16,10.110753091684098
PLA2G1B,0.0022888890763098388
PLA2G2A,91.01698430199144
PLA2G2C,0.3354345050980549
PLA2G2D,0.430306874309861
PLA2G2E,0.10480083352838437
PLA2G2F,0.0002435773685634261
PLA2G3,0.6951245642604927
PLA2G4A,26.8134280497882
PLA2G4B,0.006440470652394173
PLA2G4C,1.3280536671962018
PLA2G4D,0.05371341934571028
PLA2G4E,0.005180789952404942
PLA2G4F,4.687617296266316
PLA2G5,0.07297646043875694
PLA2G6,2.0486604840648677
PLA2G7,1.4073629099523457
PLB1,0.3261613575498601
PLCB1,1.633761090779549
PLCB2,0.357534649809686
PLCB3,2.4458543352688116
PLCB4,0.6479595458765606
PLCD1,12.36961592892447
PLCD3,5.525785731335105
PLCD4,0.5595677032804199
PLCE1,0.1547955981954876
PLCG1,0.880380973402102
PLCG2,1.9035051489985697
PLCH1,0.06430370907254254
PLCH2,1.5063789629960223
PLCL1,0.08868276316032961
PLCL2,0.19660244401709612
PLCXD2,0.027976551791444145
PLCZ1,0.023846207826954277
PLD1,21.466152535865124
PLD2,24.19398992373792
PLD3,28.70584851220126
PLD4,0.10178392805604256
PLD6,1.9725041499649099
PLG,0.00013023234881007624
PLIN1,0.009278749932791085
PLIN2,6.081129120264999
PLIN3,71.30830864200979
PLIN4,0.034911367516002
PLK1,4.118734232413979
PLK2,53.591863530436214
PLK3,3.0741634046370274
PLK4,0.3159421872905977
PLOD1,23.39272332761736
PLOD2,30.752960208786835
PLOD3,38.38741498620069
PLPBP,1.3790311261442316
PLPP1,5.389883230682263
PLPP2,2.123055391477898
PLPP3,4.2032094621878
PLPP4,0.019762828557283812
PLPP5,0.0656688155578048
PLPP6,0.050042688733332445
PLPP7,1.1305815492037874
PLPPR2,0.3307009692228308
PLPPR3,0.9307949846236876
PLPPR4,0.11900942508124815
PLPPR5,0.012456429933028047
PLTP,233.42277443343767
PLXNB3,23.122342638302317
PMM1,9.621584397269018
PMM2,130.0412851793072
PMPCA,40.24278958440065
PMVK,512.2530141717089
PNCK,14.537142954371879
PNKP,18.43812923899738
PNLIP,0.01735944451270558
PNLIPRP1,0.04876262171622993
PNLIPRP2,0.009287684843235356
PNLIPRP3,0.9159730608166915
PNMT,0.0022131055035284715
PNP,960.9979406866731
PNPLA2,55.28068758972968
PNPLA3,0.12918446168890496
PNPLA4,5.285292890515627
PNPLA6,0.6671277195364894
PNPLA7,0.27262873831937
PNPLA8,7.952660017860509
PNPO,9.92121054598413
PNPT1,1.9919555670979725
POLA1,2.5660734096237134
POLA2,2.347069610829472
POLB,10.078320052550222
POLD1,1.2995305074166326
POLD2,12.618488844960114
POLD3,0.23696403229749327
POLD4,130.33557907123256
POLE,0.022084086840071748
POLE2,0.1444766364397621
POLE3,41.06981922405469
POLE4,11.21857431158753
POLG,22.02201686208156
POLG2,0.9963392889610554
POLH,0.752667294192904
POLI,0.24722917722002025
POLK,3.3172936632076966
POLL,3.8251835632310884
POLM,4.342384562379881
POLN,0.004311909384484168
POLQ,0.5250959862211629
POLR1A,0.7715148602867304
POLR1B,0.7042174798223483
POLR1C,16.203414280235418
POLR1D,106.68832076415792
POLR1E,17.566421088153135
POLR2A,6.295485365280208
POLR2B,7.047891862956767
POLR2C,80.02821036978636
POLR2D,19.980781376139163
POLR2E,75.14244267798986
POLR2F,21.033420289244336
POLR2G,33.149945599630115
POLR2H,326.02933749598986
POLR2I,23.977009312466492
POLR2J,19.372987183120813
POLR2K,58.33084711738212
POLR2L,273.145389405417
POLR3A,0.1429500345787864
POLR3B,0.5397772705970272
POLR3C,1.0768909870861607
POLR3D,8.573364201594984
POLR3E,17.674021897232286
POLR3F,2.8461813529194373
POLR3G,0.5456340089133042
POLR3GL,14.803756217676455
POLR3K,13.317098053942845
POLRMT,5.851255802591361
POMGNT1,13.400388451243357
POMT1,3.679362676555778
POMT2,1.8839889301618753
PON3,0.08231024657099824
POR,517.542855619313
PPA1,726.4259335364097
PPA2,140.14532078742332
PPARA,3.2658371895442415
PPAT,4.044036622451987
PPCDC,0.8062194687827668
PPCS,39.97268967507717
PPEF1,0.06260062099584579
PPEF2,0.0475767992202525
PPIA,304.46518000029624
PPIAL4A,0.3354345050980549
PPIAL4C,0.3354345050980549
PPIAL4E,0.014211670904886106
PPIAL4G,7.713527304666021
PPIB,2301.756170346492
PPIC,81.57019139728398
PPID,435.6002883762098
PPIE,4.520625732748034
PPIF,447.25662160316466
PPIG,14.418878983902234
PPIH,413.5550736854613
PPIL1,80.24439523587996
PPIL2,0.5246846209472893
PPIL3,76.58756596931016
PPIL4,2.2076360139615536
PPIL6,0.04275431617737582
PPIP5K1,3.290761053947584
PPIP5K2,3.6097289016559464
PPM1A,0.7468954960121037
PPM1B,6.279602950726435
PPM1D,1.4082946252123805
PPM1E,0.0027026822226491826
PPM1F,16.15894784753053
PPM1G,29.733608174332833
PPM1K,0.44859349501102663
PPM1M,3.3028764932114263
PPOX,4.077945381726957
PPP1CA,382.15213255866706
PPP1CB,438.12718888686607
PPP1CC,51.340171896585076
PPP1R1A,0.00549615718999062
PPP1R1B,1.567786674110086
PPP1R2,58.64869520360581
PPP1R3A,0.0006077231689204498
PPP1R3B,1.298089673002243
PPP1R3C,0.1266758551917575
PPP2CA,242.46959560497
PPP2CB,51.68524061291327
PPP2R1A,758.7955910144859
PPP2R1B,8.510804673783616
PPP2R2A,114.64970357278669
PPP2R2B,1.461633837039118
PPP2R2C,25.389689432986614
PPP2R3A,4.427059676774867
PPP2R3B,0.11387620234336505
PPP3CA,395.97876376670723
PPP3CB,7.572381452339901
PPP3CC,3.6052327496702676
PPP3R1,257.67978804912457
PPP3R2,0.0004784527991150476
PPP4C,122.5686732827848
PPP5C,25.403030246329486
PPP6C,121.30452660826292
PPT1,4.994079508498216
PPT2,0.02351935080795406
PPWD1,9.46055494605505
PRAG1,0.3354345050980549
PRDX1,33682.05893684694
PRDX2,6789.281069276089
PRDX3,56.885070908462296
PRDX6,3506.0085886053594
PREP,107.721667229903
PRKAA1,17.803328684618656
PRKAA2,0.4692324137997176
PRKAB2,13.333883482644428
PRKACA,522.7049653888137
PRKACB,22.838296997001613
PRKACG,0.0037756228555515317
PRKAG2,2.478780913118294
PRKAR1A,25.53712216169326
PRKAR1B,16.69708518957856
PRKAR2A,14.94618524703737
PRKAR2B,4.604487651964114
PRKCA,5.297855513822755
PRKCB,0.05567825225914434
PRKCD,3.6683326432352685
PRKCE,0.5889167412578851
PRKCG,0.0009554175817654229
PRKCH,7.447016258434481
PRKCI,7.2012802909044655
PRKCQ,0.027321304290675325
PRKCSH,599.1650349115457
PRKCZ,3.165385118629739
PRKD1,0.11926951386703928
PRKD2,43.789081925764364
PRKD3,4.158293848015309
PRKDC,2.082974818299117
PRKG1,0.23450464903806523
PRKG2,0.18870359625816163
PRKN,0.21524163632635238
PRKX,18.867553978998888
PRKY,0.1019025576885126
PRODH,11.710206216425759
PRODH2,0.047452249121563574
PRPF19,634.4450094149583
PRPF4,228.03297643713557
PRPF4B,15.772883497827928
PRPS1,387.93380089555217
PRPS1L1,3.85086194944861
PRPS2,22.426417781127626
PRRT2,0.019394697369606105
PSAP,45.06341664634223
PSAT1,359.25664472063886
PSKH1,16.174134036328304
PSKH2,0.0008226672460988258
PSPH,609.052075257198
PSPHP1,0.3354345050980549
PTDSS1,270.6458712883655
PTDSS2,10.924235945142913
PTEN,5.1938626992924215
PTGDS,5.813286321141016
PTGES,40.58166948872539
PTGES2,61.548192556497206
PTGES3,5817.516552272611
PTGIS,19.492031939845976
PTGR1,1520.9753778133172
PTGS1,2.2591144708101805
PTGS2,1.2420933722031169
PTK2,8.357314832082858
PTK2B,6.179663357070303
PTK6,10.425013657693578
PTK7,4.59767578847013
PTP4A2,0.7398897522476812
PTP4A3,37.66778749035833
PTPDC1,1.047568849348677
PTPMT1,15.527810664917652
PTPN1,51.305302399665834
PTPN11,10.552023992104921
PTPN12,7.031417823546376
PTPN13,21.15165224535437
PTPN14,5.89053756747375
PTPN18,17.03536608091112
PTPN2,11.378401913463135
PTPN21,1.053663755322975
PTPN22,0.04482275709859148
PTPN23,8.773278333363505
PTPN3,1.9599099023367774
PTPN4,1.6844747743203845
PTPN5,0.001973086864163437
PTPN6,16.46101039048693
PTPN7,0.2027297516688546
PTPN9,0.7281349705949796
PTPRA,0.3033666216212569
PTPRB,1.91312577529811
PTPRC,1.1596702227657285
PTPRD,0.3641942669385864
PTPRE,1.846961650085977
PTPRF,127.28725165092827
PTPRG,1.9565947440447307
PTPRH,0.2597891589565424
PTPRJ,1.635504025903802
PTPRK,41.89884962278127
PTPRM,6.017439470869713
PTPRN,0.21432689245609965
PTPRN2,0.16279106590361647
PTPRO,0.06746853087861533
PTPRQ,0.1734555092684926
PTPRR,0.380257812822384
PTPRS,20.029553502871693
PTPRT,0.0018022841800470442
PTPRU,6.685124320413187
PTPRZ1,9.180161418973475
PTRH1,6.3745889887466705
PTRH2,917.8951301402113
PTS,12.949484596744307
PUS1,4.555092173086101
PXDN,2.754496375860246
PXDNL,0.018616333116026992
PXYLP1,0.3900283303635837
PYCR1,36.205310379239904
PYCR2,1008.6950443735614
PYCR3,18.52640291410028
PYGB,1550.8364082928995
PYGL,159.56133364693585
PYGM,0.14778590016115334
PYURF,0.6402221518630032
QARS,328.6914861355496
QDPR,217.85967098764817
QPCT,1.1203598348689876
QPRT,0.2697980264474321
QTRT1,14.261100466538148
QTRT2,3.0803803903498332
RAD1,1.0182802880737505
RAD18,0.7681337663910194
RAD9A,1.9096312640208948
RAF1,0.18494527489284102
RAG1,0.45434396380995784
RALBP1,72.54548124064063
RARS,310.55551033833666
RARS2,18.27762866758438
RBBP6,0.18327960462227216
RBKS,0.8388013190165781
RBP1,1627.2561622744424
RBP2,0.001728431092264075
RBP4,0.3151717648200748
RCHY1,0.47952054606886824
RCL1,6.923342359913297
RDH10,13.649120856822393
RDH11,239.83866316990597
RDH12,0.12191170181042128
RDH13,6.054185415440333
RDH14,1.0335468935973817
RDH16,5.041625671973693
RDH5,0.004812700586734052
RDH8,0.006052915909079368
REG3A,15.598236131061894
RENBP,1.1013188967085359
RET,0.021798257112915435
REV3L,1.3079690164147588
RFC5,14.502918256272306
RFK,7.723687348516144
RFWD3,8.180310608321353
RGL1,1.900408858849526
RHAG,0.3012257575781964
RHBG,0.0017760913171537664
RHCG,0.050453692867611005
RING1,1.7112747295840998
RIOK1,0.42433126170792185
RIOK2,0.150375340461834
RIOK3,33.339778080230495
RIPK1,7.724680107991478
RIPK2,3.9691051331680667
RIPK3,3.19268268464172
RIPK4,35.070956554432044
RIPOR1,1.8350848174091228
RNF103,5.2687190497590715
RNF115,17.942830077504826
RNF123,4.887825682998442
RNF125,0.07462649030893363
RNF126,74.70619917163101
RNF128,27.698641141769784
RNF13,23.583485204685246
RNF130,41.15271583929595
RNF133,0.653076452063379
RNF138,1.4565321495799222
RNF139,17.33954181541532
RNF14,12.876466043586921
RNF144A,1.4481579736541672
RNF144B,8.095519400267325
RNF146,5.044494161731671
RNF149,21.26677685578612
RNF152,0.7124059322951738
RNF167,167.17058087144494
RNF180,0.02360254321797706
RNF182,0.005864380490441649
RNF185,12.194906101496684
RNF187,186.982972680926
RNF19A,10.792582353629964
RNF19B,29.966630376225147
RNF2,12.820502931819815
RNF20,2.2969792502626327
RNF216,15.187394182616313
RNF217,16.72350558819231
RNF25,18.68045949644405
RNF31,8.053911051434145
RNF40,1.555003675725183
RNF41,7.1007698359830185
RNF5,5.2664785047467994e-05
RNF8,2.8321681844748006
RNGTT,3.010101442324395
RNMT,61.24271408458445
ROCK1,3.7801946916516855
ROCK2,8.02828492246113
ROR1,0.04432367756083073
ROR2,0.055882908163516584
RORA,2.510328774852584
ROS1,0.1303163307953202
RPAP2,0.8663525934900632
RPE,88.4314891168824
RPE65,0.0002584927041723773
RPIA,14.62179409284165
RPL14,767.5442063484448
RPN1,1370.4543459212882
RPN2,478.5653717626153
RPP14,24.068799029522324
RPS6KA1,21.223911691396605
RPS6KA2,2.276614349446245
RPS6KA3,1.9977637895964846
RPS6KA4,1.7710609820428305
RPS6KA5,0.2977890933831667
RPS6KA6,0.0017437705788263568
RPS6KB1,1.0544535685020908
RPS6KB2,60.01309724349892
RPS6KC1,0.6463591520648451
RPUSD4,0.4424759669627638
RRM1,72.99361833629155
RRM2,9.121183419555726
RRM2B,6.280474362137247
RTCA,1.6973780629584712
RWDD2A,0.6388560177756317
RXRA,78.04132171606328
RYK,27.082353000251697
SACM1L,6.034844074402411
SAE1,241.96299296841465
SAP130,0.9178287809793682
SARDH,0.15025675591188425
SARS,137.83910018255202
SARS2,2.369163375432548
SAT1,1905.340428056742
SAT2,54.772609247488155
SBK1,0.15909225265056792
SC5D,1.7142905425756392
SCARB1,2.643343615966283
SCARF2,4.38660010538186
SCD,293.2450224252996
SCD5,2.3484668314065087
SCLY,0.023642508044223152
SCP2,87.10284873257585
SDC1,155.91247505846533
SDHA,147.90077988013343
SDHB,245.1429575330943
SDHC,14.707741584717983
SDHD,1.3412476379926233
SDR16C5,2.7418158671373685
SDR42E1,6.228486521476852
SDR42E2,0.3354345050980549
SDR9C7,2.6090917633566875
SDS,7.694426092222132
SDSL,3.737436842300991
SEC11A,306.12521050301694
SEC11C,5.350391850394444
SELENOI,0.1784505883933933
SEPHS1,392.9313762060215
SEPHS2,38.93774851191091
SERPINA1,3.067819671992354
SERPINA3,3.7458757758967547
SETD1A,0.17657896728267353
SETD1B,2.6798668297637747
SETD2,0.019415046950669104
SETD5,8.327252012898068
SETD7,5.595745192684483
SETDB1,0.20854937496164666
SETDB2,0.6944765458783375
SETMAR,0.9366460597914843
SFXN3,1863.2492025425595
SGK1,49.88318897540419
SGK2,0.010908635635916018
SGK3,0.0076444831227083536
SGMS1,11.091026943413643
SGMS2,1.5082628027320342
SGPL1,64.99320473726335
SGPP1,1.8351571673503941
SGPP2,40.59296663205221
SGSH,7.376433824926839
SH3RF1,2.7751813344829888
SH3RF2,4.067702309062974
SH3RF3,0.6455451424358715
SHMT1,49.83256635739496
SHMT2,1147.9026673771618
SHPK,2.578039115876233
SHPRH,0.9076250405639668
SI,7.85879634320264e-05
SIAE,1.7355655060556123
SIAH1,16.749164528803714
SIAH2,36.427284756883815
SIK2,4.62582149953431
SIK3,1.3997132599091269
SIN3A,5.473636048568335
SIN3B,0.07904743207668577
SIRT1,2.103686558050084
SIRT2,64.12078922531498
SIRT3,5.1674841203319755
SIRT5,1.6568548236325829
SIRT6,11.830852308591291
SIRT7,26.532666162023954
SLC10A1,0.7013693927428878
SLC10A2,0.058748703153154044
SLC10A6,3.273291814715686
SLC11A1,0.7499269481054526
SLC11A2,4.118579497132291
SLC12A1,0.00010815109852520479
SLC12A2,0.8742025951437695
SLC12A3,0.0008700546074069048
SLC12A4,0.1889520691056735
SLC12A5,0.07756456313143227
SLC12A6,0.07988487471044267
SLC12A7,1.6496226419472495
SLC13A1,1.3898493503991496
SLC13A2,0.008760807732834004
SLC13A3,0.19126289868002608
SLC13A4,0.006806853145675602
SLC13A5,0.04928140943934139
SLC14A1,0.02671748152424636
SLC14A2,0.00367961640060145
SLC15A1,0.3649774329833085
SLC15A2,0.8796376375492795
SLC15A3,6.376881486963021
SLC15A4,7.385829193252922
SLC16A1,25.025763054411673
SLC16A10,0.2991296131951538
SLC16A2,1.5327157538724396
SLC16A3,93.98550339710927
SLC16A7,0.2158650003959336
SLC16A8,0.00789991234407868
SLC17A1,0.06505057075080632
SLC17A2,0.014797084619435076
SLC17A3,0.0480606884147512
SLC17A4,0.016758172785412122
SLC17A5,9.846339517429707
SLC17A6,0.03561924497624714
SLC17A7,0.02353471913894709
SLC17A8,0.0001413249413034172
SLC18A1,0.00021610937476025915
SLC18A2,1.469451087966182
SLC18A3,0.0013775688639645854
SLC19A1,3.360022474456776
SLC19A2,3.8162346604714648
SLC19A3,0.001969353579220284
SLC1A1,0.4821828406527887
SLC1A2,0.0024367085934976955
SLC1A3,0.4863620719165289
SLC1A4,6.829938426262751
SLC1A5,894.6014124333
SLC1A6,0.004647882298704262
SLC1A7,0.005714064417504594
SLC20A1,27.761375663725282
SLC20A2,49.30720067118123
SLC22A1,0.005202508259342957
SLC22A10,0.0019013429282032585
SLC22A11,0.0007326835110962809
SLC22A12,0.00019257798397174077
SLC22A13,0.0002654312334764096
SLC22A16,0.0010250124540806902
SLC22A18,138.83075834866855
SLC22A2,0.0007326835110962809
SLC22A3,0.08444627038642734
SLC22A4,0.3199611492404128
SLC22A5,2.7417681892875607
SLC22A6,0.3332262579895881
SLC22A7,0.0002655791481409144
SLC22A8,0.6796964855365107
SLC22A9,0.0022213137646917417
SLC23A1,0.003833903165709993
SLC23A2,9.458272954275003
SLC24A1,0.8891388339008396
SLC24A2,0.011084117307791293
SLC24A3,5.1017848041351215
SLC24A4,0.00027961079356904366
SLC25A1,848.265196007882
SLC25A10,23.620033699290925
SLC25A11,746.998415675239
SLC25A12,251.35879543281348
SLC25A13,102.0537334051955
SLC25A14,1.9543782768330702
SLC25A15,2.992373144947179
SLC25A16,1.5087886967239987
SLC25A17,5.933303286323405
SLC25A18,0.10488182300500971
SLC25A19,1.182126345814923
SLC25A2,0.011966178093084113
SLC25A20,2.4095925145021333
SLC25A21,0.13673086622201613
SLC25A22,7.9071301080716445
SLC25A26,2.6160252058390765
SLC25A27,0.15803847534168156
SLC25A28,35.649265771409326
SLC25A29,2.265280436172043
SLC25A3,1602.0054135789571
SLC25A37,3.86962834865961
SLC25A4,88.85123186553908
SLC25A5,6877.586425589613
SLC25A6,104.96640266095142
SLC26A1,0.03807812757428113
SLC26A11,2.4114582030726535
SLC26A2,0.5892630536504727
SLC26A3,0.16226921407916228
SLC26A4,0.012694983125482251
SLC26A6,2.0966299923900946
SLC26A7,0.004348222416823747
SLC26A8,0.0007794474913217894
SLC26A9,0.021608516535494053
SLC27A1,2.252759512427307
SLC27A2,0.3395056268050579
SLC27A3,19.52990369216882
SLC27A4,3.6780629895071435
SLC27A5,0.5355591057383182
SLC27A6,0.0010959482208120822
SLC28A1,0.00047425442419338443
SLC28A2,0.0002804610289887377
SLC28A3,1.2098959202342696
SLC29A1,10.509161324199683
SLC29A2,3.5219875093624133
SLC29A3,1.842953330169103
SLC29A4,3.559913177751547
SLC2A1,488.34819878470125
SLC2A10,0.6764486748326581
SLC2A11,0.9309962581011811
SLC2A12,3.6760914320133944
SLC2A13,0.15844571140688624
SLC2A14,0.05692876410768392
SLC2A2,0.00017424525000479945
SLC2A3,14.241432388905832
SLC2A4,0.03802906266074661
SLC2A5,1.3444876568248685
SLC2A6,1.5019659672620675
SLC2A7,0.0005483791758868498
SLC2A8,1.9357330698218398
SLC2A9,2.4125198579588214
SLC30A1,4.597837915314691
SLC30A6,5.107640867588146
SLC30A7,7.013813111467852
SLC31A1,8.857632528230294
SLC32A1,0.00026337505397397876
SLC33A1,1297.446046174909
SLC34A1,0.003349197143733994
SLC34A2,0.005546605339498202
SLC34A3,0.0008292968589522693
SLC35A1,4.4677314249809745
SLC35A2,18.939847715877487
SLC35A3,6.393205651696105
SLC35B2,0.9610250812144663
SLC35B4,0.549041373409638
SLC35C1,10.960732892948878
SLC35D1,1.4646664365278048
SLC35D2,8.100525072963293
SLC36A1,13.309162135952867
SLC36A2,0.0008409006031226663
SLC36A4,0.9767152779192948
SLC37A1,5.978651794909581
SLC37A4,2.457264581450445
SLC38A1,46.18290588018288
SLC38A2,170.97303793425047
SLC38A3,0.002799387935364223
SLC38A4,0.04395261598413746
SLC38A5,7.128657823240833
SLC39A7,4.603841139930164
SLC3A1,0.00030543069185275665
SLC3A2,243.086352601398
SLC40A1,72.57691859684704
SLC41A1,6.581335662725556
SLC41A2,0.6795285973019548
SLC43A1,0.4111841233191225
SLC43A2,7.700820515639129
SLC46A1,0.24567984382045396
SLC47A1,4.732505557180255
SLC47A2,2.2711594894406835
SLC4A1,0.0013329732356621418
SLC4A10,0.0005968476269191855
SLC4A2,6.591058620589344
SLC4A3,1.0771899673640837
SLC4A4,0.07642724182139272
SLC4A5,0.6441047910043693
SLC4A7,0.1445145245698293
SLC4A8,0.007833844012772933
SLC4A9,0.0005028284172314283
SLC51A,0.15730939956507933
SLC51B,0.1317954273752661
SLC52A1,0.11277172956640528
SLC52A2,0.09357936368667576
SLC52A3,0.28454763876001143
SLC5A1,0.08939228684608351
SLC5A10,30.400658131347747
SLC5A11,0.0008057478554440838
SLC5A12,0.9007692288645709
SLC5A2,0.010874435267664182
SLC5A3,1.0600740205627663
SLC5A5,0.0021210292610386026
SLC5A6,6.081746048676788
SLC5A7,0.0012626108986490915
SLC5A8,0.00018592748429343764
SLC5A9,0.0005021715600075719
SLC6A1,0.01592289720389294
SLC6A10P,4.063832754119442
SLC6A11,0.004888707346592993
SLC6A12,0.011648412867734522
SLC6A13,0.00054584872898725
SLC6A14,0.4172141618537933
SLC6A18,0.0016625783296456893
SLC6A19,0.0004664287667954381
SLC6A2,0.11139748512716181
SLC6A20,0.007939342875358447
SLC6A3,0.0006889986495550772
SLC6A4,0.004063845899907837
SLC6A5,0.10319845039380167
SLC6A6,1.6424337577895742
SLC6A7,0.0011164849531637541
SLC6A8,679.5829700846471
SLC6A9,5.653712568433639
SLC7A1,30.623090700306822
SLC7A10,0.44725159747283744
SLC7A11,10.416240722547391
SLC7A2,0.14334673519005464
SLC7A3,0.0003156630964125388
SLC7A5,56.66493912332919
SLC7A6,3.4151036836619073
SLC7A7,1.5837122109886204
SLC7A8,48.2442088942841
SLC7A9,0.013579487852909427
SLC8A1,0.12821411902733115
SLC8A2,0.028475270787194924
SLC8A3,0.0011140765970007328
SLC8B1,0.13932836983899105
SLC9A1,12.574378382727708
SLC9A2,1.9157565277209319
SLC9A3,2.1934762067984925
SLC9A4,0.014708847347398609
SLC9A5,0.09777382652405688
SLC9A7,4.714164652656897
SLC9A8,1.357622908661519
SLCO1A2,1.4405751363659127
SLCO1B1,0.0011263516037125078
SLCO1B3,0.22233985441735493
SLCO1C1,0.00044245234153240476
SLCO2A1,2.7576083938519407
SLCO2B1,2.7941693082458223
SLCO3A1,27.616530335028237
SLCO4A1,0.8672175982299548
SLK,24.694790716714763
SMARCD3,1.394768202445813
SMG1,0.5881509072067641
SMPD1,17.97096813760155
SMPD2,5.2884170194435365
SMPD3,0.04473227533022322
SMPD4,7.278420828353638
SMS,109.61752207272244
SMURF1,29.780606912659408
SMURF2,4.45211745590509
SMYD3,12.568981630991384
SNRK,3.1321561527036135
SOAT1,3.8238174482982106
SOAT2,0.00035861110728579987
SOD1,3535.9815160341354
SOD2,239.08755621563262
SOD3,4.7189365467474715
SORD,8.05023566436413
SPCS1,79.43214560826976
SPCS2,44.97911433848734
SPCS3,181.7269558037991
SPEG,0.5705880356769333
SPHK1,20.35342162012568
SPHK2,0.7500490759881963
SPR,512.5499134825832
SPRYD3,36.478412483398266
SPTLC1,36.04753257879996
SPTLC2,1.1743141760802105
SPTLC3,0.4400897735799596
SQLE,2.1404091699955323
SRC,15.439660270302179
SRD5A1,28.239222814377527
SRD5A2,0.0086566793175168
SRD5A3,3.244841836043694
SREBF1,65.78834706198452
SRM,472.0432008023819
SRMS,0.12756883728583615
SRPK1,10.532599298018637
SRPK2,17.650855864111907
SRPK3,0.0551411315570478
SSH1,2.142706575054893
SSH2,3.1358333930282245
SSH3,30.104128573822315
SSR4,1866.555234954933
SSU72,73.73137229030328
ST3GAL1,58.39110646401278
ST3GAL2,3.3980656522951933
ST3GAL3,3.786132026744913
ST3GAL4,5.6916847258502905
ST3GAL5,0.8246571857578799
ST3GAL6,0.1635858729987641
ST6GAL1,2.8967502418489777
ST6GALNAC1,0.42978505524684163
ST6GALNAC2,33.5515593779613
ST6GALNAC3,0.02681509381286193
ST6GALNAC4,9.361945678782764
ST6GALNAC5,0.10042520903819681
ST6GALNAC6,30.057829871640223
ST8SIA1,0.09356316489420304
ST8SIA4,0.18386202348923517
ST8SIA5,0.0018508983861720981
STAMBP,13.382414793991382
STAMBPL1,0.4955940177174226
STARD3,16.36367935125262
STK10,0.3772326434705754
STK11,25.745522837431878
STK16,1.016255494119858
STK17A,32.47349595048108
STK17B,6.210963969817549
STK19,0.4918049394326423
STK24,161.25267814807034
STK25,3.875474986058145
STK26,0.629690691282171
STK3,21.711261521168552
STK31,0.2651631747864784
STK32A,0.0030974008656764196
STK32B,10.495112262594674
STK32C,2.671671464750006
STK33,0.015110776448676864
STK35,7.527896008065027
STK36,0.6160898766648722
STK38,8.45383294055103
STK38L,10.821715464660397
STK39,34.13421763964422
STK4,0.8642382811300591
STRA6,1.373058854895583
STS,0.4595279964121989
STT3A,12.69487130091356
STT3B,48.953273884095054
STUB1,57.79122024939785
STYK1,2.548097223858248
STYXL1,29.14605204714589
SUCLA2,89.0794450994396
SUCLG1,297.2639254422042
SUCLG2,182.92920812243466
SULT1A1,4.995052404125314
SULT1A2,0.34278900133568707
SULT1A3,3.7503041530200782
SULT1B1,0.004986629089972104
SULT1C2,0.001611952472515442
SULT1C4,0.027876352012400574
SULT1E1,0.015410242077756393
SULT2A1,3.553854432798619
SULT2B1,32.00803200816946
SULT4A1,0.08935040876295203
SUOX,2.3092852141707363
SUV39H1,2.6279941071521247
SUV39H2,0.9758199196411231
SYK,13.699298859937466
SYNJ1,0.024327378806826373
SYNJ2,0.026598905081326486
SYVN1,0.7376743199286436
TAF1,1.407960447327224
TALDO1,3521.5158660493676
TAOK1,2.4541726235962367
TAOK2,6.355121478525557
TAOK3,3.591853609052989
TARS,472.9588704365495
TARS2,1.4522837702260076
TARSL2,3.2389403197114555
TAT,0.0006416305913927762
TBCB,153.03818604704898
TBK1,0.5817723193803174
TBL1X,14.13308686776421
TBL1XR1,11.841253059764973
TBXAS1,0.7420038384386792
TCIRG1,14.112833904353767
TDO2,0.9653930420536485
TECR,375.98851162387706
TECRL,0.0029850142601320806
TENT2,0.15316461371698084
TENT4A,0.45357387630786017
TESK1,38.32505952376108
TESK2,0.9855077687939131
TFRC,383.0840412719773
TGDS,2.453648391072364
TGFBR1,9.681489388934743
TGFBR2,12.768505912933144
TGM1,0.3255136414914112
TGM2,54.97823195104931
TGM3,1.4123268415836576
TGM4,0.00564746772429052
TGM5,0.3905034420644085
TGM6,0.0008349778575735035
TGM7,0.0003069387840084788
TGS1,6.244202066334409
TH,0.0010828806965550836
THNSL1,1.2034072322444727
THTPA,0.991093578910544
TIAM2,0.2605045032818577
TICRR,0.05167590734814967
TIPARP,16.8485120497801
TK1,45.50654795803821
TK2,2.1543923716079676
TKFC,17.655218887752373
TKT,1299.7920425537716
TKTL1,0.002206033326730099
TKTL2,0.3040568295727089
TLK1,22.862125402387274
TLK2,0.12090885627787896
TM7SF2,5.0484799733517685
TMEM91,3.7700182749053655
TMLHE,2.6131554598679854
TMX3,0.5976053049689152
TNFRSF21,42.40173313695936
TNIK,0.6136173006251731
TNK1,8.738352796843868
TNK2,29.15464447954913
TNKS,3.6052253729397568
TNKS2,13.95516717449102
TNNI3K,0.3354345050980549
TNS2,1.434061794943761
TOPORS,6.605856656536107
TP53RK,5.699726919287401
TPH1,0.0011645931101633559
TPH2,0.08567194949607831
TPI1,13092.881409479553
TPI1P2,21.9401094792673
TPK1,0.08620729889572906
TPMT,6.580187953460123
TPO,0.001428209085416006
TPP1,90.76509173261549
TPSAB1,18.67389842324158
TPSB2,20.28986324214062
TPSD1,1.33916419785889
TPST1,58.099744121565635
TPST2,42.85694983724712
TPTE,0.3354345050980549
TPTE2,0.3354345050980549
TRAF7,159.38127646408367
TRDMT1,0.0493719529117048
TREH,0.010002266600942927
TREX1,2.4132050626854094
TREX2,0.10271271316232551
TRHDE,0.00023647709739932194
TRIB3,46.53098299668041
TRIM11,23.023479116749968
TRIM32,1.5034364190742477
TRIM33,0.7326495890856215
TRIM63,0.037047656250598464
TRIO,1.2514206222036626
TRIP12,14.224724440188592
TRIT1,4.018437303411319
TRMT1,5.552173577332589
TRMT11,3.0056322889197293
TRMT1L,2.8656604815784874
TRMU,2.616432407589489
TRPM6,0.0014328118325498283
TRPM7,1.708184569295275
TSSK1B,0.01077705377662455
TSSK2,0.0231714118888251
TSSK3,0.14644511735735732
TSSK4,0.04874052795300749
TSSK6,0.22638819879896704
TST,20.029322473501598
TSTA3,665.205740809869
TTC3,11.67670489732593
TTK,0.12719752038676144
TTL,1.4077296620673216
TTLL10,0.0014392862899738053
TTN,0.05790230784094483
TUSC3,3.24823241654315
TUT1,0.26286699414678766
TUT4,0.6950417161591614
TUT7,0.1907089895411479
TXN,6721.449457247578
TXN2,43.15882722992771
TXNRD1,610.9474507742765
TXNRD2,4.714815002453281
TXNRD3,1.4946802067144431
TYMP,191.8965103359255
TYMS,53.25157820178423
TYR,0.1046323172264974
TYRO3,4.228009392990281
TYRP1,0.014971536483421017
UAP1,28.082814049884387
UAP1L1,5.878502473775656
UBA1,775.0546126654214
UBA2,106.21615862071424
UBA3,33.42468795116188
UBA6,38.87060283614166
UBA7,0.8832355967797125
UBE2A,68.83228011657624
UBE2B,39.204010852266194
UBE2C,11.28569655874456
UBE2D1,5.779612566649326
UBE2D2,37.68198950527091
UBE2D3,725.3588931656802
UBE2D4,0.6668308844384877
UBE2E1,42.5268584113305
UBE2E2,4.676813299099704
UBE2E3,19.08638419791523
UBE2F,0.8969129810936151
UBE2G1,26.197939627256602
UBE2G2,2.6597845108831346
UBE2H,353.8248214315119
UBE2I,1197.917598772902
UBE2J1,7.982543558357185
UBE2J2,10.231585325931889
UBE2K,319.59640131961424
UBE2L3,974.5753316960529
UBE2L6,16.12248516464123
UBE2M,153.5720519562138
UBE2N,14.508192737211019
UBE2NL,4.350340597105633
UBE2O,8.405855168890456
UBE2Q1,7.266816398048396
UBE2Q2,2.046906934820611
UBE2QL1,0.07470173644878762
UBE2R2,17.965568114781643
UBE2S,34.1732238760661
UBE2T,5.3520487077378105
UBE2U,0.023784263818109993
UBE2W,5.667029285415909
UBE2Z,105.712289229511
UBE3A,12.243435754175868
UBE3B,3.458989791360377
UBE3C,3.8844649888543143
UBE4A,0.2934220118495569
UBE4B,3.694015113031924
UBLCP1,92.75000797900485
UBR1,0.35676424950995345
UBR2,2.6993206718979734
UBR3,0.043044642346891836
UBR4,6.382227858286609
UBR5,0.5552351479835738
UBR7,5.685020106333009
UCK1,8.01320908836626
UCK2,12.488587756388693
UCKL1,14.687037887173107
UCP1,0.0010140681396562416
UCP2,10.373831144416139
UCP3,0.008127138097864958
UEVLD,8.091167205410784
UGCG,10.216697298158033
UGDH,97.80224622119272
UGGT2,1.6635651729074683
UGP2,1159.2781868314005
UGT1A1,0.0029633676523805816
UGT1A10,0.14272264379251745
UGT1A3,0.00030079820648815813
UGT1A4,0.00029557241629103763
UGT1A5,0.4044927492424471
UGT1A6,39.78919070151435
UGT1A7,1.9571958263048759
UGT1A8,0.010087215009759547
UGT1A9,0.0037994368913464196
UGT2A1,0.001269465981834436
UGT2A3,1.2389146853275619
UGT2B10,1.2536713325042186
UGT2B11,0.23720441855058141
UGT2B15,0.0018932470353320637
UGT2B17,0.04042870469938875
UGT2B28,0.6936387983112186
UGT2B4,0.7544150219594951
UGT2B7,0.1550237091590488
UGT3A1,0.12021469926971337
UGT3A2,0.0007889401291708686
UGT8,0.8196866834457062
UHMK1,13.824548854253106
UHRF1,0.5063900525487625
UHRF2,4.165619444351511
ULK1,25.88571651136378
ULK3,17.833665522619917
ULK4,0.09471061858293832
UMPS,221.34683274049593
UPB1,0.0009675237218027815
UPP1,22.182398643639317
UPP2,0.0007056929615900087
UPRT,0.40651866397347697
UQCR10,48.42084138499651
UQCR11,153.82503133558725
UQCRB,30.94989803507623
UQCRC1,1574.8349656238986
UQCRC2,3192.7273398393027
UQCRFS1,232.50665946610346
UQCRH,39.55934575198095
UQCRQ,63.37538942303155
UROC1,0.0017248551383427658
UROD,23.647209102039017
UROS,21.843856662994206
USP1,4.613154651206571
USP10,5.562327632621786
USP11,15.679657199492393
USP12,7.920406499716145
USP13,1.0635714508156693
USP14,215.0855288945471
USP15,2.9284800099084536
USP16,12.34102535789198
USP17L2,0.0025006835084656776
USP17L22,0.04998256910149056
USP17L30,0.050968258904732194
USP17L5,0.050968258904732194
USP17L9P,0.3354345050980549
USP18,0.3115977039418305
USP19,0.5534480582957833
USP2,0.1117236417869308
USP20,3.8085536547351753
USP21,10.023272014801261
USP22,95.70136673350214
USP24,0.747301488712424
USP25,0.08354551512518907
USP26,0.08118014005684498
USP28,1.5129422535657788
USP29,0.08228852752006045
USP3,0.6510660930808332
USP30,0.06813240252527018
USP31,5.0539572588726385
USP32,0.4637461559657346
USP33,4.706762320646214
USP34,7.875458273812508
USP35,0.6875468306529251
USP36,6.455480353437099
USP37,1.2931632102738821
USP38,3.1524385889847886
USP4,1.5592787041153415
USP40,0.3881342510289615
USP41,0.01834435481333142
USP42,4.821154061960365
USP43,2.847501021184233
USP44,0.010303184664293535
USP45,0.3413199967223122
USP46,1.4535433373012316
USP47,3.34199774810883
USP48,0.191076418447441
USP49,0.03622055860731549
USP51,0.09590996225296504
USP6,0.01634380789392482
USP7,32.64676191403804
USP8,0.6490091320874058
USP9X,5.795779449231271
USP9Y,0.023502043903231563
UST,9.669476828634206
UXS1,32.164209184958324
VARS,39.43646011695842
VARS2,13.442165440193394
VKORC1,95.95828402058314
VNN1,0.023655092201669253
VNN2,0.023748230640681343
VNN3,0.010365740342876954
VRK1,15.810303097318881
VRK2,5.694595434745831
VRK3,9.573768328073779
WARS,549.4749060833298
WARS2,8.355500343816985
WDYHV1,14.235899744698406
WEE1,11.769933665715383
WEE2,0.0026475526084558513
WNK1,5.791682425080469
WNK2,2.739705688668572
WNK3,0.003129378317290123
WNK4,0.06585425361156556
WWOX,2.21371237891457
WWP1,17.46469456592683
WWP2,0.10554062897793813
XDH,1.3915910008754697
XPO6,0.4201698870571634
XPO7,17.96138209295029
XYLB,0.23740351721234557
XYLT1,3.348605771093834
XYLT2,9.38860869662277
YARS,2136.4892986193076
YARS2,23.067094225583784
YES1,51.263157083268524
ZADH2,1.8794924115191367
ZAP70,0.047941732541106834
ZC3HAV1,2.240116386335917
ZNRD1,0.8937306040660673
ZNRF1,9.523012629668747
ZNRF2,2.8705658177254914
ZSWIM2,0.0007610348107393204
