GENE,ENVISION
LRP2,0.976118
SETDB1,0.828847
RPS6KA6,0.664294
HS6ST3,0.915043
